read_db -super_threading -from_tcl {4Aw+EkMzfnx0GZSZ8EGMmxzd4nZNX7lmbwE/QWQ+dD+nP1kEgZR//9KR/UnHMCAfTe5QC61NEURB kCZ/vOvykbCZS7xf2Taneanw/1RdMDA4aARHVyJr6b1FFWcfCbNcv3gJrVJWJtsY9fFlA8xKIFEX KeHevwlr9NeFM4bcZFFcmaVqm5aNZdAsnaDMWul7Mx1ivwYgdVKq39yCg7U8yfjKuViY4N7VfHHl 3yL+RKoRx9a9ECzTTvV4zVdMr/ldTvK6CgR3QwFZFSX9w9TIQQKwFD+gb+cDvVqM9UUt/PJqRIgE 3MDCledgqhJ9zeokRSRr7bWMi+SOSEP17X2FbBkN0ymGonT6c5Gr8GAbwDR59GR7sr+qppPPl91s HhQPajKXL+wqs8GNb+yBDbkuShxZbGLfsCgvOORknCCjYVrEhZHasfu9rYLjmM2YxjxNaGV5nuOB urNVk3aj6pkzYfCsxLMMhrQr1MGzV4zOePTUK345sQo86Jb9VvO7amLW3884JNxUo5uCb2sPk7d3 j9GCTApvXcI35uhSwS2aFMvXTgaJp/kXlgqlnxE0Xr/yE4ArtWsvudO+Kx//7RnFvNFx7PpAmhRn VvAMOGqiuKQdT2uuFP8jl1tv2a/skIL/awrfFELMTexz6HwwlbiksecFQY9KIGr6bkbR0oWZWq7i xWNmSuXChZGGkKyCNfHv1uGp4rUZ/jsaa8TUcjsS3GKIpF33coEMIuiys9OlVOZ7KedUfFriBKJJ ROxXyw76ddMBIfo0xqbamsGaNIlG5GFiQoEfZrEBBocFjprDGFUJNSYudFb6bRZ46qtOP2lxR1Qs /XzIYcvF9fRBZMMv8RHzuK9Ae6zpp6or+dTqlBKOmiQmVQf3SNlZ4fR9s5HLklaDgelA9017xoSl /uqgEF+HIBboqoJ2SPdcVC2rLfh/Nl8bsfQaPpyQd+jYQl8LUGgqDpEGW5NkqB9yfaZTHEwjbFe2 2weYAryVAf/nNvZi+zxiN58jWlL0v1sm6YmgQDF/0mwTOqEWu3PVYxxdpy8T6ONxqN1t/lAfIpdB UrdGDHPPstyAm/q3YR0SGq8lIYcWAmX5zBi9dTwYmnd14Q9SpbbYlHzOmK+sPqy1412YBj7bg3Re G9cuOukC2Ba++9hZtcWC9GtDbsesbafMVGiqGLlOi5LjmDe7aVp1zRr5xQ6HimYDZFzlmgoNQgOj IKAnbcjPjQh2U2LHpa4TvTjYGTfxdaVo2ERdRMzd2yWnEmkpRzuhL2rd/J2ZFGT8nY8S5/6uLjry ZhbizE/f/Mth/oGkCpwThk3xsLNzf8O4M3d2YaTTBVbYBjdVKS0lvSvHR2twoQAlwqJgLU/nUYMi pFsyKsj4F0GQNEdLBY4DfcEu0bRPyPYP39T/p7qfiGLeVmB/UyLD2OP4B9UQG8/Jmn7x80qgM+Jt iPxz/ic8LtI/r9VsC9SYNlGf/G65DmScoTnLj76iXpbktQWkh5OhP+M3CgH4bvM7XDatlno+jvtD 4PaH5vxnW0mTGlyf/qtr5dlJCQf5JG0SwgArgxzxqblWJJgt+32MAYCR18ndIrc59rogw1jhOwRF dgjujWpz+vs0V11QPOgw/0LJA2GEx6Jy+F9RXPCSgAMdmSfq680h+KVqb01VBRr+aPM0LW0q+ew2 lw5FjFg3QZ1AS0VVzyh24q4tRioqTDDTg7sa0eM8lLNs3Sj0or0LfgrW1PHOuT+gfQ3ENo7kKTmA N4utVUZywgr5tHfxEdK9EFRHQp7k4d3NCVy8qq+bTgKiXQCaNsgN4Z+J+tCVJRICc5YiNDFpo6Hy D4Af9Slltcp1NqGw8GG94JYhPJgytsCHovJBxm9ALyNMmxTO3oUvBFfTLPXgWi2GrJG1WGI9gSL0 s5yKq+i7U70fCn3Kz3qgPPq+FsN4Q4bd9JxvH0ZiJYOUiPUWfnprQYnxv3b3YEYgZJTFjBGBcBtU S/n8ywm8HfK3MayzL5rEXT5M5+9lDas4KbHFY7nK88Qh3VUTsLeZS+1DMsJMpvIQ2W/nnXkIe2/W h/58jZehHCDnW3UrGSpbt3+onrdsB6wghmnGfMZh61/xL0jdq3bkSUZG4fu3wE58aqx75bviueAx KgiFT9Qcx5nNEggN6ZG3hOaFpLHp+9tMZrEFrlPQSjb2sFfdlW0Vb+uBLd9mpmCtI+wIV4RUK0xj OCnBUKyw9KmpS1Uwt/s18GIGXvdriuOckw/7rDDweUiXOogqybQvvaMZPUzTH+NlsejNvG1+kI0R NG9/KI6lRorkCrtHdrC0b7Op7/ztcUHVK/onLTBKNY0iZoOhKAfT/5Gv+pmf7nfu9sjvzM1wBccU 3J+NGFwp75lYG25gE86iXliZUjQOT55ykBrZ1wzJl0MkB3yLvwxIY9nK4h6yIlx314qBOnaSYBW2 Ei6b6nW8Jhcx2yFKQJitCTkoGZBFLjtv/1ysg9bLIZkQYhHA0jmlp4rvDpGnYAFFqaN+L2vH4OVc omXqRFsX2NbEdoxc2hRwzJ4r8k+2Airby3rCWrWNUXqFEUpRNPy/0kYx0vDq6eDsoenQRuVN4q0m tOab5G6VgBOyRTzRVb5GJVRP72ju2XHC1EsLFaxyTRDlQIUwlnaSwSpO/kDP87L5LoOjOsJvD0hd TPAoF/vXzEWWoA/DOOyp7oq7o2a8NwoI/sfGQcypQ+zOgzkrozHWtKsSa13kXF+pBKeyuWWToXZI VhAqxXiCullTFcgfduA4RPTm/CYKERtbkbJG4R67Wu/Rol4p2NEUI7IYTJZfRX78XhDmFySPUun5 1A6MN0cjUY8E40R/V93Y1TgFwsLylkK/t7QhErLBew9FYpC7+1jBI9R32W/G4Abw/sB0Em+bAiqg wn0dwxruFIgkpoBwI55wBpuxk9JfmJP+uVTvlqBLc+z4NJLqECBGrFTlMs1PoPaCiGlCQXRe+h7i 9fcSX5F+jZ8H/OufHvoTVXcjRLHIKZrPR+IBarSI4JsXTghhUjvC9JZ4ZYZyqam65+GZ5Bb/3iBN l+FdhEo9/lflLpr8vXePDwjlwh+FZrDWel9pCluZadyxlC6eKWSrshw/aIXFTHtHHJ9ri8DaoTB/ n872m25r3+b24qVQNwPrSQp09HrQP4ltrcLAGd4hz3L5xacNp2vtA2eUjJClyS0k7QoZ0YFqMPuv wqIkGEkkVNxkPk24HhfJNv9Pbf0yXTG1/GXztcaQelJdAtu5TgyLCc7abkBm9op48wI81y1oWAi3 LocOj7U69q9TkJH0Yv5VrWtgG2wxngrc5tvmSGx7QlpH5OdAONDNpPshGXCtf53wJ6R4DtSK8vfI Rm6rLTuRTfjPjdh5Hc0p8iP0MtGnhyZ4Aj+h01ZRb40RZh3Qp7cuw+v5+MZB0gfwTEqdxEdMLqVn 1RKfv+nF0wgl58Tpvau3mo6XFhne9eDuhE1dxwXwmR/uupX77gHRCGMbJTIEa6fgSjg6urgiXvST 6nxnbjUnDikvcv9jMeivPz2kYKOSARELamkSJlb+012THFFKZfQMlO9wexAj1PJMLAt5VmVKE88Y 3dDqO4BgToLSK3MLD2VYtLuBFXrGDqjur00DKqtz60ElwBKZCEqMyydw02ScoeVnSJBQgmRtevl6 KkAg+VIj8ry1zxaC/jV8HnhiuAZG1wAyxAM/2PCIT8U+upeFoHIS8OThCJ7Rl/KgBgOUQrt/SJb6 d/2owrv47Fm1T2J2i/59ESrWp+e9foBHgb84UdC5WRwU9F2PzHVRsmzWeWcsvbuh0fl9hOO55H3R O1GB289kHRHgZ5d5M1/mZRCRoTTdDnNe8BeF1TdeMAT5PkWXeKTNq9JsfWdZYitxGp4CecK+rkTO GQqUb5BDOZYk7GPMclJVzcoyAQyZTepVOaMeRU4/ypAUK0yUHU29fM1yJrCTCGHuBaJOn9K2FOvA ZXncDadiCbjxOot0AYWfc0jzJKk0apwdatabk5ojmiEDx6uFKUQ2eqV+mz8gRDWq+Kl3prCzrU+o /a84jpWxluQx/qjCxniOr0YVpO19bc4nkw2I05Wx1CqCiwegsrSOMTKpEgAjxktvBkEhiY6QWvO5 iceFiBgLrBsrH3xYGNITeoUFNP3gq2EI9fGFNWGc+SkxUx5Zgd4WLU0jI+aNAQ4yOhk5n7GLf+sM +KnFbMlINAWC53DoDJeOP4tLvqxTDcNGT18FIbDp7kYk+EF9fh6FFVZBPVReNI0FnPNsntyMDI5N nbouhXGhcwQm+Q0UPOCU952UrSJKbVjWNXG8MD7NfL4E6jgHN5i+dCPkMbaB/5YsS7BKvpAATrJW V6tSKhhHXji5SoRDDb55y2RhsPtjXXuM+hFr+Un2dagHWWeAWAREb5QZYdXzzaTmnCjUnMoCol2q Pbr5zVbBcEr/YR/irNo0BLgbpK9N0BttHC7Yi3ErJ643JOBdGwh/IjToxsu2bMPS8yOpZXjs0v5P l8apfXydnEezOk4ViOUravKQ67L5CCk3FlKYY22xUndX7ISIUqQHn0nZId7+5sSsTEuXtoZxEFn2 BDS+d2MDegkys0ixGVERGpgb7G6dPW+15RofZxC1SwpBp9Zfwupxj5YM397XYp72N3MFOZtqnXQx 9ZWADUK4CzmwxC6hKXLRXuGtB0vfbA15VlTAlEpK/TQBDxfDa6dkvFbCokZKPvZfh85WxLjuc8nk TP5PolO/xLnOqkSHHAFaw46r4TvXgW5h4EPO/ANtmqCk9rEXYd3Q2oplCBcOy59ix3MsUTKSuNqP hRczPt2Uz1BrOa+d2mkrAcwZuiyzALOE0DhIbb84XSwDF+iSsnLtVpQmCW8z1Lw3D+dqc4Qp6SBL Yk2FjmxjnBVeUYcwjaLGwsfWpaCwoSPr+6Q3V3QbpEthWo3EGIBX8gFisZlJioOqDjEybTO/km+Q sNc9jM7NEc4NuWeAroq5NPFpYJGFaF4qduJ9S2AQ7nn7a3SClkdwEztFgU1kkR+9t75bIE5ZYmBV mQanajlvhtSXNvgsnD+f2gkcvh7DUOJz/97DXC3cd4hkdpVsZsn3FLFfTgXQakeJG6hnF978Yj9p EKkpdhLJFEa3If9S5gfmvxnMB1nEHDFCWHlP+kvjUnc/8eg94qrFXWcjfb7ghGV3rE55QJZpYu2F 8BAwhnIjLaOGgK4NI1Pzpe32lTUqsSbHBDeNicyYO2BcFhJ3LFvfgcVVN52dPVFARwjp8Pmmps5q 7rDJlo+/1l0EDKIUR1BohPcxktJmIsuNTbpCOpTJ+bxikm8Y4Slaz2X+pTMRDcg7+KJhzHCatse7 xHTzIEr4hp7I7tcKLdHzckerLvpg+grCHXnQWjSNAOVpnyhYfE618EUqIQvzgM/15qt39Nb60Sct nnw5grc1gGxvrUCSNXeMyQRxiJVfV8BJTsr7HyT6rThdBT2ETF77Ro89vn6Zj1XC+35zYc7zfU1G PNaZ8xosRAgD/DG9DUnTyPLrJIHUKFAz+q3B2J18EdRbtrzknqF0T1DbjXW0zkIZ4s+j9UVSeGnJ 0Kr7JGWnU6U95CDLBTT2QNo8sCRG9EXOtHEPpmTF1MVqLTK7AQcEsHiG1iSSN/stcMOfW5XGcr0F Ep/wx5YEOwOqYdhIpGOew0yfVhpMXg8ngLEqG3zbelzckEOv+YWKV8etfQCGi67MOO4GP+gxoBbp GQ/Ctj8DwmBrVmfaPuf63YEqp6C7HOS+gp46QBMrR3WnceJwjojQPHqkEasYLLYcW1YDMg8O1txA H5BNxnWUWgYIiNq1YzmgeECD6zpQ2gEe5zs1vfuGGtPOVkbr7pW61t2Z9/gNMB6B1Wfcm1BpkDSo hyvYQriK6Me8wj53ex5fatCE4W9gXiuCx/00495DPiHdevuf5lGG1tc2cinPIMG5F7UCYsup6X+B OJWfp1pOpPo6NG6Xt42L+eD/X1F6rHTLsOnI3HnM9ikb58J7NLEuELT6EjlWdu2wklqToYae18gN DGQVkO+nUxZ2JrgVIRt3w25zkcaZ70h6mKu3Gyvz1uUyemZXzrRjXfo88U4EqHuNQFHJ+bAUJgP9 ouXJgm7nUc57Q/ALARvKgcKOvrGg+28xjMLa4zNtfKdFcbG+lDvTBwwldMCHSAHOH+tw1GK4gjz/ xamRSfDOVMm0ohQIUZE1Q2kw59ER+9ORxe2wrW2fLPfKrOlLLfVF/eB9wSRPfOD+im9AVDaXgCft L2d58EB59kj5Du91XDgrqnbuuDoZ2BvRDiofwbpTq6Whd7sJbGI5JIUO0QhvCPDjJOzrAgduq49G rNmEEDJpVvRixYrDJOZzdJ0p+41+3YTKFNBrPTaiaQsnkc6yf2Co/CM9aK1HROvBdrUoHpLzt45B /ZRf5TxC8/e1BOuPKduIk56UMjTO/sYF1pQ+jizwmAWNdT4p2Gzb/BAz8juSr2lGJVH5eDAZy7P4 R7CdKURCkPQm04mXBdEnizYOCzcHuU9JkK0nuPZGU2RDUHP8/Ypaa/cVO41I4qAOcMvR2t0FlIoq jbhaRGPPyGQxp82BsZGudVAdpMiDpJT3c/83p7iGe9AJXIfVUhjx8fcX+oG2pG52glviRUyAAEVM 0ifjJKxxveC8mfXt/GrrlvlyzAvbLK9YAsnvWsQp4JBjK4RGYtnmawqRMTqjhGX4GqKrwmVtUejl 7yOz9ZLgQSfw97QTsT/YsfWXELvFW1S+QuuZcx6uvym9BXC9xqHaZgHj9vANbjNAAmiTc6X6bJYh t9rf7gSD5muMPZJ83i2ruCi6AIMXYc8+54mJ4hgeAhiupj6AtLL114jGiwPop36an8ZlvZKfeOi+ cvqJlyUgW3X7L7TLI+UJ+xc9NNbXF2UvbdhwRd4FX94B2sd3AsLOMxof2quUq8OYo5yxYYfjOO5y tEtuoh8uuZ6ypCGIa6SXCiwdIV7Bu7fTIfDploBRDY7/8rMKvQrNedprYzs/eNOgOnSmXZUh809c lBYYGxjCDYsPg8xFb1GI2eu0ldOxPFG8Iwe8c+A7bgUB3Q5nI5QShU9IdjuGiPbh2rID0VAKmBnp ZqWyNpJcwFPVQVVndHKhFNoDynnA3S+9ViLos92KFbTHsS8TY57EKmBxeYeDfrcbqFkei6/ry6ya Bo87+yL9J/kBrtf7+Yo3XHqIeL+p9rZZglNr8ZSqQ/lZZ4ob0OiIpTYhl3j7P4lRv4wIHXfsFHuL dYTfdMM5MJ2Fwrz1uCH0zod3RaUUmwh+41CE9X/mKaF2ew2Hnytx1NjknUNSQf0cmWP3Y4JhtoWT sftyoVm8wKx5lhfiY9RTEH2cs3WRdPTDJuKNZ0z2zKOUlPLvqlHKCeYN5nmVf9HUSBIop+c5ZUZg rMbQUFhpgBpTbzeS7890f+TnHVDAzYyPdIr2LmwDh866kwyUEfRi9zqfsLTG1eW3r+EWp0JLw2K+ mOiZJsDHmGvRVih47gwOFySE6YcGMw2Qa5YkXQV99U099w09GQfOHQadme9ou8WbwP0uTEYGEjbH 2gtktcNKgSsFFgw5O1uq70F6qTHLeDiRL15Loa0XVbN9i2taw99elBoWm5izsqH+8nMAPbXNl7CR RTsdhift5AMZ5QI4NcPyHMljqLQ2O1u56uqKq0TOJIMwotDHC7HKPLrmhgZa76nz53xUUryWF1p9 062QLsLFONLcoBobR3zEsSOv3fhVnus/oyicTyd3UqAdt2FAp1m4j/X87xbnNhaVdZZ56mzhKXH0 eESWwImQaAN2bS13ssJvdSxInJVLu77DkLK5nWijG6/MxK54pcBeM2OhF+5TpbYAMiGTlf7W+SBt dagxrbOFfjLwO1aWWdpzv3+JNAXaoDQ2PSxePUMr4sCq9kzag8lfAsbXSxpxpW8Lappxdt9J0P3L xmIh/ml/8yanbRfQo9gkTz1pNX9KOY1DaLoWxjKkz9186RMQVwJnWtDznEtnV+0VHH/XPLzdqp4O CdHPpdLQL0nLbelQfmzSr4D7IeUH29c/4wfCxUWxNK93LoY5eC30xupU0vUp5nGqLZLJYfN2KyaH bbJ3pxT7MR/YqL9NEOqbvk44CeF9JpfqlbUK3pMB7aMHjqA+FDXtIZrQY8Sx70uALzxZIyCGZ6ex Mr2nZu6HJopanIM4gmHEvoEoc5pyhddcf+3E9E9PZCOvP2FDhm9fwDFN5kqrQkjqIVSNm+o3zfdJ 0I3DXKHD3OCFXzBuKFuTtMKu6jDg0fu1rKbFfx5vglnA3LCdSxr4HgAhCNgH}
::rc_st::fg::map_reify_receive add_unsigned_79937 -wlm {1 0 0 1.0 5 0.0 1.0 1.0 1.0 1.0 4.6 1.9 2.0 0}
::rc_st::fg::map_sa -1840559247 {0 0 <default_clock> 0 1 0 0 0}
::rc_st::fg::map_sa -340034827 {0 0 clk 0 1 0 0 0 0 0}
::rc_st::fg::map_reify_hier_drvr_info {1 . A 0} {2 -1840559247 -340034827} {{27865 0.0 27865 0.0 12071 0.0 12071 0.0} {27986 0.0 27986 0.0 12192 0.0 12192 0.0} {28200 0.0 28201 0.0 12406 0.0 12407 0.0} {28546 0.0 28548 0.0 12752 0.0 12754 0.0} {29055 0.0 29065 0.0 13261 0.0 13271 0.0} {29869 0.0 29916 0.0 14075 0.0 14122 0.0} {31779 0.0 31772 0.0 16318 0.0 16311 0.0} {36927 0.0 36919 0.0 21466 0.0 21458 0.0}} {1 0 0 0 0 0 0 0 0 3890 3663 11790 11563 35488 35261 106582 106355} {0 0 1.0 5 0.0 1.0 1.0 1.0 1.0 4.6 1.9 2.0 39 39 39 39 1000 1 1 1 0 0 0 0 0 0 0 0 -111111111 X 0 0} 0 {2 0 X} {-111111111 -111111111}
::rc_st::fg::map_reify_hier_drvr_info {1 . A 1} {2 -1840559247 -340034827} {{27888 0.0 28868 0.0 11828 0.0 12126 0.0} {27990 0.0 28949 0.0 11936 0.0 12207 0.0} {28165 0.0 29116 0.0 12153 0.0 12374 0.0} {28477 0.0 29468 0.0 12594 0.0 12726 0.0} {29056 0.0 30175 0.0 13432 0.0 13433 0.0} {30484 0.0 31558 0.0 14977 0.0 14816 0.0} {33596 0.0 34323 0.0 18089 0.0 17581 0.0} {39826 0.0 39854 0.0 24319 0.0 23112 0.0}} {1 0 0 0 0 0 0 0 0 4549 4696 14270 14463 43571 43764 131476 131669} {0 0 1.0 5 0.0 1.0 1.0 1.0 1.0 4.6 1.9 2.0 63 62 63 62 1000 1 1 1 0 0 0 0 0 0 0 0 -111111111 X 0 0} 0 {2 0 X} {-111111111 -111111111}
::rc_st::fg::map_reify_hier_drvr_info {1 . A 2} {2 -1840559247 -340034827} {{31039 0.0 32779 0.0 15072 0.0 16037 0.0} {31147 0.0 32859 0.0 15180 0.0 16117 0.0} {31364 0.0 33026 0.0 15397 0.0 16284 0.0} {31803 0.0 33378 0.0 15836 0.0 16636 0.0} {32644 0.0 34091 0.0 16677 0.0 17349 0.0} {34219 0.0 35492 0.0 18252 0.0 18750 0.0} {37371 0.0 38296 0.0 21404 0.0 21554 0.0} {43674 0.0 43904 0.0 27707 0.0 27162 0.0}} {1 0 0 0 0 0 0 0 0 4603 4696 14437 14463 43936 43764 132435 131669} {0 0 1.0 5 0.0 1.0 1.0 1.0 1.0 4.6 1.9 2.0 63 62 63 62 1000 1 1 1 0 0 0 0 0 0 0 0 -111111111 X 0 0} 0 {2 0 X} {-111111111 -111111111}
::rc_st::fg::map_reify_hier_drvr_info {1 . A 3} {2 -1840559247 -340034827} {{34281 0.0 36689 0.0 18314 0.0 19947 0.0} {34389 0.0 36769 0.0 18422 0.0 20027 0.0} {34606 0.0 36936 0.0 18639 0.0 20194 0.0} {35045 0.0 37288 0.0 19078 0.0 20546 0.0} {35886 0.0 38001 0.0 19919 0.0 21259 0.0} {37461 0.0 39402 0.0 21494 0.0 22660 0.0} {40613 0.0 42206 0.0 24646 0.0 25464 0.0} {46916 0.0 47814 0.0 30949 0.0 31072 0.0}} {1 0 0 0 0 0 0 0 0 4603 4696 14437 14463 43936 43764 132435 131669} {0 0 1.0 5 0.0 1.0 1.0 1.0 1.0 4.6 1.9 2.0 63 62 63 62 1000 1 1 1 0 0 0 0 0 0 0 0 -111111111 X 0 0} 0 {2 0 X} {-111111111 -111111111}
::rc_st::fg::map_reify_hier_drvr_info {1 . A 4} {2 -1840559247 -340034827} {{37523 0.0 40599 0.0 21556 0.0 23857 0.0} {37631 0.0 40679 0.0 21664 0.0 23937 0.0} {37848 0.0 40846 0.0 21881 0.0 24104 0.0} {38287 0.0 41198 0.0 22320 0.0 24456 0.0} {39128 0.0 41911 0.0 23161 0.0 25169 0.0} {40703 0.0 43312 0.0 24736 0.0 26570 0.0} {43855 0.0 46116 0.0 27888 0.0 29374 0.0} {50158 0.0 51724 0.0 34191 0.0 34982 0.0}} {1 0 0 0 0 0 0 0 0 4603 4696 14437 14463 43936 43764 132435 131669} {0 0 1.0 5 0.0 1.0 1.0 1.0 1.0 4.6 1.9 2.0 63 62 63 62 1000 1 1 1 0 0 0 0 0 0 0 0 -111111111 X 0 0} 0 {2 0 X} {-111111111 -111111111}
::rc_st::fg::map_reify_hier_drvr_info {1 . A 5} {2 -1840559247 -340034827} {{40765 0.0 44509 0.0 24798 0.0 27767 0.0} {40873 0.0 44589 0.0 24906 0.0 27847 0.0} {41090 0.0 44756 0.0 25123 0.0 28014 0.0} {41529 0.0 45108 0.0 25562 0.0 28366 0.0} {42370 0.0 45821 0.0 26403 0.0 29079 0.0} {43945 0.0 47222 0.0 27978 0.0 30480 0.0} {47097 0.0 50026 0.0 31130 0.0 33284 0.0} {53400 0.0 55634 0.0 37433 0.0 38892 0.0}} {1 0 0 0 0 0 0 0 0 4603 4696 14437 14463 43936 43764 132435 131669} {0 0 1.0 5 0.0 1.0 1.0 1.0 1.0 4.6 1.9 2.0 63 62 63 62 1000 1 1 1 0 0 0 0 0 0 0 0 -111111111 X 0 0} 0 {2 0 X} {-111111111 -111111111}
::rc_st::fg::map_reify_hier_drvr_info {1 . A 6} {2 -1840559247 -340034827} {{44007 0.0 48419 0.0 28040 0.0 31677 0.0} {44115 0.0 48499 0.0 28148 0.0 31757 0.0} {44332 0.0 48666 0.0 28365 0.0 31924 0.0} {44771 0.0 49018 0.0 28804 0.0 32276 0.0} {45612 0.0 49731 0.0 29645 0.0 32989 0.0} {47187 0.0 51132 0.0 31220 0.0 34390 0.0} {50339 0.0 53936 0.0 34372 0.0 37194 0.0} {56642 0.0 59544 0.0 40675 0.0 42802 0.0}} {1 0 0 0 0 0 0 0 0 4603 4696 14437 14463 43936 43764 132435 131669} {0 0 1.0 5 0.0 1.0 1.0 1.0 1.0 4.6 1.9 2.0 63 62 63 62 1000 1 1 1 0 0 0 0 0 0 0 0 -111111111 X 0 0} 0 {2 0 X} {-111111111 -111111111}
::rc_st::fg::map_reify_hier_drvr_info {1 . A 7} {2 -1840559247 -340034827} {{47249 0.0 52329 0.0 31282 0.0 35587 0.0} {47357 0.0 52409 0.0 31390 0.0 35667 0.0} {47574 0.0 52576 0.0 31607 0.0 35834 0.0} {48013 0.0 52928 0.0 32046 0.0 36186 0.0} {48854 0.0 53641 0.0 32887 0.0 36899 0.0} {50429 0.0 55042 0.0 34462 0.0 38300 0.0} {53581 0.0 57846 0.0 37614 0.0 41104 0.0} {59884 0.0 63454 0.0 43917 0.0 46712 0.0}} {1 0 0 0 0 0 0 0 0 4603 4696 14437 14463 43936 43764 132435 131669} {0 0 1.0 5 0.0 1.0 1.0 1.0 1.0 4.6 1.9 2.0 63 62 63 62 1000 1 1 1 0 0 0 0 0 0 0 0 -111111111 X 0 0} 0 {2 0 X} {-111111111 -111111111}
::rc_st::fg::map_reify_hier_drvr_info {1 . A 8} {2 -1840559247 -340034827} {{50494 0.0 56239 0.0 34527 0.0 39497 0.0} {50602 0.0 56319 0.0 34635 0.0 39577 0.0} {50819 0.0 56486 0.0 34852 0.0 39744 0.0} {51258 0.0 56838 0.0 35291 0.0 40096 0.0} {52099 0.0 57551 0.0 36132 0.0 40809 0.0} {53674 0.0 58952 0.0 37707 0.0 42210 0.0} {56826 0.0 61756 0.0 40859 0.0 45014 0.0} {63129 0.0 67364 0.0 47162 0.0 50622 0.0}} {1 0 0 0 0 0 0 0 0 4603 4696 14437 14463 43936 43764 132435 131669} {0 0 1.0 5 0.0 1.0 1.0 1.0 1.0 4.6 1.9 2.0 63 62 63 62 1000 1 1 1 0 0 0 0 0 0 0 0 -111111111 X 0 0} 0 {2 0 X} {-111111111 -111111111}
::rc_st::fg::map_reify_hier_drvr_info {1 . A 9} {2 -1840559247 -340034827} {{53736 0.0 60149 0.0 37769 0.0 43407 0.0} {53844 0.0 60229 0.0 37877 0.0 43487 0.0} {54061 0.0 60396 0.0 38094 0.0 43654 0.0} {54500 0.0 60748 0.0 38533 0.0 44006 0.0} {55341 0.0 61461 0.0 39374 0.0 44719 0.0} {56916 0.0 62862 0.0 40949 0.0 46120 0.0} {60068 0.0 65666 0.0 44101 0.0 48924 0.0} {66371 0.0 71274 0.0 50404 0.0 54532 0.0}} {1 0 0 0 0 0 0 0 0 4603 4696 14437 14463 43936 43764 132435 131669} {0 0 1.0 5 0.0 1.0 1.0 1.0 1.0 4.6 1.9 2.0 63 62 63 62 1000 1 1 1 0 0 0 0 0 0 0 0 -111111111 X 0 0} 0 {2 0 X} {-111111111 -111111111}
::rc_st::fg::map_reify_hier_drvr_info {1 . A 10} {2 -1840559247 -340034827} {{56978 0.0 64059 0.0 41011 0.0 47317 0.0} {57086 0.0 64139 0.0 41119 0.0 47397 0.0} {57303 0.0 64306 0.0 41336 0.0 47564 0.0} {57742 0.0 64658 0.0 41775 0.0 47916 0.0} {58583 0.0 65371 0.0 42616 0.0 48629 0.0} {60158 0.0 66772 0.0 44191 0.0 50030 0.0} {63310 0.0 69576 0.0 47343 0.0 52834 0.0} {69613 0.0 75184 0.0 53646 0.0 58442 0.0}} {1 0 0 0 0 0 0 0 0 4603 4696 14437 14463 43936 43764 132435 131669} {0 0 1.0 5 0.0 1.0 1.0 1.0 1.0 4.6 1.9 2.0 63 62 63 62 1000 1 1 1 0 0 0 0 0 0 0 0 -111111111 X 0 0} 0 {2 0 X} {-111111111 -111111111}
::rc_st::fg::map_reify_hier_drvr_info {1 . A 11} {2 -1840559247 -340034827} {{60220 0.0 67969 0.0 44253 0.0 51227 0.0} {60328 0.0 68049 0.0 44361 0.0 51307 0.0} {60545 0.0 68216 0.0 44578 0.0 51474 0.0} {60984 0.0 68568 0.0 45017 0.0 51826 0.0} {61825 0.0 69281 0.0 45858 0.0 52539 0.0} {63400 0.0 70682 0.0 47433 0.0 53940 0.0} {66552 0.0 73486 0.0 50585 0.0 56744 0.0} {72855 0.0 79094 0.0 56888 0.0 62352 0.0}} {1 0 0 0 0 0 0 0 0 4603 4696 14437 14463 43936 43764 132435 131669} {0 0 1.0 5 0.0 1.0 1.0 1.0 1.0 4.6 1.9 2.0 63 62 63 62 1000 1 1 1 0 0 0 0 0 0 0 0 -111111111 X 0 0} 0 {2 0 X} {-111111111 -111111111}
::rc_st::fg::map_reify_hier_drvr_info {1 . A 12} {2 -1840559247 -340034827} {{63462 0.0 71879 0.0 47495 0.0 55137 0.0} {63570 0.0 71959 0.0 47603 0.0 55217 0.0} {63787 0.0 72126 0.0 47820 0.0 55384 0.0} {64226 0.0 72478 0.0 48259 0.0 55736 0.0} {65067 0.0 73191 0.0 49100 0.0 56449 0.0} {66642 0.0 74592 0.0 50675 0.0 57850 0.0} {69794 0.0 77396 0.0 53827 0.0 60654 0.0} {76097 0.0 83004 0.0 60130 0.0 66262 0.0}} {1 0 0 0 0 0 0 0 0 4603 4696 14437 14463 43936 43764 132435 131669} {0 0 1.0 5 0.0 1.0 1.0 1.0 1.0 4.6 1.9 2.0 63 62 63 62 1000 1 1 1 0 0 0 0 0 0 0 0 -111111111 X 0 0} 0 {2 0 X} {-111111111 -111111111}
::rc_st::fg::map_reify_hier_drvr_info {1 . A 13} {2 -1840559247 -340034827} {{66704 0.0 75789 0.0 50737 0.0 59047 0.0} {66812 0.0 75869 0.0 50845 0.0 59127 0.0} {67029 0.0 76036 0.0 51062 0.0 59294 0.0} {67468 0.0 76388 0.0 51501 0.0 59646 0.0} {68309 0.0 77101 0.0 52342 0.0 60359 0.0} {69884 0.0 78502 0.0 53917 0.0 61760 0.0} {73036 0.0 81306 0.0 57069 0.0 64564 0.0} {79339 0.0 86914 0.0 63372 0.0 70172 0.0}} {1 0 0 0 0 0 0 0 0 4603 4696 14437 14463 43936 43764 132435 131669} {0 0 1.0 5 0.0 1.0 1.0 1.0 1.0 4.6 1.9 2.0 63 62 63 62 1000 1 1 1 0 0 0 0 0 0 0 0 -111111111 X 0 0} 0 {2 0 X} {-111111111 -111111111}
::rc_st::fg::map_reify_hier_drvr_info {1 . A 14} {2 -1840559247 -340034827} {{69946 0.0 79699 0.0 53979 0.0 62957 0.0} {70054 0.0 79779 0.0 54087 0.0 63037 0.0} {70271 0.0 79946 0.0 54304 0.0 63204 0.0} {70710 0.0 80298 0.0 54743 0.0 63556 0.0} {71551 0.0 81011 0.0 55584 0.0 64269 0.0} {73126 0.0 82412 0.0 57159 0.0 65670 0.0} {76278 0.0 85216 0.0 60311 0.0 68474 0.0} {82581 0.0 90824 0.0 66614 0.0 74082 0.0}} {1 0 0 0 0 0 0 0 0 4603 4692 14437 14446 43936 43708 132435 131494} {0 0 1.0 5 0.0 1.0 1.0 1.0 1.0 4.6 1.9 2.0 63 62 63 62 1000 1 1 1 0 0 0 0 0 0 0 0 -111111111 X 0 0} 0 {2 0 X} {-111111111 -111111111}
::rc_st::fg::map_reify_hier_drvr_info {1 . A 15} {2 -1840559247 -340034827} {{73188 0.0 83609 0.0 57221 0.0 66867 0.0} {73296 0.0 83689 0.0 57329 0.0 66947 0.0} {73513 0.0 83856 0.0 57546 0.0 67114 0.0} {73952 0.0 84208 0.0 57985 0.0 67466 0.0} {74793 0.0 84921 0.0 58826 0.0 68179 0.0} {76368 0.0 86322 0.0 60401 0.0 69580 0.0} {79520 0.0 89126 0.0 63553 0.0 72384 0.0} {85823 0.0 94734 0.0 69856 0.0 77992 0.0}} {1 0 0 0 0 0 0 0 0 4603 4692 14437 14446 43936 43708 132435 131494} {0 0 1.0 5 0.0 1.0 1.0 1.0 1.0 4.6 1.9 2.0 63 62 63 62 1000 1 1 1 0 0 0 0 0 0 0 0 -111111111 X 0 0} 0 {2 0 X} {-111111111 -111111111}
::rc_st::fg::map_reify_hier_drvr_info {1 . A 16} {2 -1840559247 -340034827} {{76430 0.0 87519 0.0 60463 0.0 70777 0.0} {76538 0.0 87599 0.0 60571 0.0 70857 0.0} {76755 0.0 87766 0.0 60788 0.0 71024 0.0} {77194 0.0 88118 0.0 61227 0.0 71376 0.0} {78035 0.0 88831 0.0 62068 0.0 72089 0.0} {79610 0.0 90232 0.0 63643 0.0 73490 0.0} {82762 0.0 93036 0.0 66795 0.0 76294 0.0} {89065 0.0 98644 0.0 73098 0.0 81902 0.0}} {1 0 0 0 0 0 0 0 0 4603 4692 14437 14446 43936 43708 132435 131494} {0 0 1.0 5 0.0 1.0 1.0 1.0 1.0 4.6 1.9 2.0 63 62 63 62 1000 1 1 1 0 0 0 0 0 0 0 0 -111111111 X 0 0} 0 {2 0 X} {-111111111 -111111111}
::rc_st::fg::map_reify_hier_drvr_info {1 . A 17} {2 -1840559247 -340034827} {{79672 0.0 91429 0.0 63705 0.0 74687 0.0} {79780 0.0 91509 0.0 63813 0.0 74767 0.0} {79997 0.0 91676 0.0 64030 0.0 74934 0.0} {80436 0.0 92028 0.0 64469 0.0 75286 0.0} {81277 0.0 92741 0.0 65310 0.0 75999 0.0} {82852 0.0 94142 0.0 66885 0.0 77400 0.0} {86004 0.0 96946 0.0 70037 0.0 80204 0.0} {92307 0.0 102554 0.0 76340 0.0 85812 0.0}} {1 0 0 0 0 0 0 0 0 4603 4692 14437 14446 43936 43708 132435 131494} {0 0 1.0 5 0.0 1.0 1.0 1.0 1.0 4.6 1.9 2.0 63 62 63 62 1000 1 1 1 0 0 0 0 0 0 0 0 -111111111 X 0 0} 0 {2 0 X} {-111111111 -111111111}
::rc_st::fg::map_reify_hier_drvr_info {1 . A 18} {2 -1840559247 -340034827} {{82914 0.0 95339 0.0 66947 0.0 78597 0.0} {83022 0.0 95419 0.0 67055 0.0 78677 0.0} {83239 0.0 95586 0.0 67272 0.0 78844 0.0} {83678 0.0 95938 0.0 67711 0.0 79196 0.0} {84519 0.0 96651 0.0 68552 0.0 79909 0.0} {86094 0.0 98052 0.0 70127 0.0 81310 0.0} {89246 0.0 100856 0.0 73279 0.0 84114 0.0} {95549 0.0 106464 0.0 79582 0.0 89722 0.0}} {1 0 0 0 0 0 0 0 0 4603 4692 14437 14446 43936 43708 132435 131494} {0 0 1.0 5 0.0 1.0 1.0 1.0 1.0 4.6 1.9 2.0 63 62 63 62 1000 1 1 1 0 0 0 0 0 0 0 0 -111111111 X 0 0} 0 {2 0 X} {-111111111 -111111111}
::rc_st::fg::map_reify_hier_drvr_info {1 . A 19} {2 -1840559247 -340034827} {{86156 0.0 99249 0.0 70189 0.0 82507 0.0} {86264 0.0 99329 0.0 70297 0.0 82587 0.0} {86481 0.0 99496 0.0 70514 0.0 82754 0.0} {86920 0.0 99848 0.0 70953 0.0 83106 0.0} {87761 0.0 100561 0.0 71794 0.0 83819 0.0} {89336 0.0 101962 0.0 73369 0.0 85220 0.0} {92488 0.0 104766 0.0 76521 0.0 88024 0.0} {98791 0.0 110374 0.0 82824 0.0 93632 0.0}} {1 0 0 0 0 0 0 0 0 4603 4692 14437 14446 43936 43708 132435 131494} {0 0 1.0 5 0.0 1.0 1.0 1.0 1.0 4.6 1.9 2.0 63 62 63 62 1000 1 1 1 0 0 0 0 0 0 0 0 -111111111 X 0 0} 0 {2 0 X} {-111111111 -111111111}
::rc_st::fg::map_reify_hier_drvr_info {1 . A 20} {2 -1840559247 -340034827} {{89398 0.0 103159 0.0 73431 0.0 86417 0.0} {89506 0.0 103239 0.0 73539 0.0 86497 0.0} {89723 0.0 103406 0.0 73756 0.0 86664 0.0} {90162 0.0 103758 0.0 74195 0.0 87016 0.0} {91003 0.0 104471 0.0 75036 0.0 87729 0.0} {92578 0.0 105872 0.0 76611 0.0 89130 0.0} {95730 0.0 108676 0.0 79763 0.0 91934 0.0} {102033 0.0 114284 0.0 86066 0.0 97542 0.0}} {1 0 0 0 0 0 0 0 0 4603 4692 14437 14446 43936 43708 132435 131494} {0 0 1.0 5 0.0 1.0 1.0 1.0 1.0 4.6 1.9 2.0 63 62 63 62 1000 1 1 1 0 0 0 0 0 0 0 0 -111111111 X 0 0} 0 {2 0 X} {-111111111 -111111111}
::rc_st::fg::map_reify_hier_drvr_info {1 . A 21} {2 -1840559247 -340034827} {{92640 0.0 107069 0.0 76673 0.0 90327 0.0} {92748 0.0 107149 0.0 76781 0.0 90407 0.0} {92965 0.0 107316 0.0 76998 0.0 90574 0.0} {93404 0.0 107668 0.0 77437 0.0 90926 0.0} {94245 0.0 108381 0.0 78278 0.0 91639 0.0} {95820 0.0 109782 0.0 79853 0.0 93040 0.0} {98972 0.0 112586 0.0 83005 0.0 95844 0.0} {105275 0.0 118194 0.0 89308 0.0 101452 0.0}} {1 0 0 0 0 0 0 0 0 4603 4692 14437 14446 43936 43708 132435 131494} {0 0 1.0 5 0.0 1.0 1.0 1.0 1.0 4.6 1.9 2.0 63 62 63 62 1000 1 1 1 0 0 0 0 0 0 0 0 -111111111 X 0 0} 0 {2 0 X} {-111111111 -111111111}
::rc_st::fg::map_reify_hier_drvr_info {1 . A 22} {2 -1840559247 -340034827} {{95882 0.0 110979 0.0 79915 0.0 94237 0.0} {95990 0.0 111059 0.0 80023 0.0 94317 0.0} {96207 0.0 111226 0.0 80240 0.0 94484 0.0} {96646 0.0 111578 0.0 80679 0.0 94836 0.0} {97487 0.0 112291 0.0 81520 0.0 95549 0.0} {99062 0.0 113692 0.0 83095 0.0 96950 0.0} {102214 0.0 116496 0.0 86247 0.0 99754 0.0} {108517 0.0 122104 0.0 92550 0.0 105362 0.0}} {1 0 0 0 0 0 0 0 0 4603 4692 14437 14446 43936 43708 132435 131494} {0 0 1.0 5 0.0 1.0 1.0 1.0 1.0 4.6 1.9 2.0 63 62 63 62 1000 1 1 1 0 0 0 0 0 0 0 0 -111111111 X 0 0} 0 {2 0 X} {-111111111 -111111111}
::rc_st::fg::map_reify_hier_drvr_info {1 . A 23} {2 -1840559247 -340034827} {{99124 0.0 114889 0.0 83157 0.0 98147 0.0} {99232 0.0 114969 0.0 83265 0.0 98227 0.0} {99449 0.0 115136 0.0 83482 0.0 98394 0.0} {99888 0.0 115488 0.0 83921 0.0 98746 0.0} {100729 0.0 116201 0.0 84762 0.0 99459 0.0} {102304 0.0 117602 0.0 86337 0.0 100860 0.0} {105456 0.0 120406 0.0 89489 0.0 103664 0.0} {111759 0.0 126014 0.0 95792 0.0 109272 0.0}} {1 0 0 0 0 0 0 0 0 4603 4692 14437 14446 43936 43708 132435 131494} {0 0 1.0 5 0.0 1.0 1.0 1.0 1.0 4.6 1.9 2.0 63 62 63 62 1000 1 1 1 0 0 0 0 0 0 0 0 -111111111 X 0 0} 0 {2 0 X} {-111111111 -111111111}
::rc_st::fg::map_reify_hier_drvr_info {1 . A 24} {2 -1840559247 -340034827} {{102546 0.0 118119 0.0 154308 0.0 153907 0.0} {102665 0.0 118210 0.0 154428 0.0 154016 0.0} {102892 0.0 118382 0.0 154654 0.0 154234 0.0} {103312 0.0 118719 0.0 155030 0.0 154604 0.0} {103931 0.0 119299 0.0 155597 0.0 155312 0.0} {104923 0.0 120256 0.0 156638 0.0 156638 0.0} {106909 0.0 122169 0.0 159289 0.0 159289 0.0} {110880 0.0 125995 0.0 164753 0.0 164753 0.0}} {1 0 0 0 0 0 0 0 0 4314 4174 13153 12575 39672 39094 119228 118650} {0 0 1.0 5 0.0 1.0 1.0 1.0 1.0 4.6 1.9 2.0 31 30 79 78 3000 1 3 3 0 0 0 0 0 0 0 0 -111111111 X 0 0} 0 {2 0 X} {-111111111 -111111111}
::rc_st::fg::map_reify_hier_drvr_info {1 . A 25} {2 -1840559247 -340034827} {{106547 0.0 122350 0.0 156591 0.0 157866 0.0} {106668 0.0 122442 0.0 156698 0.0 157958 0.0} {106911 0.0 122610 0.0 156941 0.0 158126 0.0} {107359 0.0 122927 0.0 157389 0.0 158443 0.0} {108088 0.0 123481 0.0 158118 0.0 158997 0.0} {109291 0.0 124431 0.0 159321 0.0 159947 0.0} {111696 0.0 126329 0.0 161726 0.0 162264 0.0} {116505 0.0 131221 0.0 166535 0.0 167994 0.0}} {1 0 0 0 0 0 0 0 0 3677 3388 11161 9851 33611 29242 100963 87414} {0 0 1.0 5 0.0 1.0 1.0 1.0 1.0 4.6 1.9 2.0 31 30 50 49 2000 1 2 2 0 0 0 0 0 0 0 0 -111111111 X 0 0} 0 {2 0 X} {-111111111 -111111111}
::rc_st::fg::map_reify_hier_drvr_info {1 . A 26} {2 -1840559247 -340034827} {{108784 0.0 124530 0.0 158418 0.0 159440 0.0} {108906 0.0 124623 0.0 158540 0.0 159533 0.0} {109149 0.0 124791 0.0 158783 0.0 159701 0.0} {109596 0.0 125108 0.0 159230 0.0 160018 0.0} {110324 0.0 125668 0.0 159958 0.0 160578 0.0} {111526 0.0 126644 0.0 161160 0.0 161554 0.0} {113929 0.0 128594 0.0 163563 0.0 163917 0.0} {118734 0.0 134038 0.0 168368 0.0 169884 0.0}} {1 0 0 0 0 0 0 0 0 3696 3524 11223 10315 33804 30690 101547 91813} {0 0 1.0 5 0.0 1.0 1.0 1.0 1.0 4.6 1.9 2.0 31 30 50 49 2000 1 2 2 0 0 0 0 0 0 0 0 -111111111 X 0 0} 0 {2 0 X} {-111111111 -111111111}
::rc_st::fg::map_reify_hier_drvr_info {1 . A 27} {2 -1840559247 -340034827} {{110717 0.0 126485 0.0 159127 0.0 159885 0.0} {110839 0.0 126578 0.0 159249 0.0 159978 0.0} {111082 0.0 126746 0.0 159492 0.0 160146 0.0} {111529 0.0 127063 0.0 159939 0.0 160463 0.0} {112257 0.0 127623 0.0 160667 0.0 161023 0.0} {113459 0.0 128599 0.0 161869 0.0 161999 0.0} {115862 0.0 130549 0.0 164272 0.0 164633 0.0} {120667 0.0 135999 0.0 169077 0.0 170600 0.0}} {1 0 0 0 0 0 0 0 0 3696 3524 11223 10315 33804 30690 101547 91813} {0 0 1.0 5 0.0 1.0 1.0 1.0 1.0 4.6 1.9 2.0 31 30 50 49 2000 1 2 2 0 0 0 0 0 0 0 0 -111111111 X 0 0} 0 {2 0 X} {-111111111 -111111111}
::rc_st::fg::map_reify_hier_drvr_info {1 . A 28} {2 -1840559247 -340034827} {{112999 0.0 128841 0.0 161554 0.0 162241 0.0} {113121 0.0 128934 0.0 161676 0.0 162334 0.0} {113364 0.0 129102 0.0 161919 0.0 162502 0.0} {113811 0.0 129419 0.0 162366 0.0 162819 0.0} {114539 0.0 129979 0.0 163094 0.0 163379 0.0} {115741 0.0 130955 0.0 164296 0.0 164355 0.0} {118144 0.0 132905 0.0 166699 0.0 167058 0.0} {122949 0.0 138358 0.0 171504 0.0 173025 0.0}} {1 0 0 0 0 0 0 0 0 3696 3524 11223 10315 33804 30690 101547 91813} {0 0 1.0 5 0.0 1.0 1.0 1.0 1.0 4.6 1.9 2.0 31 30 50 49 2000 1 2 2 0 0 0 0 0 0 0 0 -111111111 X 0 0} 0 {2 0 X} {-111111111 -111111111}
::rc_st::fg::map_reify_hier_drvr_info {1 . A 29} {2 -1840559247 -340034827} {{115844 0.0 131684 0.0 163811 0.0 165084 0.0} {115965 0.0 131777 0.0 163932 0.0 165177 0.0} {116208 0.0 131945 0.0 164175 0.0 165345 0.0} {116655 0.0 132262 0.0 164622 0.0 165662 0.0} {117383 0.0 132822 0.0 165350 0.0 166222 0.0} {118585 0.0 133798 0.0 166552 0.0 167198 0.0} {120987 0.0 135751 0.0 168954 0.0 169151 0.0} {125792 0.0 142015 0.0 173759 0.0 175415 0.0}} {1 0 0 0 0 0 0 0 0 3696 3848 11224 11415 33808 34115 101559 102215} {0 0 1.0 5 0.0 1.0 1.0 1.0 1.0 4.6 1.9 2.0 31 30 50 49 2000 1 2 2 0 0 0 0 0 0 0 0 -111111111 X 0 0} 0 {2 0 X} {-111111111 -111111111}
::rc_st::fg::map_reify_hier_drvr_info {1 . A 30} {2 -1840559247 -340034827} {{117828 0.0 133179 0.0 165795 0.0 166579 0.0} {117936 0.0 133260 0.0 165903 0.0 166660 0.0} {118152 0.0 133426 0.0 166119 0.0 166826 0.0} {118590 0.0 133777 0.0 166557 0.0 167177 0.0} {119435 0.0 134496 0.0 167402 0.0 167896 0.0} {121024 0.0 135928 0.0 168991 0.0 169328 0.0} {124202 0.0 138792 0.0 172169 0.0 172192 0.0} {130558 0.0 144518 0.0 178525 0.0 177918 0.0}} {1 0 0 0 0 0 0 0 0 4638 4687 14558 14432 44318 43668 133598 131377} {0 0 1.0 5 0.0 1.0 1.0 1.0 1.0 4.6 1.9 2.0 63 62 63 62 1000 1 1 1 0 0 0 0 0 0 0 0 -111111111 X 0 0} 0 {2 0 X} {-111111111 -111111111}
::rc_st::fg::map_reify_hier_drvr_info {1 . A 31} {2 -1840559247 -340034827} {{120118 0.0 134784 0.0 168085 0.0 168184 0.0} {120217 0.0 134894 0.0 168184 0.0 168294 0.0} {120405 0.0 135119 0.0 168372 0.0 168519 0.0} {120764 0.0 135544 0.0 168731 0.0 168944 0.0} {121401 0.0 136212 0.0 169368 0.0 169612 0.0} {122516 0.0 137219 0.0 170483 0.0 170619 0.0} {124746 0.0 139236 0.0 172713 0.0 172636 0.0} {129206 0.0 143269 0.0 177173 0.0 176669 0.0}} {1 0 0 0 0 0 0 0 0 4564 4556 14001 13803 42311 41751 127244 126684} {0 0 1.0 5 0.0 1.0 1.0 1.0 1.0 4.6 1.9 2.0 36 36 36 36 1000 1 1 1 0 0 0 0 0 0 0 0 -111111111 X 0 0} 0 {2 0 X} {-111111111 -111111111}
::rc_st::fg::map_reify_hier_drvr_info {1 . B 0} {2 -1840559247 -340034827} {{28237 0.0 27650 0.0 12443 0.0 12009 0.0} {28356 0.0 27759 0.0 12562 0.0 12118 0.0} {28582 0.0 27981 0.0 12788 0.0 12336 0.0} {28956 0.0 28419 0.0 13162 0.0 12708 0.0} {29520 0.0 29200 0.0 13726 0.0 13406 0.0} {30562 0.0 30562 0.0 14768 0.0 14768 0.0} {33285 0.0 33285 0.0 17491 0.0 17491 0.0} {38729 0.0 38729 0.0 23016 0.0 23016 0.0}} {1 0 0 0 0 0 0 0 0 4472 4369 13430 12889 40305 39764 120930 120389} {0 0 1.0 5 0.0 1.0 1.0 1.0 1.0 4.6 1.9 2.0 18 18 18 18 1000 1 1 1 0 0 0 0 0 0 0 0 -111111111 X 0 0} 0 {2 0 X} {-111111111 -111111111}
::rc_st::fg::map_reify_hier_drvr_info {1 . B 1} {2 -1840559247 -340034827} {{27693 0.0 28894 0.0 11769 0.0 12152 0.0} {27796 0.0 28990 0.0 11869 0.0 12248 0.0} {27980 0.0 29164 0.0 12070 0.0 12422 0.0} {28315 0.0 29489 0.0 12453 0.0 12747 0.0} {28940 0.0 30098 0.0 13163 0.0 13356 0.0} {30136 0.0 31246 0.0 14480 0.0 14504 0.0} {32620 0.0 33543 0.0 17113 0.0 16801 0.0} {37888 0.0 38140 0.0 22381 0.0 21398 0.0}} {1 0 0 0 0 0 0 0 0 4043 4070 12339 12363 37227 37243 111889 111882} {0 0 1.0 5 0.0 1.0 1.0 1.0 1.0 4.6 1.9 2.0 64 64 64 64 1000 1 1 1 0 0 0 0 0 0 0 0 -111111111 X 0 0} 0 {2 0 X} {-111111111 -111111111}
::rc_st::fg::map_reify_hier_drvr_info {1 . B 2} {2 -1840559247 -340034827} {{30981 0.0 32804 0.0 15014 0.0 16062 0.0} {31077 0.0 32900 0.0 15110 0.0 16158 0.0} {31279 0.0 33073 0.0 15312 0.0 16331 0.0} {31663 0.0 33399 0.0 15696 0.0 16657 0.0} {32376 0.0 34013 0.0 16409 0.0 17271 0.0} {33708 0.0 35174 0.0 17741 0.0 18432 0.0} {36371 0.0 37503 0.0 20404 0.0 20761 0.0} {41698 0.0 42161 0.0 25731 0.0 25419 0.0}} {1 0 0 0 0 0 0 0 0 4054 4070 12365 12363 37298 37243 112098 111882} {0 0 1.0 5 0.0 1.0 1.0 1.0 1.0 4.6 1.9 2.0 64 64 64 64 1000 1 1 1 0 0 0 0 0 0 0 0 -111111111 X 0 0} 0 {2 0 X} {-111111111 -111111111}
::rc_st::fg::map_reify_hier_drvr_info {1 . B 3} {2 -1840559247 -340034827} {{34223 0.0 36714 0.0 18256 0.0 19972 0.0} {34319 0.0 36810 0.0 18352 0.0 20068 0.0} {34521 0.0 36983 0.0 18554 0.0 20241 0.0} {34905 0.0 37309 0.0 18938 0.0 20567 0.0} {35618 0.0 37923 0.0 19651 0.0 21181 0.0} {36950 0.0 39084 0.0 20983 0.0 22342 0.0} {39613 0.0 41413 0.0 23646 0.0 24671 0.0} {44940 0.0 46071 0.0 28973 0.0 29329 0.0}} {1 0 0 0 0 0 0 0 0 4054 4070 12365 12363 37298 37243 112098 111882} {0 0 1.0 5 0.0 1.0 1.0 1.0 1.0 4.6 1.9 2.0 64 64 64 64 1000 1 1 1 0 0 0 0 0 0 0 0 -111111111 X 0 0} 0 {2 0 X} {-111111111 -111111111}
::rc_st::fg::map_reify_hier_drvr_info {1 . B 4} {2 -1840559247 -340034827} {{37465 0.0 40624 0.0 21498 0.0 23882 0.0} {37561 0.0 40720 0.0 21594 0.0 23978 0.0} {37763 0.0 40893 0.0 21796 0.0 24151 0.0} {38147 0.0 41219 0.0 22180 0.0 24477 0.0} {38860 0.0 41833 0.0 22893 0.0 25091 0.0} {40192 0.0 42994 0.0 24225 0.0 26252 0.0} {42855 0.0 45323 0.0 26888 0.0 28581 0.0} {48182 0.0 49981 0.0 32215 0.0 33239 0.0}} {1 0 0 0 0 0 0 0 0 4054 4070 12365 12363 37298 37243 112098 111882} {0 0 1.0 5 0.0 1.0 1.0 1.0 1.0 4.6 1.9 2.0 64 64 64 64 1000 1 1 1 0 0 0 0 0 0 0 0 -111111111 X 0 0} 0 {2 0 X} {-111111111 -111111111}
::rc_st::fg::map_reify_hier_drvr_info {1 . B 5} {2 -1840559247 -340034827} {{40707 0.0 44534 0.0 24740 0.0 27792 0.0} {40803 0.0 44630 0.0 24836 0.0 27888 0.0} {41005 0.0 44803 0.0 25038 0.0 28061 0.0} {41389 0.0 45129 0.0 25422 0.0 28387 0.0} {42102 0.0 45743 0.0 26135 0.0 29001 0.0} {43434 0.0 46904 0.0 27467 0.0 30162 0.0} {46097 0.0 49233 0.0 30130 0.0 32491 0.0} {51424 0.0 53891 0.0 35457 0.0 37149 0.0}} {1 0 0 0 0 0 0 0 0 4054 4070 12365 12363 37298 37243 112098 111882} {0 0 1.0 5 0.0 1.0 1.0 1.0 1.0 4.6 1.9 2.0 64 64 64 64 1000 1 1 1 0 0 0 0 0 0 0 0 -111111111 X 0 0} 0 {2 0 X} {-111111111 -111111111}
::rc_st::fg::map_reify_hier_drvr_info {1 . B 6} {2 -1840559247 -340034827} {{43949 0.0 48444 0.0 27982 0.0 31702 0.0} {44045 0.0 48540 0.0 28078 0.0 31798 0.0} {44247 0.0 48713 0.0 28280 0.0 31971 0.0} {44631 0.0 49039 0.0 28664 0.0 32297 0.0} {45344 0.0 49653 0.0 29377 0.0 32911 0.0} {46676 0.0 50814 0.0 30709 0.0 34072 0.0} {49339 0.0 53143 0.0 33372 0.0 36401 0.0} {54666 0.0 57801 0.0 38699 0.0 41059 0.0}} {1 0 0 0 0 0 0 0 0 4054 4070 12365 12363 37298 37243 112098 111882} {0 0 1.0 5 0.0 1.0 1.0 1.0 1.0 4.6 1.9 2.0 64 64 64 64 1000 1 1 1 0 0 0 0 0 0 0 0 -111111111 X 0 0} 0 {2 0 X} {-111111111 -111111111}
::rc_st::fg::map_reify_hier_drvr_info {1 . B 7} {2 -1840559247 -340034827} {{47191 0.0 52354 0.0 31224 0.0 35612 0.0} {47287 0.0 52450 0.0 31320 0.0 35708 0.0} {47489 0.0 52623 0.0 31522 0.0 35881 0.0} {47873 0.0 52949 0.0 31906 0.0 36207 0.0} {48586 0.0 53563 0.0 32619 0.0 36821 0.0} {49918 0.0 54724 0.0 33951 0.0 37982 0.0} {52581 0.0 57053 0.0 36614 0.0 40311 0.0} {57908 0.0 61711 0.0 41941 0.0 44969 0.0}} {1 0 0 0 0 0 0 0 0 4054 4070 12365 12363 37298 37243 112098 111882} {0 0 1.0 5 0.0 1.0 1.0 1.0 1.0 4.6 1.9 2.0 64 64 64 64 1000 1 1 1 0 0 0 0 0 0 0 0 -111111111 X 0 0} 0 {2 0 X} {-111111111 -111111111}
::rc_st::fg::map_reify_hier_drvr_info {1 . B 8} {2 -1840559247 -340034827} {{50436 0.0 56264 0.0 34469 0.0 39522 0.0} {50532 0.0 56360 0.0 34565 0.0 39618 0.0} {50734 0.0 56533 0.0 34767 0.0 39791 0.0} {51118 0.0 56859 0.0 35151 0.0 40117 0.0} {51831 0.0 57473 0.0 35864 0.0 40731 0.0} {53163 0.0 58634 0.0 37196 0.0 41892 0.0} {55826 0.0 60963 0.0 39859 0.0 44221 0.0} {61153 0.0 65621 0.0 45186 0.0 48879 0.0}} {1 0 0 0 0 0 0 0 0 3563 4046 11874 12339 36807 37219 111607 111858} {0 0 1.0 5 0.0 1.0 1.0 1.0 1.0 4.6 1.9 2.0 64 64 64 64 1000 1 1 1 0 0 0 0 0 0 0 0 -111111111 X 0 0} 0 {2 0 X} {-111111111 -111111111}
::rc_st::fg::map_reify_hier_drvr_info {1 . B 9} {2 -1840559247 -340034827} {{53678 0.0 60174 0.0 37711 0.0 43432 0.0} {53775 0.0 60270 0.0 37808 0.0 43528 0.0} {53976 0.0 60443 0.0 38009 0.0 43701 0.0} {54360 0.0 60769 0.0 38393 0.0 44027 0.0} {55073 0.0 61383 0.0 39106 0.0 44641 0.0} {56406 0.0 62545 0.0 40439 0.0 45803 0.0} {59069 0.0 64874 0.0 43102 0.0 48132 0.0} {64396 0.0 69531 0.0 48429 0.0 52789 0.0}} {1 0 0 0 0 0 0 0 0 3858 4142 12169 12435 37102 37315 111902 111954} {0 0 1.0 5 0.0 1.0 1.0 1.0 1.0 4.6 1.9 2.0 64 64 64 64 1000 1 1 1 0 0 0 0 0 0 0 0 -111111111 X 0 0} 0 {2 0 X} {-111111111 -111111111}
::rc_st::fg::map_reify_hier_drvr_info {1 . B 10} {2 -1840559247 -340034827} {{56920 0.0 64084 0.0 40953 0.0 47342 0.0} {57017 0.0 64180 0.0 41050 0.0 47438 0.0} {57218 0.0 64353 0.0 41251 0.0 47611 0.0} {57602 0.0 64679 0.0 41635 0.0 47937 0.0} {58315 0.0 65293 0.0 42348 0.0 48551 0.0} {59648 0.0 66455 0.0 43681 0.0 49713 0.0} {62311 0.0 68784 0.0 46344 0.0 52042 0.0} {67638 0.0 73441 0.0 51671 0.0 56699 0.0}} {1 0 0 0 0 0 0 0 0 3858 4142 12169 12435 37102 37315 111902 111954} {0 0 1.0 5 0.0 1.0 1.0 1.0 1.0 4.6 1.9 2.0 64 64 64 64 1000 1 1 1 0 0 0 0 0 0 0 0 -111111111 X 0 0} 0 {2 0 X} {-111111111 -111111111}
::rc_st::fg::map_reify_hier_drvr_info {1 . B 11} {2 -1840559247 -340034827} {{60162 0.0 67994 0.0 44195 0.0 51252 0.0} {60259 0.0 68090 0.0 44292 0.0 51348 0.0} {60460 0.0 68263 0.0 44493 0.0 51521 0.0} {60844 0.0 68589 0.0 44877 0.0 51847 0.0} {61557 0.0 69203 0.0 45590 0.0 52461 0.0} {62890 0.0 70365 0.0 46923 0.0 53623 0.0} {65553 0.0 72694 0.0 49586 0.0 55952 0.0} {70880 0.0 77351 0.0 54913 0.0 60609 0.0}} {1 0 0 0 0 0 0 0 0 3858 4142 12169 12435 37102 37315 111902 111954} {0 0 1.0 5 0.0 1.0 1.0 1.0 1.0 4.6 1.9 2.0 64 64 64 64 1000 1 1 1 0 0 0 0 0 0 0 0 -111111111 X 0 0} 0 {2 0 X} {-111111111 -111111111}
::rc_st::fg::map_reify_hier_drvr_info {1 . B 12} {2 -1840559247 -340034827} {{63404 0.0 71904 0.0 47437 0.0 55162 0.0} {63500 0.0 72000 0.0 47533 0.0 55258 0.0} {63702 0.0 72173 0.0 47735 0.0 55431 0.0} {64086 0.0 72499 0.0 48119 0.0 55757 0.0} {64799 0.0 73113 0.0 48832 0.0 56371 0.0} {66131 0.0 74274 0.0 50164 0.0 57532 0.0} {68794 0.0 76603 0.0 52827 0.0 59861 0.0} {74121 0.0 81261 0.0 58154 0.0 64519 0.0}} {1 0 0 0 0 0 0 0 0 4055 4070 12366 12363 37299 37243 112099 111882} {0 0 1.0 5 0.0 1.0 1.0 1.0 1.0 4.6 1.9 2.0 64 64 64 64 1000 1 1 1 0 0 0 0 0 0 0 0 -111111111 X 0 0} 0 {2 0 X} {-111111111 -111111111}
::rc_st::fg::map_reify_hier_drvr_info {1 . B 13} {2 -1840559247 -340034827} {{66646 0.0 75814 0.0 50679 0.0 59072 0.0} {66743 0.0 75910 0.0 50776 0.0 59168 0.0} {66944 0.0 76083 0.0 50977 0.0 59341 0.0} {67328 0.0 76409 0.0 51361 0.0 59667 0.0} {68041 0.0 77023 0.0 52074 0.0 60281 0.0} {69374 0.0 78185 0.0 53407 0.0 61443 0.0} {72037 0.0 80514 0.0 56070 0.0 63772 0.0} {77364 0.0 85171 0.0 61397 0.0 68429 0.0}} {1 0 0 0 0 0 0 0 0 3858 4142 12169 12435 37102 37315 111902 111954} {0 0 1.0 5 0.0 1.0 1.0 1.0 1.0 4.6 1.9 2.0 64 64 64 64 1000 1 1 1 0 0 0 0 0 0 0 0 -111111111 X 0 0} 0 {2 0 X} {-111111111 -111111111}
::rc_st::fg::map_reify_hier_drvr_info {1 . B 14} {2 -1840559247 -340034827} {{69888 0.0 79724 0.0 53921 0.0 62982 0.0} {69984 0.0 79820 0.0 54017 0.0 63078 0.0} {70186 0.0 79993 0.0 54219 0.0 63251 0.0} {70570 0.0 80319 0.0 54603 0.0 63577 0.0} {71283 0.0 80933 0.0 55316 0.0 64191 0.0} {72615 0.0 82094 0.0 56648 0.0 65352 0.0} {75278 0.0 84423 0.0 59311 0.0 67681 0.0} {80605 0.0 89081 0.0 64638 0.0 72339 0.0}} {1 0 0 0 0 0 0 0 0 4054 4067 12365 12347 37298 37188 112098 111708} {0 0 1.0 5 0.0 1.0 1.0 1.0 1.0 4.6 1.9 2.0 64 64 64 64 1000 1 1 1 0 0 0 0 0 0 0 0 -111111111 X 0 0} 0 {2 0 X} {-111111111 -111111111}
::rc_st::fg::map_reify_hier_drvr_info {1 . B 15} {2 -1840559247 -340034827} {{73130 0.0 83634 0.0 57163 0.0 66892 0.0} {73226 0.0 83730 0.0 57259 0.0 66988 0.0} {73428 0.0 83903 0.0 57461 0.0 67161 0.0} {73812 0.0 84229 0.0 57845 0.0 67487 0.0} {74525 0.0 84843 0.0 58558 0.0 68101 0.0} {75857 0.0 86004 0.0 59890 0.0 69262 0.0} {78520 0.0 88333 0.0 62553 0.0 71591 0.0} {83847 0.0 92991 0.0 67880 0.0 76249 0.0}} {1 0 0 0 0 0 0 0 0 4054 4067 12365 12347 37298 37188 112098 111708} {0 0 1.0 5 0.0 1.0 1.0 1.0 1.0 4.6 1.9 2.0 64 64 64 64 1000 1 1 1 0 0 0 0 0 0 0 0 -111111111 X 0 0} 0 {2 0 X} {-111111111 -111111111}
::rc_st::fg::map_reify_hier_drvr_info {1 . B 16} {2 -1840559247 -340034827} {{76372 0.0 87544 0.0 60405 0.0 70802 0.0} {76468 0.0 87640 0.0 60501 0.0 70898 0.0} {76670 0.0 87813 0.0 60703 0.0 71071 0.0} {77054 0.0 88139 0.0 61087 0.0 71397 0.0} {77767 0.0 88753 0.0 61800 0.0 72011 0.0} {79099 0.0 89914 0.0 63132 0.0 73172 0.0} {81762 0.0 92243 0.0 65795 0.0 75501 0.0} {87089 0.0 96901 0.0 71122 0.0 80159 0.0}} {1 0 0 0 0 0 0 0 0 4053 4067 12364 12347 37297 37188 112097 111708} {0 0 1.0 5 0.0 1.0 1.0 1.0 1.0 4.6 1.9 2.0 64 64 64 64 1000 1 1 1 0 0 0 0 0 0 0 0 -111111111 X 0 0} 0 {2 0 X} {-111111111 -111111111}
::rc_st::fg::map_reify_hier_drvr_info {1 . B 17} {2 -1840559247 -340034827} {{79614 0.0 91454 0.0 63647 0.0 74712 0.0} {79710 0.0 91550 0.0 63743 0.0 74808 0.0} {79912 0.0 91723 0.0 63945 0.0 74981 0.0} {80296 0.0 92049 0.0 64329 0.0 75307 0.0} {81009 0.0 92663 0.0 65042 0.0 75921 0.0} {82341 0.0 93824 0.0 66374 0.0 77082 0.0} {85004 0.0 96153 0.0 69037 0.0 79411 0.0} {90331 0.0 100811 0.0 74364 0.0 84069 0.0}} {1 0 0 0 0 0 0 0 0 4054 4067 12365 12347 37298 37188 112098 111708} {0 0 1.0 5 0.0 1.0 1.0 1.0 1.0 4.6 1.9 2.0 64 64 64 64 1000 1 1 1 0 0 0 0 0 0 0 0 -111111111 X 0 0} 0 {2 0 X} {-111111111 -111111111}
::rc_st::fg::map_reify_hier_drvr_info {1 . B 18} {2 -1840559247 -340034827} {{82856 0.0 95364 0.0 66889 0.0 78622 0.0} {82952 0.0 95460 0.0 66985 0.0 78718 0.0} {83154 0.0 95633 0.0 67187 0.0 78891 0.0} {83538 0.0 95959 0.0 67571 0.0 79217 0.0} {84251 0.0 96573 0.0 68284 0.0 79831 0.0} {85583 0.0 97734 0.0 69616 0.0 80992 0.0} {88246 0.0 100063 0.0 72279 0.0 83321 0.0} {93573 0.0 104721 0.0 77606 0.0 87979 0.0}} {1 0 0 0 0 0 0 0 0 4054 4067 12365 12347 37298 37188 112098 111708} {0 0 1.0 5 0.0 1.0 1.0 1.0 1.0 4.6 1.9 2.0 64 64 64 64 1000 1 1 1 0 0 0 0 0 0 0 0 -111111111 X 0 0} 0 {2 0 X} {-111111111 -111111111}
::rc_st::fg::map_reify_hier_drvr_info {1 . B 19} {2 -1840559247 -340034827} {{86098 0.0 99274 0.0 70131 0.0 82532 0.0} {86194 0.0 99370 0.0 70227 0.0 82628 0.0} {86396 0.0 99543 0.0 70429 0.0 82801 0.0} {86780 0.0 99869 0.0 70813 0.0 83127 0.0} {87493 0.0 100483 0.0 71526 0.0 83741 0.0} {88825 0.0 101644 0.0 72858 0.0 84902 0.0} {91488 0.0 103973 0.0 75521 0.0 87231 0.0} {96815 0.0 108631 0.0 80848 0.0 91889 0.0}} {1 0 0 0 0 0 0 0 0 4054 4067 12365 12347 37298 37188 112098 111708} {0 0 1.0 5 0.0 1.0 1.0 1.0 1.0 4.6 1.9 2.0 64 64 64 64 1000 1 1 1 0 0 0 0 0 0 0 0 -111111111 X 0 0} 0 {2 0 X} {-111111111 -111111111}
::rc_st::fg::map_reify_hier_drvr_info {1 . B 20} {2 -1840559247 -340034827} {{89340 0.0 103184 0.0 73373 0.0 86442 0.0} {89436 0.0 103280 0.0 73469 0.0 86538 0.0} {89638 0.0 103453 0.0 73671 0.0 86711 0.0} {90022 0.0 103779 0.0 74055 0.0 87037 0.0} {90735 0.0 104393 0.0 74768 0.0 87651 0.0} {92067 0.0 105554 0.0 76100 0.0 88812 0.0} {94730 0.0 107883 0.0 78763 0.0 91141 0.0} {100057 0.0 112541 0.0 84090 0.0 95799 0.0}} {1 0 0 0 0 0 0 0 0 4054 4067 12365 12347 37298 37188 112098 111708} {0 0 1.0 5 0.0 1.0 1.0 1.0 1.0 4.6 1.9 2.0 64 64 64 64 1000 1 1 1 0 0 0 0 0 0 0 0 -111111111 X 0 0} 0 {2 0 X} {-111111111 -111111111}
::rc_st::fg::map_reify_hier_drvr_info {1 . B 21} {2 -1840559247 -340034827} {{92582 0.0 107094 0.0 76615 0.0 90352 0.0} {92678 0.0 107190 0.0 76711 0.0 90448 0.0} {92880 0.0 107363 0.0 76913 0.0 90621 0.0} {93264 0.0 107689 0.0 77297 0.0 90947 0.0} {93977 0.0 108303 0.0 78010 0.0 91561 0.0} {95309 0.0 109464 0.0 79342 0.0 92722 0.0} {97972 0.0 111793 0.0 82005 0.0 95051 0.0} {103299 0.0 116451 0.0 87332 0.0 99709 0.0}} {1 0 0 0 0 0 0 0 0 4054 4067 12365 12347 37298 37188 112098 111708} {0 0 1.0 5 0.0 1.0 1.0 1.0 1.0 4.6 1.9 2.0 64 64 64 64 1000 1 1 1 0 0 0 0 0 0 0 0 -111111111 X 0 0} 0 {2 0 X} {-111111111 -111111111}
::rc_st::fg::map_reify_hier_drvr_info {1 . B 22} {2 -1840559247 -340034827} {{95824 0.0 111004 0.0 79857 0.0 94262 0.0} {95920 0.0 111100 0.0 79953 0.0 94358 0.0} {96122 0.0 111273 0.0 80155 0.0 94531 0.0} {96506 0.0 111599 0.0 80539 0.0 94857 0.0} {97219 0.0 112213 0.0 81252 0.0 95471 0.0} {98551 0.0 113374 0.0 82584 0.0 96632 0.0} {101214 0.0 115703 0.0 85247 0.0 98961 0.0} {106541 0.0 120361 0.0 90574 0.0 103619 0.0}} {1 0 0 0 0 0 0 0 0 4054 4067 12365 12347 37298 37188 112098 111708} {0 0 1.0 5 0.0 1.0 1.0 1.0 1.0 4.6 1.9 2.0 64 64 64 64 1000 1 1 1 0 0 0 0 0 0 0 0 -111111111 X 0 0} 0 {2 0 X} {-111111111 -111111111}
::rc_st::fg::map_reify_hier_drvr_info {1 . B 23} {2 -1840559247 -340034827} {{99066 0.0 114914 0.0 83099 0.0 98172 0.0} {99162 0.0 115010 0.0 83195 0.0 98268 0.0} {99364 0.0 115183 0.0 83397 0.0 98441 0.0} {99748 0.0 115509 0.0 83781 0.0 98767 0.0} {100461 0.0 116123 0.0 84494 0.0 99381 0.0} {101793 0.0 117284 0.0 85826 0.0 100542 0.0} {104456 0.0 119613 0.0 88489 0.0 102871 0.0} {109783 0.0 124271 0.0 93816 0.0 107529 0.0}} {1 0 0 0 0 0 0 0 0 4054 4067 12365 12347 37298 37188 112098 111708} {0 0 1.0 5 0.0 1.0 1.0 1.0 1.0 4.6 1.9 2.0 64 64 64 64 1000 1 1 1 0 0 0 0 0 0 0 0 -111111111 X 0 0} 0 {2 0 X} {-111111111 -111111111}
::rc_st::fg::map_reify_hier_drvr_info {1 . B 24} {2 -1840559247 -340034827} {{102478 0.0 117939 0.0 153590 0.0 153590 0.0} {102597 0.0 118016 0.0 153702 0.0 153702 0.0} {102804 0.0 118194 0.0 153919 0.0 153919 0.0} {103180 0.0 118599 0.0 154278 0.0 154273 0.0} {103724 0.0 119299 0.0 154780 0.0 154753 0.0} {104592 0.0 120403 0.0 155703 0.0 155707 0.0} {106329 0.0 122610 0.0 157854 0.0 157859 0.0} {110179 0.0 127025 0.0 162577 0.0 162164 0.0}} {1 0 0 0 0 0 0 0 0 3255 3349 10061 9984 32008 29891 97847 89613} {0 0 1.0 5 0.0 1.0 1.0 1.0 1.0 4.6 1.9 2.0 38 37 101 100 3000 1 3 3 0 0 0 0 0 0 0 0 -111111111 X 0 0} 0 {2 0 X} {-111111111 -111111111}
::rc_st::fg::map_reify_hier_drvr_info {1 . B 25} {2 -1840559247 -340034827} {{106447 0.0 122178 0.0 156524 0.0 157694 0.0} {106568 0.0 122255 0.0 156628 0.0 157771 0.0} {106806 0.0 122426 0.0 156847 0.0 157942 0.0} {107232 0.0 122788 0.0 157299 0.0 158304 0.0} {107906 0.0 123438 0.0 158104 0.0 158954 0.0} {109009 0.0 124523 0.0 159446 0.0 160039 0.0} {111214 0.0 126690 0.0 162132 0.0 162206 0.0} {115958 0.0 131027 0.0 167503 0.0 167252 0.0}} {1 0 0 0 0 0 0 0 0 3635 3437 10643 10135 31667 30228 94738 90506} {0 0 1.0 5 0.0 1.0 1.0 1.0 1.0 4.6 1.9 2.0 32 32 50 50 2000 1 2 2 0 0 0 0 0 0 0 0 -111111111 X 0 0} 0 {2 0 X} {-111111111 -111111111}
::rc_st::fg::map_reify_hier_drvr_info {1 . B 26} {2 -1840559247 -340034827} {{108683 0.0 124358 0.0 158317 0.0 159268 0.0} {108805 0.0 124436 0.0 158439 0.0 159346 0.0} {109042 0.0 124608 0.0 158676 0.0 159518 0.0} {109462 0.0 124970 0.0 159096 0.0 159880 0.0} {110134 0.0 125623 0.0 159768 0.0 160533 0.0} {111238 0.0 126733 0.0 160872 0.0 161643 0.0} {113445 0.0 128952 0.0 163627 0.0 163862 0.0} {118745 0.0 133390 0.0 169190 0.0 169165 0.0}} {1 0 0 0 0 0 0 0 0 3166 3462 10454 10311 32318 30858 97912 92499} {0 0 1.0 5 0.0 1.0 1.0 1.0 1.0 4.6 1.9 2.0 32 32 50 50 2000 1 2 2 0 0 0 0 0 0 0 0 -111111111 X 0 0} 0 {2 0 X} {-111111111 -111111111}
::rc_st::fg::map_reify_hier_drvr_info {1 . B 27} {2 -1840559247 -340034827} {{110616 0.0 126313 0.0 159026 0.0 159713 0.0} {110738 0.0 126391 0.0 159148 0.0 159791 0.0} {110975 0.0 126563 0.0 159385 0.0 159963 0.0} {111395 0.0 126925 0.0 159805 0.0 160325 0.0} {112067 0.0 127578 0.0 160477 0.0 160978 0.0} {113171 0.0 128688 0.0 161581 0.0 162088 0.0} {115378 0.0 130907 0.0 163788 0.0 164307 0.0} {120690 0.0 135345 0.0 169249 0.0 169881 0.0}} {1 0 0 0 0 0 0 0 0 3166 3462 10454 10311 32318 30858 97912 92499} {0 0 1.0 5 0.0 1.0 1.0 1.0 1.0 4.6 1.9 2.0 32 32 50 50 2000 1 2 2 0 0 0 0 0 0 0 0 -111111111 X 0 0} 0 {2 0 X} {-111111111 -111111111}
::rc_st::fg::map_reify_hier_drvr_info {1 . B 28} {2 -1840559247 -340034827} {{112898 0.0 128669 0.0 161453 0.0 162069 0.0} {113020 0.0 128747 0.0 161575 0.0 162147 0.0} {113257 0.0 128919 0.0 161812 0.0 162319 0.0} {113677 0.0 129281 0.0 162232 0.0 162681 0.0} {114349 0.0 129934 0.0 162904 0.0 163334 0.0} {115453 0.0 131044 0.0 164008 0.0 164444 0.0} {117660 0.0 133263 0.0 166261 0.0 166678 0.0} {122972 0.0 137701 0.0 171825 0.0 172306 0.0}} {1 0 0 0 0 0 0 0 0 3175 3468 10463 10317 32327 30864 97921 92505} {0 0 1.0 5 0.0 1.0 1.0 1.0 1.0 4.6 1.9 2.0 32 32 50 50 2000 1 2 2 0 0 0 0 0 0 0 0 -111111111 X 0 0} 0 {2 0 X} {-111111111 -111111111}
::rc_st::fg::map_reify_hier_drvr_info {1 . B 29} {2 -1840559247 -340034827} {{115742 0.0 131512 0.0 163709 0.0 164912 0.0} {115864 0.0 131590 0.0 163831 0.0 164990 0.0} {116102 0.0 131762 0.0 164069 0.0 165162 0.0} {116524 0.0 132124 0.0 164491 0.0 165524 0.0} {117198 0.0 132778 0.0 165165 0.0 166178 0.0} {118301 0.0 133888 0.0 166268 0.0 167288 0.0} {120507 0.0 136109 0.0 168474 0.0 169509 0.0} {126510 0.0 141351 0.0 174488 0.0 174751 0.0}} {1 0 0 0 0 0 0 0 0 3812 3773 11829 10805 35879 31904 108030 95198} {0 0 1.0 5 0.0 1.0 1.0 1.0 1.0 4.6 1.9 2.0 32 32 50 50 2000 1 2 2 0 0 0 0 0 0 0 0 -111111111 X 0 0} 0 {2 0 X} {-111111111 -111111111}
::rc_st::fg::map_reify_hier_drvr_info {1 . B 30} {2 -1840559247 -340034827} {{117771 0.0 133204 0.0 165738 0.0 166604 0.0} {117866 0.0 133300 0.0 165833 0.0 166700 0.0} {118064 0.0 133474 0.0 166031 0.0 166874 0.0} {118447 0.0 133799 0.0 166414 0.0 167199 0.0} {119163 0.0 134415 0.0 167130 0.0 167815 0.0} {120506 0.0 135604 0.0 168473 0.0 169004 0.0} {123196 0.0 137982 0.0 171163 0.0 171382 0.0} {128576 0.0 142739 0.0 176543 0.0 176139 0.0}} {1 0 0 0 0 0 0 0 0 3902 4120 12339 12370 37650 37120 113584 111370} {0 0 1.0 5 0.0 1.0 1.0 1.0 1.0 4.6 1.9 2.0 64 64 64 64 1000 1 1 1 0 0 0 0 0 0 0 0 -111111111 X 0 0} 0 {2 0 X} {-111111111 -111111111}
::rc_st::fg::map_reify_hier_drvr_info {1 . B 31} {2 -1840559247 -340034827} {{120044 0.0 134686 0.0 168011 0.0 168086 0.0} {120148 0.0 134795 0.0 168115 0.0 168195 0.0} {120362 0.0 135018 0.0 168329 0.0 168418 0.0} {120783 0.0 135426 0.0 168750 0.0 168826 0.0} {121509 0.0 136047 0.0 169476 0.0 169447 0.0} {122725 0.0 136962 0.0 170692 0.0 170362 0.0} {125157 0.0 138792 0.0 173124 0.0 172192 0.0} {130021 0.0 142451 0.0 177988 0.0 175851 0.0}} {1 0 0 0 0 0 0 0 0 3813 3775 11888 11850 36114 36076 108793 108755} {0 0 1.0 5 0.0 1.0 1.0 1.0 1.0 4.6 1.9 2.0 48 48 48 48 1000 1 1 1 0 0 0 0 0 0 0 0 -111111111 X 0 0} 0 {2 0 X} {-111111111 -111111111}
::rc_st::fg::map_slackq_result default {}
::rc_st::fg::map_slackq_result clk {{1 . A 17} 0 {1 . A 16} 0 {1 . A 27} 0 {1 . A 20} 0 {1 . A 5} 0 {1 . B 12} 0 {1 . B 5} 0 {1 . B 8} 0 {1 . A 0} 0 {1 . B 15} 0 {1 . A 2} 0 {1 . B 29} 0 {1 . B 10} 0 {1 . B 26} 0 {1 . B 7} 0 {1 . A 4} 0 {1 . B 3} 0 {1 . A 21} 0 {1 . A 6} 0 {1 . B 13} 0 {1 . B 24} 0 {1 . B 27} 0 {1 . A 26} 0 {1 . A 9} 0 {1 . B 18} 0 {1 . B 22} 0 {1 . B 30} 0 {1 . B 31} 0 {1 . A 24} 0 {1 . B 11} 0 {1 . A 18} 0 {1 . B 28} 0 {1 . B 6} 0 {1 . B 21} 0 {1 . B 14} 0 {1 . A 14} 0 {1 . A 29} 0 {1 . A 7} 0 {1 . B 2} 0 {1 . A 8} 0 {1 . B 4} 0 {1 . B 0} 0 {1 . A 1} 0 {1 . B 16} 0 {1 . A 31} 0 {1 . B 23} 0 {1 . A 23} 0 {1 . A 13} 0 {1 . B 19} 0 {1 . A 19} 0 {1 . B 20} 0 {1 . A 12} 0 {1 . A 15} 0 {1 . A 22} 0 {1 . A 3} 0 {1 . B 25} 0 {1 . B 17} 0 {1 . A 28} 0 {1 . A 11} 0 {1 . B 9} 0 {1 . B 1} 0 {1 . A 10} 0 {1 . A 30} 0 {1 . A 25} 0}
::rc_st::fg::map_complete
