read_db -super_threading -from_tcl {4Aw+EkMzfnx0GZyr+P06TKSkbPuKUoQ1uFyvz7E/Z/U/SFB9/LCQHgvw/nPhviur1MOwJ32Yzomi T93WcnTk7fxbE7r/RYC/pNWKzKXp8lQmp9Lnw1t9XCMOsVsPjmVSlODjNWqGso66bqdJSxGfK6OH Y1rUZFYHu2ZXvYMEkDvVBbWCGk+i3p07W6E3pcLfWU5G+1PPKtNVPwkIWMSNju74VvMRrEEF1fhx /SJ1IYYBODoOxBvhQ75pnxlx7SkChK5FZ/cVy+r3pOhjLmCoQoOlcAlg/tlBXkkk9uYgxiIKt/lZ Y4pxNJzAJ2+zHyPuH4szIO/ukpRW5yC87Sfxi0YGYKYDiKmKKQz+r+qKFi6hRCUiPTqQ8iZ5fY8M r/laOkKhIz2sx5Ws4heaQbnIJWO187q5aFzCs1CpRzrcAxyC/dMwUT9X0f/R48LZKo16tgj33HKx JVzsK7ZrcSv9W08PV7B7Uh89N2kalsWWycJ886W4Di5nWhrPQwKCo17Sk3nrctkQAjfA5gJKv+K2 UiCDzg9rYN/oc6xyqebA0iSR48MSTXQqfEHk+jmAnkE6FSrwxzIIKDEbq31NMZX4f4YdqcvYX3+u YLf0aBg8ETy3PL3tS4vzLQJyuh2MiVsumDZIgChRgYOG2H4uLI9sRq6Ofmdp4dQ9Xdzcjs3WdTsq cbj+9SzaLZqlvfMx0cHxb0b4Oeg5Hop2sHe4OiEOuyFKvb6LdEyZtdnS58/+Bt7Zy+dwcnsmKXAZ wHUSR0bf4yQHl+zEhWiQkbnd5H4tBV00tM9IkP5VvOTo+MeFx8dv4X+3Te+YWlTCyWxgwAmY1lKf yVnXPRhle4OQltWUyEU4nM++zp1hP48lSrnabEDxxVD83GMZalccCCwslC/jpnb84s+YceU77XRG 4uvw2HCbE20AFz4ssH4JS2UBjWOvIWrUsYnQZLPc5QPxm7+GW+oQpLZJXdRmsVTEMTOeHzg4PRuF tzgWTLVRP6I8tA1UPehTRKaCVsCXOks7NJvIMeAmHcRPW1yq5zsNKOn8qp0chZt/bdNQPFfOElf/ lI/eM+m0Wbb8XI+WgsAuPBRYcFJl7ZS6kixqOnTzXsHJCkgXWzRD22rN9Th5hVdVpM098rMVdMVI 5UjuRXkV4Ed+4tt0sSHCFJZMMxF2XP2MIA5DENjUs7MRLB3ITpXCp6vjW1tzeNgNb9ZMRom+vlH1 t+xIWY/PMeemrGWR8KpyoZ8F9zJ9HN+VPhY+tPei7GSnzgEqdgTRDREizTJRtY57S/uIVrqQn4CB WViBqVkuW3F5QKEACKq7artpGqK96p9amB/LZkGeJtebgeUXtUKzbg/KHjKV2OdyoA5tQqew9esp 8INLXL4DaE/2AqCdRRABhyvznvxXt8rBs1iCQK8YLFJzf4ItFFlIeQsQDoouBlxKLEf7Da5M2tyf 0c9QbIhDWCwK7fp7rDb96lFR2qcaoIE65odvAEbak7L4+H44E6gqaxMbRsw8dYIa30otSl9MDkSj /QLoDuBs+xAryZshYRQHTo2Kh67AqgVLf6G5YGZtJXru2bSWTy16FTo8SWnyy4JSmDwFIbsdqyGV n+NJbO6jlx+HYbXbb27598Yqnjoh0uzI3RtUChBeDMTH7NQZGkWgrDsqCmY5whfLQFSnDLS4Ohw3 moojPT01stciN/PosZN9SxGxio3khlVwxJ3HpQujo8iu6Drr7XwU8otxhmLiZWy56kcAwlM+UX+X dw06X+utGIWHZy8OeGwd1bF6s4umpwxB51KqqhVNvI3euraYNitvdV4wLxjcT1+HIoC6vvUE6DL6 ScHf4vvt5fMzNh8DTz8R1sm/NuR1Blcaf9rEVQt15zXsLDIo6YAP0O5RXonDNJYp7i7i9mNtaqYi idRmt4Eo55GozFk53m6/RO/lwhKoGVQDY9CRJBuSBcLgf6buX3D8F9fp1EEgg0VhT8L1waODtjXr Rqr33Jf3f/jwrzvjbR+7Sl510Hw74l+zjVVw/xr5DfjVVvdtDWbTVKAS3sG2EXcRDHN32InSB93R h5mgCDE3Gk+EnIFoEV+XDPj4CMDqjnaMvHDGzrec29KAomuMgPYGX9ORjWkVTG2GnRxYKDcAd48H GtSPGznhED+eZohTmmklXjNOzqrDKWNvldYwbtuWMIdOsZnKoh0DwrH02u9WYH92FyY3C4QLtxr9 QT6SQBKLLT0QfKuiouICy/JvQMvoKAACPr9txTm/3OzwUbRaf99D3GwjUaiw3jLhiHSfjZjvvthy 2xFacfiVO+PW2i45g9A31+AEGR4mJOH7531vrFdc0Y+IMA4BwJSiYvY0dkKA+uj1R7oeiJ5uaJyR Smcw8uF7L675JmJ5vWSDwdxG9VO4griQBqM1xgzM54dDGK4Tn8mRtnjuh/Lq6gdUbJIvRuTitO8N zLNZJ/geUfN8Q4kTq1hws+1pSvzgx2Rbx3EBFt2lREw4dE3oVGwoaVym7HuZ4hEnf7i74hMulKg8 Ag7jySFrQofZiizNEU8du2Ng1FUK4Bk8ENLnBubuF48KITI8WrEEfz0BkUxXyXLconmDMHFB2Ets 6WpznBw6vloEjX9uPh7w6hsMVuuTxl3Ix+EfMw9v4inI/Ze0EFXVp3DcnwbPj8OkBnXvTVXXhCea 7j2k0LLws22f8tniHTxPbbEW3J/M3hpkQSGj7d8U0StqYU8lHOLzzxHWOu+leNoK3F68oBG2VYkk dNbYJC+68VjL5ZZk8DmUss7AoBKqvYKLiV078UZ5BT6B4taUTZrqWnqg3iuY/mpghc8JU7XEMaRI xyltW8mdGWyG5+nTx7tRE3gPaZZIiz9Zs92ahKvgNPjp8bcMBg6S5E9/mDGSek0Jiyfu/HhiHFve IC4z6hERF+WvLGHKVrWHebkh7BTTAFVRBOsQBO8mGNQCbDXoPRmO85hpn1CzUq2rNXRpTRcyqJDL S04ap6L4Keikt1VsCXuiPB4+8v1kPJzCS037+g4wYNzHgO5b7mK2rC43ZncsEVCpIKLjh2LrFQry 2ljktJKJgipC1wHQMtiIg7TkNxqdrWZPp3qU1KeodiKvuKGapP58DbR7KHGE1TL91RdVGzrHjsxb oF4uiitnBcXfcNmc+me0KXP2ezNxiNkePSNa8s1qF//nS9zTy8BBs+bIatM3uAJaCL7NfAQ2xV9w 7txXQJZssUJdgY7tS4dYA+Ywmd7KSH/A1TNDp7wlLSidTZMsOiVbDaBryOIhE6mH571ffFOMNsSB CmUXkU0MhCN0eT+n9ALE6qlQCVCusYl90lylHPykIXphLETGAB9kRamxOTfI2Scvt9prWpy6YZJA tI6fDngC7SNICUlCCZZ8rdOX3O9AJ57Q1chI2LkIFRUZtM74BQQUP74Lpa99ZzSwjUSzwWA02ved BwXTl4pEo+D+fC42zbbApAL9OCizg1Lp05w5deiaIapWl55Ri+ojjbKZjsqh7aHifUtFGtF6RKYC lzEYuJ/GQEgs3KXxKuHOp32bt47NH6cT9l/RgIJepgFSDchj6BXN0S4X4ZUp+CRYO7H+OMNnEIEi cCSniFDJyTjsGJJABuYwJ/SAb922eWbXbJJzajbXnEFFFONPhRUQDWdZqa++P050ETp4jrInVC/o kZcZEi0LIrLUd2O82T6grDoBvOQdBc+hgJFc71GCzAAy2i3Hrbmnm3o5RBpcqoZau/VnfDIue6Iq j/Vq9irhfyG+0gbGk74Jwp5yCHCaZRf4Rvj6NmnkPdci/h5Bz6tayKEvxyhYcdGNCiOT7eowSkzy kNBp1ZtXEIRs412/FOGmUNOVgdhQoRtj/GbvpRT9dRtQRqXP/ja1Jtzn5DT9Ez/WUjPQ4KNwbHuM j68tvfcOa41aLHsRu7taM+KlzIAHE9knnhi5wSkioPpX+xVTX5xe4ttZLcMqIDDNIY3yMyhq3EIN WOpCfWe741x+kduMQV/RmW6jjautUd589NBU9WzAM4IN6o9QrTy+dSKIu5ukFwORaRBJveOPjfQJ 4crhJgjPTtcb52Z6N11EUsePdbYjDdqztoNkR/oDhPi6uo8GJWe/nmQsVxw6z3a6t8klUV5Bdkto KOfnIMhZDXRBeh+ZxXfUskZzYDPEElE/bgPyvYki05tOWhCYBDKSU6OKvvEMy4rRx9EBiUp/LNZc WBraCjOlO33laq1BZiEpU231f2pvtNQDIy3uVbIM3AzNPKlif5GzNpTiVggSG7/X2TPR+XlOszEd m9vwTNrjeq9Jb2bqnTvN+AKv4M/KbfRviwglhFxll2Jecp3LTQOMB511yNDRdNOUPClzJ1SMRHuo z7xFfl1POOggfKRqEWOzc/5wgiy5ykMvyIvFj40GEuLqD9HQ2JrK+R0PiIM8iVXjX8z5y3HqzH9e QkuSQGeRD4P19wLx4X1cn9BJ0cbcoR7yh3K/QNU5tT4z9Pk7O3xXqOyD5U8yEtF2WcN7/u/UHgDe RGD/XQUGu+lFZBsLCdsVGtPh43rxAAlDQw3G9COgrVwugoK5oG6rxO7pCJ0B+EyKV6+cP+TZk/DT d6LdG6SSDt5dWYHr1U8W67roXnZXxg116BaUgDGZGXLsR2biOlo8R1QzedfWGiloiLgjPYo7grqm tyiDMMgFBD8ry1d52yes0H/QsEaP35Xa9c9kU6dpp+GUsBIKfO7e19kXP4qUcJzZuIeP5R9LLjPf yMlP5pOCC28XDNgxshsNnmlSPrPf71md+B1dgWX2wUZ7LVEDZGvXvOnMvWZMLY0GeeF8SDp4qwgJ cMWLFFUBsmD0QPKh83/6AS4cRbJhaW7jQLYOtYMrn5e17/2rhEUIUefvMZLXihRkyhbacsiSw9BE kTbK2xYy1m1HbrQa5A8HZ2UJ2gxwyFpmWRZyoP3jQ8lda77siUdaiDLz78YWVaFVCwIhYCOsa7ET M/VLByuZSoLFlgCpDAi7HxmFNcArsKr7j5xvbshUsluJWtGpQs/tz5j/lju8wcNHuTTdpQ3SdO+P d1/th2OAwXlE4MO1Rz1uACE+JdI8q730zTQTa4sbmcA4h1AmHsUVMeQyyfdCw8wZyfrzWMz6C5fk D7mNnRg2zUd+wiWtgsPNBQMIwgEui7RlDcQxrvVKG+dbl4t4bZFJvyt4LHhs0MTmsRBpdyMtN1td JfCFclZ4wdafG8lq5Ds1TM4y2XvTAumOf0Dlg7bBFj5Z4oEeELHjqlHrLG5b5gfBmHqy9my3pCtc S+fJghbJaPJy9bUq6Irwn8udJFGHoMuhginKXkBfKElawMRNxm4wQ1kkQOk/SdwwPjcxzpdkWrDu ZAOYGiLZF/aj9D2u5GF4p9ENts7paw7iVQ9/wuKNeGULDWT0OmJsAHk4zKHU3aCWVt2NjOccyeSK Gki3NbjsjMb2vQ8+gxnMow4Ul4ib4lMoM9AY9GDdvYwao6EBm2yQJQtLpc9MLY3C6eiEMrQL7L4D RE00OGVCh7JlVjtVsLoCa6aESmIYRZfh1c6WFF0Y31J69InwsP475onupNznmCqNTXuSnLHv39lh lsnSlKqHXpFBL2OjOLWDVo306AfSoGLI/EDciNh9GyTrx0EKLnu67ZdfshkjI3No6Fo0Aq/n99h8 RsKg8oGyU0rscnOZeFxeqpRlCP+ltu8AUDfIP7OpTqEObqvziX4nYsZr9T4T5rZpqvwWUw/FpHYn QXTciPIi/28QJSVhJEXLgFGPLxFss22v+lSABdoo3+28Uaki08YTo2W656cZI/UGhML/2wcZxOOf ezx4Syxvl3ELCXRZN/FNv/gyQoMlPvpDSEz03IpDOcuGWetLW9r97gwZCVQGhfpFX5zMaYV2XmcK 5KvRAbX0fLhNp46gkpC0cgPXKgRDbjIJi0P9xleBl9+beyeA0j9OahKn7wB1d1DiipMKnJcezCqU p2nVsOiMVA0186iGsdPaH0rn/xSSVp/KGYyx3DuwBQxLkC4EcknkdR3Vwka2s2daNQo9hRQsGmNe pRPc4jSnF9VqjWzcJOOrHcpdikKXjubj/troRFAX34m1PgOsZILL9Jo5D1+pheT9C8KfUhL6m3Ol hQUzxKaw2TvJBPExslBKbg8lmjgHzGXNB4aDGH9bE0jE4IPZEwuUMmlFtusKu1KV5NOEVyC+wZVR FipnZw7fShyhnyjTYVXpWSoDI/sCQHs8dWQuq0zmfiQqOeE2+CssBxXul7ip/vwTJypioXRu30XL 90uT/hoTcNK22vdQhh0+FTJ6qdP6btSsUVdyR5IjxcLdAnL/qNSlpDRUk0L00G4pEDNv0cRDqPxi BU8SuCwIE2Mw6eHlJDWjBD9rcmPMj5CKjnVIddgM64zJoM4bdOv2SjQe79cxKAsS3+FsqOGxFWcq P2clAFrzY+hHFXvF8UUilyrt4Yg7k/FROCzVczU2/XgGsbdRitA82yCVUTHolxvRogtUzDG/CS6+ uCOYjHFFPl2dvhH3a0G4BoLxV4CObACF0BvgPi1W6Q+FYU9fEqPU/8EuU6uibd032fNWG01nIHWK lf/2DWkoTq/rTc/wwg0v2tNJnzjeqYodKCRLo97JmNlpeWMaFNOL5GQ3i87YL5Nh8d+VXQqDd7M4 QLDOgJZHufXHmVFH3tjUvgd9ih/ufPpocxit4FgZlk9FkM0XJp5iEcLfCicWfQoVmblcGfzCAWD/ CUqfAEjpBsF4EEeSnyANadgQyIB7RubfvxJXl3Q1pfswOicyyf3WVj5qjSLE77g8IJahugONj8WX d7yWGEyhsjySkLHibdS+vI1ctsb5GqYuPvh/BsAzvl53EzbzDWm14qzVfUTm52uKjQ/vUHJ3kKhj ikaD8gvAiuWKFFT1N4UQFYSiKdv6FfHEuTNLAaMBD5/hQOgLPaMbMjx5Xj4UwYZja5t/P3hevH/F 6D8eAC9VzmZy4NJprE8QA653zSnHzVlxg92wSf2sC4Ya5tx4Qo4iqVU/QPtB2ikQcvYjH8xwkhva RKQE7hNB4DrcA9YQz20zU4qJR2h0befuj938E4uWU0LysWx80rJ+DndZSGfNadcm7qAeHKClwgPM jQA97oMs8riQ3QJpHT+V9TRIQTjLKSUBwuAffnYvRgH9JpYA+iwGRtgSokyONRXqWYh8UOo62Qtk K1i+grqEnqC65pRLl9vmv4SHZVlmTTJPjyc8AoFdDg5tCMANn2UQ2/efXk0A/k9RKlQb2LBkpWv7 TdpKHx24hVvz/JjACr4QiDwXWC1QE0FWt3/KoqOcsSABDeEPI9LLSb2+twCUhXLswHdRBOh6GSAq 8zg26rx5Jizk40w/WniXyKm8igRWHTogtAsjgSzlT0nJE0RaGVawvS9mfyjeEFT2bz50cy4V1CWd yLxlMF8UEV8RTMeBDZgAlD6ASbyQvFfJpc7iPtT7oPdaH+Rql8hz4YXiuiylr9sA5gnEwEkV8ylZ sP+zmG+UOSQuWSbfxqfWywQGfrs6sAArl5r2HpJTi2Hrl5ePeSj7YqoabiCzDEe2XKMoT9nFlpVD XDt387u/hndzBJpxUOqdO1vFp1Q45L+Jb2mpHrIlsoUCo8xjCgp6Dgfimx7XmNJgfKDiT55doi0x 4aFZOXz9xtANMUECnQFvod5UVopntbBiXCcjuiqE667AGmTHeF/ccaCZkvCNdGB5KdfvZSDEOoPi p7EJtS0xK0qq6t0ROOXC2qc98SkA/eaqDWLnOI1Omc5r+kiwc0UmkrOb9qCMopz7RCH1r28px4QH KH9LliJuo+tRqoPdKJrFUrV45mDOgBWjCb03HgwuOfqPKNXwH4aQe0fmV/o94aJ2XkFHO9f9XcWa Q70gxhNDFTtw7gomx/BOJoj5NnuZ9WiodOwuHyMyUV/gcVkLnc1KeoNm70EJTP6mScCwGrlhb1tu 4e03hHANymXduZMB3LMWuKrNx1v6G83BAYyi+XkV6j7jcpsklOiJYluJeYDXgdaCmhaxCC93Dcl8 4F+W03m8vXDGRNdwWWno+XUWxVuGyyQncdV6xelWzVQAO67PzuBJwmI7KmA9lu45sNIpjC8VXATT 9F2nXbYSV/CUlSS0/jPrdqfVuX36lNy57utITIdYQLA9y+FthzaPZRsLrc090DsnOAsR87IRkhiq jMnjBwmGNbWgXsAXZhW8aVnBcQXFdN7va0Vnq1SlGunuvbyZ3oeukDo8rgRYCM5Lpxi/8w0rIuD8 hImYeSPubFzH/oeV90/txJDmX1Hm0iEBQy0eSTd7BL7zF7W9JeJUlpfEMI0gZJKP9Du+9qMXk2nx S+SLPVq2idiYpmJorMFr1C7EcCAXIhwr7oS5JJCxQZEzzRJ+2LFOmGWcrwkW6O2Gvn+FDYMUQA5s G6EBMWFyJl7P3jCv5VrlFAOMhAxJSEV4EcSxCz8or6xMCGchPVIG7mFBZPfgwH+SdAb2TuJCFM+o UGTJ33kBGXv/eb9adbiyuKSsUbtSMpYfjRmoPPEazhSgKtJnr2mwpIu8Ks/qFjJBRTeupB7jwfHs Hbfpjrk+98oDn8qzMqAtl3Xd/POYMW1pbgymnu3i76prcgFzzjj2bSV46N7p7qwQZjE+zaTFmwUN M6DkjY1YOH1jLf18wCNpVVT1UJcgIoAR2crrir00OXLqyaFN7okVluR33iiM7qZYPJZfLWOPpwfd dIIHGPUVtuvJ7RpHXJx/jMjLjZeApnLmMUHFbJlx+wgn/eSsBixrkpOLTKCYwHk5ukJIUGv0bjck F66Yer/ChOJjUHj27/EiFqXlYWfLeNi0MfCemcDJIVy+jDsuE6P1/CO8MeWAUIAWcIRKCSh9GWGt mM84BPzJcK/zDWXHDD3lCtZfKAQWGnhUMWdk/t+J4r7d4jJPPB55Pf5VENSjgCxgWcAa5vmFPwtP n0xaREImptDLVhw+nqvxH+GvMW6qdy3sNHL3Mp7aIiBOV3CN1PoYXBsOot03zxzidOAhB256cl9P o/FOc8DtRlMUmo2mw2BP/fC9e3QftLecYTsxCkZKlpb6XClR/ibcSXVwuC0EwmKgdLBx2H5q+t00 YcNOIn/U7UeZuHJeOcAwNlAwm00pW4tPJ3+CsmlO8lsXQqQRxvmz+zD6pDF7PP9almmysP0e8HvM Rqn7iqqlaEDcqeWPFVSh4l8K0msi9KzEr91LmPUvoJpX+f1KzE5mfHrH3iYvCePZBXRfJl6ndY7K +8r/Y0c5+Y1W5OCgZsQU63yWjoGxFf6hTpuqEWvBJxUxqYbqWF1nsLGM7oHrbyUBuWlCQL28rfMp opGDplHCmWWJyOH7AMV/jCFzAlIf9OvFCdyQO82CyydS7/V2ApG1+uJ43FoYQlDFz2WyArewzbHr t84VRSBKuptYX1dVJW42LqiwH19k/fGa3mW7HQq+IqHPyvaxY247WL1oXm8PdZ3eSHrORbFnf5F2 Am7pi8/dWbiIcpYVI/Xv85FrF9TEs3Pfck2T+TD/YTCthuS3JCUhLPJfJDNL2h8oEeqWcSNkOSiL wFU99j8ijxHvPdsB2wkAn5lgZCmAecpOedN9zH/xxZ4U7BwLQqq81zyf1TQWCZmHXodASY0oiHsp IazU3pOY1K90vg9JtXKKTu7J3j7nNJhfG0gEaLUz+5eXgJUBC7bjUVLbxVzmbtI3OnBNLH/0h19S NrD4Xik8XqWuguDeVeFFlaaNdAzE24NffHfhLuCOCjJFct54xEv10KP6KzqiqDRjb1AqkG8Gfi9+ arJqyCtkb92+1cVFph8a7/9JdZicU3DmzB/3c7HJnTJWnpKWlvjAJqhMoU0jHO5HR+J+618mFZjQ jK8zNk8rjraZyzPQ2rlj9/cv4fE0WXauKyyD2bkOkfP0dVjOP9TAVZkPt7VUrygBIfCvj9cQkfCb 19ZvnxhrjK4F+9/3JcJBcZLCPj2QFBV7RUGVgFfZwHV37am9avrEVUmOo17a/+ziWhfpZ1yYUEfy D2LlKWP8ewzG3pl72hattXQB6CyKFzIq7gNB5EK2MTz74Ai278QjzXbrfJzCQCuE8BAwoFhs1mX5 qjn9l+6I7I1jupuHQFuHQ8FlCY9OOrftsLQuE3EXQDwxhX3Lny2v0IrGQqf46zQ5BKwpwfcTP2FN uWudFByZprwAvRAC7PWYxcPHabnqyTVntxSaYo+MBpRZoUvPvNey}
::rc_st::fg::map_reify_receive add_unsigned_carry_25383 -wlm {1 0 0 1.0 5 0.0 1.0 1.0 1.0 1.0 4.6 1.9 2.0 0}
::rc_st::fg::map_sa -1840559247 {0 0 <default_clock> 0 1 0 0 0}
::rc_st::fg::map_sa -340034827 {0 0 clk 0 1 0 0 0 0 0}
::rc_st::fg::map_reify_hier_drvr_info {1 . A 0} {2 -1840559247 -340034827} {{75361 0.0 76250 0.0 146100 0.0 146988 0.0} {75483 0.0 76343 0.0 146222 0.0 147081 0.0} {75726 0.0 76511 0.0 146465 0.0 147249 0.0} {76173 0.0 76828 0.0 146912 0.0 147566 0.0} {76901 0.0 77388 0.0 147640 0.0 148126 0.0} {78103 0.0 78364 0.0 148842 0.0 149102 0.0} {80506 0.0 80866 0.0 151245 0.0 151605 0.0} {85311 0.0 86833 0.0 156050 0.0 157572 0.0}} {1 0 0 0 0 0 0 0 0 3696 3524 11223 10315 33804 30690 101547 91813} {0 0 1.0 5 0.0 1.0 1.0 1.0 1.0 4.6 1.9 2.0 31 30 50 49 2000 1 2 2 0 0 0 0 0 0 0 0 -111111111 X 0 0} 0 {2 0 X} {-111111111 -111111111}
::rc_st::fg::map_reify_hier_drvr_info {1 . A 1} {2 -1840559247 -340034827} {{77723 0.0 78688 0.0 148461 0.0 149426 0.0} {77821 0.0 78781 0.0 148559 0.0 149519 0.0} {78018 0.0 78949 0.0 148756 0.0 149687 0.0} {78465 0.0 79266 0.0 149203 0.0 150004 0.0} {79193 0.0 79825 0.0 149931 0.0 150563 0.0} {80481 0.0 81218 0.0 151219 0.0 151956 0.0} {83205 0.0 84780 0.0 153943 0.0 155518 0.0} {88653 0.0 91903 0.0 159391 0.0 162641 0.0}} {1 0 0 0 0 0 0 0 0 3696 4191 11222 12581 33825 37751 101861 113260} {0 0 1.0 5 0.0 1.0 1.0 1.0 1.0 4.6 1.9 2.0 31 30 50 49 2000 1 2 2 0 0 0 0 0 0 0 0 -111111111 X 0 0} 0 {2 0 X} {-111111111 -111111111}
::rc_st::fg::map_reify_hier_drvr_info {1 . A 2} {2 -1840559247 -340034827} {{78358 0.0 79495 0.0 149537 0.0 150674 0.0} {78480 0.0 79588 0.0 149659 0.0 150767 0.0} {78723 0.0 79756 0.0 149902 0.0 150935 0.0} {79170 0.0 80073 0.0 150349 0.0 151252 0.0} {79898 0.0 80632 0.0 151077 0.0 151811 0.0} {81100 0.0 81607 0.0 152279 0.0 152786 0.0} {83503 0.0 83556 0.0 154682 0.0 154735 0.0} {88309 0.0 89404 0.0 159488 0.0 160253 0.0}} {1 0 0 0 0 0 0 0 0 3696 3536 11222 10358 33802 30822 101541 92213} {0 0 1.0 5 0.0 1.0 1.0 1.0 1.0 4.6 1.9 2.0 31 30 50 49 2000 1 2 2 0 0 0 0 0 0 0 0 -111111111 X 0 0} 0 {2 0 X} {-111111111 -111111111}
::rc_st::fg::map_reify_hier_drvr_info {1 . A 3} {2 -1840559247 -340034827} {{80328 0.0 81476 0.0 151507 0.0 152655 0.0} {80450 0.0 81569 0.0 151629 0.0 152748 0.0} {80693 0.0 81737 0.0 151872 0.0 152916 0.0} {81140 0.0 82054 0.0 152319 0.0 153233 0.0} {81868 0.0 82613 0.0 153047 0.0 153792 0.0} {83070 0.0 83588 0.0 154249 0.0 154767 0.0} {85473 0.0 85537 0.0 156652 0.0 156716 0.0} {90279 0.0 91049 0.0 161458 0.0 162228 0.0}} {1 0 0 0 0 0 0 0 0 3696 3536 11222 10358 33802 30822 101541 92213} {0 0 1.0 5 0.0 1.0 1.0 1.0 1.0 4.6 1.9 2.0 31 30 50 49 2000 1 2 2 0 0 0 0 0 0 0 0 -111111111 X 0 0} 0 {2 0 X} {-111111111 -111111111}
::rc_st::fg::map_reify_hier_drvr_info {1 . A 4} {2 -1840559247 -340034827} {{82298 0.0 83457 0.0 153477 0.0 154636 0.0} {82420 0.0 83550 0.0 153599 0.0 154729 0.0} {82663 0.0 83718 0.0 153842 0.0 154897 0.0} {83110 0.0 84035 0.0 154289 0.0 155214 0.0} {83838 0.0 84594 0.0 155017 0.0 155773 0.0} {85040 0.0 85569 0.0 156219 0.0 156748 0.0} {87443 0.0 87518 0.0 158622 0.0 158697 0.0} {92249 0.0 93030 0.0 163428 0.0 164209 0.0}} {1 0 0 0 0 0 0 0 0 3696 3536 11222 10358 33802 30822 101541 92213} {0 0 1.0 5 0.0 1.0 1.0 1.0 1.0 4.6 1.9 2.0 31 30 50 49 2000 1 2 2 0 0 0 0 0 0 0 0 -111111111 X 0 0} 0 {2 0 X} {-111111111 -111111111}
::rc_st::fg::map_reify_hier_drvr_info {1 . A 5} {2 -1840559247 -340034827} {{83477 0.0 83944 0.0 154656 0.0 155123 0.0} {83595 0.0 84036 0.0 154774 0.0 155215 0.0} {83836 0.0 84206 0.0 155015 0.0 155385 0.0} {84291 0.0 84548 0.0 155470 0.0 155727 0.0} {84989 0.0 85186 0.0 156168 0.0 156365 0.0} {86114 0.0 86305 0.0 157293 0.0 157484 0.0} {88366 0.0 88545 0.0 159545 0.0 159724 0.0} {92867 0.0 93024 0.0 164046 0.0 164203 0.0}} {1 0 0 0 0 0 0 0 0 3870 3645 11626 11401 34891 34666 104687 104462} {0 0 1.0 5 0.0 1.0 1.0 1.0 1.0 4.6 1.9 2.0 39 39 100 99 3000 1 3 3 0 0 0 0 0 0 0 0 -111111111 X 0 0} 0 {2 0 X} {-111111111 -111111111}
::rc_st::fg::map_reify_hier_drvr_info {1 . A 6} {2 -1840559247 -340034827} {{87556 0.0 88901 0.0 158735 0.0 160080 0.0} {87675 0.0 88996 0.0 158854 0.0 160175 0.0} {87916 0.0 89165 0.0 159095 0.0 160344 0.0} {88408 0.0 89502 0.0 159587 0.0 160681 0.0} {89241 0.0 90180 0.0 160420 0.0 161359 0.0} {90615 0.0 91507 0.0 161794 0.0 162686 0.0} {93363 0.0 94162 0.0 164542 0.0 165341 0.0} {98859 0.0 99472 0.0 170038 0.0 170651 0.0}} {1 0 0 0 0 0 0 0 0 3595 3295 10822 10042 32504 30284 97548 91009} {0 0 1.0 5 0.0 1.0 1.0 1.0 1.0 4.6 1.9 2.0 31 30 61 60 2000 1 2 2 0 0 0 0 0 0 0 0 -111111111 X 0 0} 0 {2 0 X} {-111111111 -111111111}
::rc_st::fg::map_reify_hier_drvr_info {1 . A 7} {2 -1840559247 -340034827} {{88269 0.0 87549 0.0 159448 0.0 158728 0.0} {88366 0.0 87641 0.0 159545 0.0 158820 0.0} {88552 0.0 87810 0.0 159731 0.0 158989 0.0} {88926 0.0 88153 0.0 160105 0.0 159332 0.0} {89615 0.0 88880 0.0 160794 0.0 160059 0.0} {90846 0.0 90409 0.0 162025 0.0 161588 0.0} {93307 0.0 93469 0.0 164486 0.0 164648 0.0} {98229 0.0 99589 0.0 169408 0.0 170768 0.0}} {1 0 0 0 0 0 0 0 0 3263 3625 10022 10625 30299 31626 91131 94628} {0 0 1.0 5 0.0 1.0 1.0 1.0 1.0 4.6 1.9 2.0 31 30 61 60 2000 1 2 2 0 0 0 0 0 0 0 0 -111111111 X 0 0} 0 {2 0 X} {-111111111 -111111111}
::rc_st::fg::map_reify_hier_drvr_info {1 . A 8} {2 -1840559247 -340034827} {{88420 0.0 89529 0.0 159599 0.0 160708 0.0} {88541 0.0 89622 0.0 159720 0.0 160801 0.0} {88784 0.0 89790 0.0 159963 0.0 160969 0.0} {89232 0.0 90107 0.0 160411 0.0 161286 0.0} {89959 0.0 90666 0.0 161138 0.0 161845 0.0} {91162 0.0 91639 0.0 162341 0.0 162818 0.0} {93566 0.0 93585 0.0 164745 0.0 164764 0.0} {98373 0.0 98842 0.0 169552 0.0 170021 0.0}} {1 0 0 0 0 0 0 0 0 3694 3462 11218 10104 33791 30031 101509 89813} {0 0 1.0 5 0.0 1.0 1.0 1.0 1.0 4.6 1.9 2.0 31 30 50 49 2000 1 2 2 0 0 0 0 0 0 0 0 -111111111 X 0 0} 0 {2 0 X} {-111111111 -111111111}
::rc_st::fg::map_reify_hier_drvr_info {1 . A 9} {2 -1840559247 -340034827} {{90275 0.0 91380 0.0 161454 0.0 162559 0.0} {90396 0.0 91473 0.0 161575 0.0 162652 0.0} {90639 0.0 91641 0.0 161818 0.0 162820 0.0} {91087 0.0 91958 0.0 162266 0.0 163137 0.0} {91814 0.0 92517 0.0 162993 0.0 163696 0.0} {93017 0.0 93490 0.0 164196 0.0 164669 0.0} {95421 0.0 95436 0.0 166600 0.0 166615 0.0} {100228 0.0 100686 0.0 171407 0.0 171865 0.0}} {1 0 0 0 0 0 0 0 0 3694 3462 11218 10104 33791 30031 101509 89813} {0 0 1.0 5 0.0 1.0 1.0 1.0 1.0 4.6 1.9 2.0 31 30 50 49 2000 1 2 2 0 0 0 0 0 0 0 0 -111111111 X 0 0} 0 {2 0 X} {-111111111 -111111111}
::rc_st::fg::map_reify_hier_drvr_info {1 . A 10} {2 -1840559247 -340034827} {{91722 0.0 92467 0.0 162901 0.0 163646 0.0} {91830 0.0 92547 0.0 163009 0.0 163726 0.0} {92047 0.0 92713 0.0 163226 0.0 163892 0.0} {92486 0.0 93064 0.0 163665 0.0 164243 0.0} {93330 0.0 93782 0.0 164509 0.0 164961 0.0} {94918 0.0 95201 0.0 166097 0.0 166380 0.0} {98093 0.0 98041 0.0 169272 0.0 169220 0.0} {104444 0.0 103720 0.0 175623 0.0 174899 0.0}} {1 0 0 0 0 0 0 0 0 4629 4699 14526 14467 44218 43771 133296 131683} {0 0 1.0 5 0.0 1.0 1.0 1.0 1.0 4.6 1.9 2.0 63 62 63 62 1000 1 1 1 0 0 0 0 0 0 0 0 -111111111 X 0 0} 0 {2 0 X} {-111111111 -111111111}
::rc_st::fg::map_reify_hier_drvr_info {1 . A 11} {2 -1840559247 -340034827} {{95610 0.0 97398 0.0 166789 0.0 168577 0.0} {95731 0.0 97491 0.0 166910 0.0 168670 0.0} {95974 0.0 97659 0.0 167153 0.0 168838 0.0} {96422 0.0 97976 0.0 167601 0.0 169155 0.0} {97149 0.0 98535 0.0 168328 0.0 169714 0.0} {98352 0.0 99508 0.0 169531 0.0 170687 0.0} {100756 0.0 101454 0.0 171935 0.0 172633 0.0} {105563 0.0 106694 0.0 176742 0.0 177873 0.0}} {1 0 0 0 0 0 0 0 0 3694 3462 11218 10104 33791 30031 101509 89813} {0 0 1.0 5 0.0 1.0 1.0 1.0 1.0 4.6 1.9 2.0 31 30 50 49 2000 1 2 2 0 0 0 0 0 0 0 0 -111111111 X 0 0} 0 {2 0 X} {-111111111 -111111111}
::rc_st::fg::map_reify_hier_drvr_info {1 . A 12} {2 -1840559247 -340034827} {{97465 0.0 99249 0.0 168644 0.0 170428 0.0} {97586 0.0 99342 0.0 168765 0.0 170521 0.0} {97829 0.0 99510 0.0 169008 0.0 170689 0.0} {98277 0.0 99827 0.0 169456 0.0 171006 0.0} {99004 0.0 100386 0.0 170183 0.0 171565 0.0} {100207 0.0 101359 0.0 171386 0.0 172538 0.0} {102611 0.0 103305 0.0 173790 0.0 174484 0.0} {107418 0.0 108555 0.0 178597 0.0 179734 0.0}} {1 0 0 0 0 0 0 0 0 3694 3462 11218 10104 33791 30031 101509 89813} {0 0 1.0 5 0.0 1.0 1.0 1.0 1.0 4.6 1.9 2.0 31 30 50 49 2000 1 2 2 0 0 0 0 0 0 0 0 -111111111 X 0 0} 0 {2 0 X} {-111111111 -111111111}
::rc_st::fg::map_reify_hier_drvr_info {1 . A 13} {2 -1840559247 -340034827} {{99320 0.0 101100 0.0 170499 0.0 172279 0.0} {99441 0.0 101193 0.0 170620 0.0 172372 0.0} {99684 0.0 101361 0.0 170863 0.0 172540 0.0} {100132 0.0 101678 0.0 171311 0.0 172857 0.0} {100859 0.0 102237 0.0 172038 0.0 173416 0.0} {102062 0.0 103210 0.0 173241 0.0 174389 0.0} {104466 0.0 105156 0.0 175645 0.0 176335 0.0} {109273 0.0 110406 0.0 180452 0.0 181585 0.0}} {1 0 0 0 0 0 0 0 0 3694 3462 11218 10104 33791 30031 101509 89813} {0 0 1.0 5 0.0 1.0 1.0 1.0 1.0 4.6 1.9 2.0 31 30 50 49 2000 1 2 2 0 0 0 0 0 0 0 0 -111111111 X 0 0} 0 {2 0 X} {-111111111 -111111111}
::rc_st::fg::map_reify_hier_drvr_info {1 . A 14} {2 -1840559247 -340034827} {{100767 0.0 102187 0.0 171946 0.0 173366 0.0} {100875 0.0 102267 0.0 172054 0.0 173446 0.0} {101092 0.0 102433 0.0 172271 0.0 173612 0.0} {101531 0.0 102784 0.0 172710 0.0 173963 0.0} {102375 0.0 103502 0.0 173554 0.0 174681 0.0} {103963 0.0 104921 0.0 175142 0.0 176100 0.0} {107138 0.0 107761 0.0 178317 0.0 178940 0.0} {113489 0.0 113440 0.0 184668 0.0 184619 0.0}} {1 0 0 0 0 0 0 0 0 4629 4699 14526 14467 44218 43771 133296 131683} {0 0 1.0 5 0.0 1.0 1.0 1.0 1.0 4.6 1.9 2.0 63 62 63 62 1000 1 1 1 0 0 0 0 0 0 0 0 -111111111 X 0 0} 0 {2 0 X} {-111111111 -111111111}
::rc_st::fg::map_reify_hier_drvr_info {1 . A 15} {2 -1840559247 -340034827} {{103204 0.0 105570 0.0 174383 0.0 176749 0.0} {103305 0.0 105664 0.0 174484 0.0 176843 0.0} {103492 0.0 105837 0.0 174671 0.0 177016 0.0} {103847 0.0 106182 0.0 175026 0.0 177361 0.0} {104461 0.0 106813 0.0 175640 0.0 177992 0.0} {105521 0.0 107908 0.0 176700 0.0 179087 0.0} {107643 0.0 110099 0.0 178822 0.0 181278 0.0} {111885 0.0 114479 0.0 183064 0.0 185658 0.0}} {1 0 0 0 0 0 0 0 0 3870 3645 11626 11401 34891 34666 104687 104462} {0 0 1.0 5 0.0 1.0 1.0 1.0 1.0 4.6 1.9 2.0 39 39 100 99 3000 1 3 3 0 0 0 0 0 0 0 0 -111111111 X 0 0} 0 {2 0 X} {-111111111 -111111111}
::rc_st::fg::map_reify_hier_drvr_info {1 . B 0} {2 -1840559247 -340034827} {{70552 0.0 71214 0.0 141731 0.0 142393 0.0} {70652 0.0 71314 0.0 141831 0.0 142493 0.0} {70801 0.0 71484 0.0 141980 0.0 142663 0.0} {71049 0.0 71763 0.0 142228 0.0 142942 0.0} {71412 0.0 72113 0.0 142591 0.0 143292 0.0} {71993 0.0 72614 0.0 143172 0.0 143793 0.0} {73155 0.0 73614 0.0 144334 0.0 144793 0.0} {75480 0.0 75614 0.0 146659 0.0 146793 0.0}} {1 0 0 0 0 0 0 0 0 719 0 4309 2890 12898 8335 38663 24668} {0 0 1.0 5 0.0 1.0 1.0 1.0 1.0 4.6 1.9 2.0 58 58 58 58 1000 1 1 1 0 0 0 0 0 0 0 0 -111111111 X 0 0} 0 {2 0 X} {-111111111 -111111111}
::rc_st::fg::map_reify_hier_drvr_info {1 . B 1} {2 -1840559247 -340034827} {{75260 0.0 76078 0.0 145999 0.0 146816 0.0} {75382 0.0 76156 0.0 146121 0.0 146894 0.0} {75619 0.0 76328 0.0 146358 0.0 147066 0.0} {76042 0.0 76690 0.0 146781 0.0 147428 0.0} {76715 0.0 77343 0.0 147454 0.0 148081 0.0} {77818 0.0 78453 0.0 148557 0.0 149191 0.0} {80430 0.0 80672 0.0 151168 0.0 151410 0.0} {85993 0.0 86110 0.0 156731 0.0 156849 0.0}} {1 0 0 0 0 0 0 0 0 3572 3424 10860 10273 32724 30820 98318 92461} {0 0 1.0 5 0.0 1.0 1.0 1.0 1.0 4.6 1.9 2.0 32 32 50 50 2000 1 2 2 0 0 0 0 0 0 0 0 -111111111 X 0 0} 0 {2 0 X} {-111111111 -111111111}
::rc_st::fg::map_reify_hier_drvr_info {1 . B 2} {2 -1840559247 -340034827} {{77656 0.0 78516 0.0 148394 0.0 149254 0.0} {77761 0.0 78594 0.0 148499 0.0 149332 0.0} {77976 0.0 78765 0.0 148714 0.0 149503 0.0} {78433 0.0 79127 0.0 149171 0.0 149865 0.0} {79327 0.0 79782 0.0 150065 0.0 150520 0.0} {80979 0.0 81045 0.0 151717 0.0 151783 0.0} {84283 0.0 84462 0.0 155021 0.0 155200 0.0} {90892 0.0 91297 0.0 161630 0.0 162035 0.0}} {1 0 0 0 0 0 0 0 0 4200 3990 13002 11867 39406 35498 118620 106392} {0 0 1.0 5 0.0 1.0 1.0 1.0 1.0 4.6 1.9 2.0 32 32 50 50 2000 1 2 2 0 0 0 0 0 0 0 0 -111111111 X 0 0} 0 {2 0 X} {-111111111 -111111111}
::rc_st::fg::map_reify_hier_drvr_info {1 . B 3} {2 -1840559247 -340034827} {{78257 0.0 79323 0.0 149436 0.0 150502 0.0} {78379 0.0 79401 0.0 149558 0.0 150580 0.0} {78616 0.0 79572 0.0 149795 0.0 150751 0.0} {79039 0.0 79934 0.0 150218 0.0 151113 0.0} {79712 0.0 80589 0.0 150891 0.0 151768 0.0} {80816 0.0 81697 0.0 151995 0.0 152876 0.0} {83367 0.0 83915 0.0 154202 0.0 155094 0.0} {88969 0.0 88683 0.0 159707 0.0 159532 0.0}} {1 0 0 0 0 0 0 0 0 3595 3421 10939 10265 32972 30796 99070 92389} {0 0 1.0 5 0.0 1.0 1.0 1.0 1.0 4.6 1.9 2.0 32 32 50 50 2000 1 2 2 0 0 0 0 0 0 0 0 -111111111 X 0 0} 0 {2 0 X} {-111111111 -111111111}
::rc_st::fg::map_reify_hier_drvr_info {1 . B 4} {2 -1840559247 -340034827} {{80227 0.0 81304 0.0 151406 0.0 152483 0.0} {80349 0.0 81382 0.0 151528 0.0 152561 0.0} {80586 0.0 81553 0.0 151765 0.0 152732 0.0} {81009 0.0 81915 0.0 152188 0.0 153094 0.0} {81682 0.0 82570 0.0 152861 0.0 153749 0.0} {82786 0.0 83678 0.0 153965 0.0 154857 0.0} {84993 0.0 85896 0.0 156172 0.0 157075 0.0} {90382 0.0 90330 0.0 161561 0.0 161509 0.0}} {1 0 0 0 0 0 0 0 0 3595 3421 10939 10265 32972 30796 99070 92389} {0 0 1.0 5 0.0 1.0 1.0 1.0 1.0 4.6 1.9 2.0 32 32 50 50 2000 1 2 2 0 0 0 0 0 0 0 0 -111111111 X 0 0} 0 {2 0 X} {-111111111 -111111111}
::rc_st::fg::map_reify_hier_drvr_info {1 . B 5} {2 -1840559247 -340034827} {{82197 0.0 83285 0.0 153376 0.0 154464 0.0} {82319 0.0 83363 0.0 153498 0.0 154542 0.0} {82556 0.0 83534 0.0 153735 0.0 154713 0.0} {82979 0.0 83896 0.0 154158 0.0 155075 0.0} {83652 0.0 84551 0.0 154831 0.0 155730 0.0} {84756 0.0 85659 0.0 155935 0.0 156838 0.0} {86963 0.0 87877 0.0 158142 0.0 159056 0.0} {92352 0.0 92311 0.0 163531 0.0 163490 0.0}} {1 0 0 0 0 0 0 0 0 3595 3421 10939 10265 32972 30796 99070 92389} {0 0 1.0 5 0.0 1.0 1.0 1.0 1.0 4.6 1.9 2.0 32 32 50 50 2000 1 2 2 0 0 0 0 0 0 0 0 -111111111 X 0 0} 0 {2 0 X} {-111111111 -111111111}
::rc_st::fg::map_reify_hier_drvr_info {1 . B 6} {2 -1840559247 -340034827} {{83405 0.0 83767 0.0 154584 0.0 154946 0.0} {83525 0.0 83845 0.0 154704 0.0 155024 0.0} {83753 0.0 84020 0.0 154932 0.0 155199 0.0} {84178 0.0 84424 0.0 155357 0.0 155603 0.0} {84814 0.0 85206 0.0 155993 0.0 156385 0.0} {85831 0.0 86562 0.0 157010 0.0 157741 0.0} {87863 0.0 89273 0.0 159042 0.0 160452 0.0} {92793 0.0 94694 0.0 163686 0.0 165873 0.0}} {1 0 0 0 0 0 0 0 0 4312 4232 13156 12643 39689 39161 119286 118758} {0 0 1.0 5 0.0 1.0 1.0 1.0 1.0 4.6 1.9 2.0 32 32 81 81 3000 1 3 3 0 0 0 0 0 0 0 0 -111111111 X 0 0} 0 {2 0 X} {-111111111 -111111111}
::rc_st::fg::map_reify_hier_drvr_info {1 . B 7} {2 -1840559247 -340034827} {{87480 0.0 88726 0.0 158659 0.0 159905 0.0} {87601 0.0 88807 0.0 158780 0.0 159986 0.0} {87840 0.0 88979 0.0 159019 0.0 160158 0.0} {88319 0.0 89364 0.0 159498 0.0 160543 0.0} {89109 0.0 90193 0.0 160288 0.0 161372 0.0} {90392 0.0 91869 0.0 161571 0.0 163048 0.0} {92959 0.0 95219 0.0 164138 0.0 166398 0.0} {98094 0.0 101921 0.0 169273 0.0 173100 0.0}} {1 0 0 0 0 0 0 0 0 3347 3962 10019 12182 30036 36841 90088 110820} {0 0 1.0 5 0.0 1.0 1.0 1.0 1.0 4.6 1.9 2.0 32 32 63 63 2000 1 2 2 0 0 0 0 0 0 0 0 -111111111 X 0 0} 0 {2 0 X} {-111111111 -111111111}
::rc_st::fg::map_reify_hier_drvr_info {1 . B 8} {2 -1840559247 -340034827} {{88201 0.0 87372 0.0 159380 0.0 158551 0.0} {88306 0.0 87451 0.0 159485 0.0 158630 0.0} {88520 0.0 87623 0.0 159699 0.0 158802 0.0} {88973 0.0 88023 0.0 160152 0.0 159202 0.0} {89804 0.0 88830 0.0 160983 0.0 160009 0.0} {91239 0.0 90288 0.0 162418 0.0 161467 0.0} {94108 0.0 93207 0.0 165287 0.0 164386 0.0} {99846 0.0 99043 0.0 171025 0.0 170222 0.0}} {1 0 0 0 0 0 0 0 0 3697 3390 11237 10113 33858 30292 101722 90830} {0 0 1.0 5 0.0 1.0 1.0 1.0 1.0 4.6 1.9 2.0 32 32 63 63 2000 1 2 2 0 0 0 0 0 0 0 0 -111111111 X 0 0} 0 {2 0 X} {-111111111 -111111111}
::rc_st::fg::map_reify_hier_drvr_info {1 . B 9} {2 -1840559247 -340034827} {{88319 0.0 89357 0.0 159498 0.0 160536 0.0} {88441 0.0 89435 0.0 159620 0.0 160614 0.0} {88678 0.0 89607 0.0 159857 0.0 160786 0.0} {89100 0.0 89969 0.0 160279 0.0 161148 0.0} {89775 0.0 90622 0.0 160954 0.0 161801 0.0} {90879 0.0 91729 0.0 162058 0.0 162908 0.0} {93086 0.0 93944 0.0 164265 0.0 165123 0.0} {98240 0.0 98371 0.0 169419 0.0 169550 0.0}} {1 0 0 0 0 0 0 0 0 3525 3418 10701 10251 32230 30750 96814 92247} {0 0 1.0 5 0.0 1.0 1.0 1.0 1.0 4.6 1.9 2.0 32 32 50 50 2000 1 2 2 0 0 0 0 0 0 0 0 -111111111 X 0 0} 0 {2 0 X} {-111111111 -111111111}
::rc_st::fg::map_reify_hier_drvr_info {1 . B 10} {2 -1840559247 -340034827} {{90174 0.0 91208 0.0 161353 0.0 162387 0.0} {90296 0.0 91286 0.0 161475 0.0 162465 0.0} {90533 0.0 91458 0.0 161712 0.0 162637 0.0} {90955 0.0 91820 0.0 162134 0.0 162999 0.0} {91630 0.0 92473 0.0 162809 0.0 163652 0.0} {92734 0.0 93580 0.0 163913 0.0 164759 0.0} {94941 0.0 95795 0.0 166120 0.0 166974 0.0} {100084 0.0 100222 0.0 171263 0.0 171401 0.0}} {1 0 0 0 0 0 0 0 0 3525 3418 10701 10251 32230 30750 96814 92247} {0 0 1.0 5 0.0 1.0 1.0 1.0 1.0 4.6 1.9 2.0 32 32 50 50 2000 1 2 2 0 0 0 0 0 0 0 0 -111111111 X 0 0} 0 {2 0 X} {-111111111 -111111111}
::rc_st::fg::map_reify_hier_drvr_info {1 . B 11} {2 -1840559247 -340034827} {{91665 0.0 92490 0.0 162844 0.0 163669 0.0} {91760 0.0 92587 0.0 162939 0.0 163766 0.0} {91960 0.0 92760 0.0 163139 0.0 163939 0.0} {92344 0.0 93085 0.0 163523 0.0 164264 0.0} {93058 0.0 93700 0.0 164237 0.0 164879 0.0} {94399 0.0 94878 0.0 165578 0.0 166057 0.0} {97079 0.0 97235 0.0 168258 0.0 168414 0.0} {102440 0.0 101949 0.0 173619 0.0 173128 0.0}} {1 0 0 0 0 0 0 0 0 3935 4014 12319 12350 37468 37357 112916 112380} {0 0 1.0 5 0.0 1.0 1.0 1.0 1.0 4.6 1.9 2.0 64 64 64 64 1000 1 1 1 0 0 0 0 0 0 0 0 -111111111 X 0 0} 0 {2 0 X} {-111111111 -111111111}
::rc_st::fg::map_reify_hier_drvr_info {1 . B 12} {2 -1840559247 -340034827} {{95509 0.0 97226 0.0 166688 0.0 168405 0.0} {95631 0.0 97304 0.0 166810 0.0 168483 0.0} {95868 0.0 97476 0.0 167047 0.0 168655 0.0} {96290 0.0 97838 0.0 167469 0.0 169017 0.0} {96965 0.0 98491 0.0 168144 0.0 169670 0.0} {98069 0.0 99598 0.0 169248 0.0 170777 0.0} {100276 0.0 101813 0.0 171455 0.0 172992 0.0} {105409 0.0 106240 0.0 176588 0.0 177419 0.0}} {1 0 0 0 0 0 0 0 0 3525 3418 10701 10251 32230 30750 96814 92247} {0 0 1.0 5 0.0 1.0 1.0 1.0 1.0 4.6 1.9 2.0 32 32 50 50 2000 1 2 2 0 0 0 0 0 0 0 0 -111111111 X 0 0} 0 {2 0 X} {-111111111 -111111111}
::rc_st::fg::map_reify_hier_drvr_info {1 . B 13} {2 -1840559247 -340034827} {{97364 0.0 99077 0.0 168543 0.0 170256 0.0} {97486 0.0 99155 0.0 168665 0.0 170334 0.0} {97723 0.0 99327 0.0 168902 0.0 170506 0.0} {98145 0.0 99689 0.0 169324 0.0 170868 0.0} {98820 0.0 100342 0.0 169999 0.0 171521 0.0} {99924 0.0 101449 0.0 171103 0.0 172628 0.0} {102131 0.0 103664 0.0 173310 0.0 174843 0.0} {107274 0.0 108091 0.0 178453 0.0 179270 0.0}} {1 0 0 0 0 0 0 0 0 3525 3418 10701 10251 32230 30750 96814 92247} {0 0 1.0 5 0.0 1.0 1.0 1.0 1.0 4.6 1.9 2.0 32 32 50 50 2000 1 2 2 0 0 0 0 0 0 0 0 -111111111 X 0 0} 0 {2 0 X} {-111111111 -111111111}
::rc_st::fg::map_reify_hier_drvr_info {1 . B 14} {2 -1840559247 -340034827} {{99219 0.0 100928 0.0 170398 0.0 172107 0.0} {99341 0.0 101006 0.0 170520 0.0 172185 0.0} {99578 0.0 101178 0.0 170757 0.0 172357 0.0} {100000 0.0 101540 0.0 171179 0.0 172719 0.0} {100675 0.0 102193 0.0 171854 0.0 173372 0.0} {101779 0.0 103300 0.0 172958 0.0 174479 0.0} {103986 0.0 105515 0.0 175165 0.0 176694 0.0} {109129 0.0 109942 0.0 180308 0.0 181121 0.0}} {1 0 0 0 0 0 0 0 0 3525 3418 10701 10251 32230 30750 96814 92247} {0 0 1.0 5 0.0 1.0 1.0 1.0 1.0 4.6 1.9 2.0 32 32 50 50 2000 1 2 2 0 0 0 0 0 0 0 0 -111111111 X 0 0} 0 {2 0 X} {-111111111 -111111111}
::rc_st::fg::map_reify_hier_drvr_info {1 . B 15} {2 -1840559247 -340034827} {{100710 0.0 102210 0.0 171889 0.0 173389 0.0} {100805 0.0 102307 0.0 171984 0.0 173486 0.0} {101005 0.0 102480 0.0 172184 0.0 173659 0.0} {101389 0.0 102805 0.0 172568 0.0 173984 0.0} {102103 0.0 103420 0.0 173282 0.0 174599 0.0} {103444 0.0 104598 0.0 174623 0.0 175777 0.0} {106124 0.0 106955 0.0 177303 0.0 178134 0.0} {111485 0.0 111669 0.0 182664 0.0 182848 0.0}} {1 0 0 0 0 0 0 0 0 3935 4014 12319 12350 37468 37357 112916 112380} {0 0 1.0 5 0.0 1.0 1.0 1.0 1.0 4.6 1.9 2.0 64 64 64 64 1000 1 1 1 0 0 0 0 0 0 0 0 -111111111 X 0 0} 0 {2 0 X} {-111111111 -111111111}
::rc_st::fg::map_reify_hier_drvr_info {1 . B 16} {2 -1840559247 -340034827} {{103021 0.0 105391 0.0 174200 0.0 176570 0.0} {103124 0.0 105471 0.0 174303 0.0 176650 0.0} {103311 0.0 105649 0.0 174490 0.0 176828 0.0} {103658 0.0 106054 0.0 174837 0.0 177233 0.0} {104231 0.0 106825 0.0 175410 0.0 178004 0.0} {105205 0.0 108134 0.0 176384 0.0 179313 0.0} {107201 0.0 110750 0.0 178380 0.0 181929 0.0} {111193 0.0 115982 0.0 182372 0.0 187161 0.0}} {1 0 0 0 0 0 0 0 0 4313 4232 13157 12643 39690 39161 119287 118758} {0 0 1.0 5 0.0 1.0 1.0 1.0 1.0 4.6 1.9 2.0 32 32 82 81 3000 1 3 3 0 0 0 0 0 0 0 0 -111111111 X 0 0} 0 {2 0 X} {-111111111 -111111111}
::rc_st::fg::map_reify_hier_drvr_info {1 . CI 0} {2 -1840559247 -340034827} {{103102 0.0 104542 0.0 174281 0.0 175721 0.0} {103205 0.0 104649 0.0 174384 0.0 175828 0.0} {103426 0.0 104886 0.0 174605 0.0 176065 0.0} {103864 0.0 105329 0.0 175043 0.0 176508 0.0} {104599 0.0 105994 0.0 175778 0.0 177173 0.0} {105787 0.0 107006 0.0 176966 0.0 178185 0.0} {108162 0.0 109030 0.0 179341 0.0 180209 0.0} {112913 0.0 113076 0.0 184092 0.0 184255 0.0}} {1 0 0 0 0 0 0 0 0 4009 3684 11909 11584 35607 35282 106701 106376} {0 0 1.0 5 0.0 1.0 1.0 1.0 1.0 4.6 1.9 2.0 39 39 71 71 2000 1 2 2 0 0 0 0 0 0 0 0 -111111111 X 0 0} 0 {2 0 X} {-111111111 -111111111}
::rc_st::fg::map_slackq_result default {}
::rc_st::fg::map_slackq_result clk {{1 . B 5} 0 {1 . A 15} 0 {1 . A 6} 0 {1 . A 9} 0 {1 . CI 0} 0 {1 . A 10} 0 {1 . A 14} 0 {1 . A 5} 0 {1 . A 4} 0 {1 . B 9} 0 {1 . A 13} 0 {1 . B 14} 0 {1 . A 3} 0 {1 . A 11} 0 {1 . B 10} 0 {1 . B 2} 0 {1 . B 12} 0 {1 . B 7} 0 {1 . B 13} 0 {1 . B 4} 0 {1 . A 1} 0 {1 . B 1} 0 {1 . A 7} 0 {1 . B 0} 0 {1 . B 15} 0 {1 . B 6} 0 {1 . A 2} 0 {1 . B 16} 0 {1 . B 11} 0 {1 . B 3} 0 {1 . B 8} 0 {1 . A 0} 0 {1 . A 12} 0 {1 . A 8} 0}
::rc_st::fg::map_complete
