read_db -super_threading -from_tcl {4Aw+EkMzfnx0GZSZ8KHz1HvoMf1nb7eY5dk9u1yNoEx3J3ApNiaq67Oyy5xFJ9kMbEW1FljEQSsE 7BEP3D0veeO2ecZpxeHlmwhLOynIuWsvWuRN4DrzToHOJCpAR88/qI282afmX0vwS4U5Xgo1v25B 3m4MmN8VripJdQE6F9bjbihHd63yEQYp46T3cjxea9W9HzxVyrQG3GrJxITF+T1Q5YKWzffmTOw+ tOnp+awWq/O5ROowe1gciqIHkLMkWiNPIphzUYAu1JeYuLDpjJvl54N4yxkjT/jWSLp/ZF/MBG3P iCyyF3pT73XLJgs4jgn+QTSL9mcE0FYcJn7hkHgJD8bfeYLZcwCl95jpib4guKkA9w0GYNhhIZYC 5jftw31mNw7b/JMdjHDZC7XfBoksGjlI53Mo9VDc6Tg6ol3AOcsXDfj6gsVsiLzgMXC0tWUwDBF7 hUASwWi1fgWqN3udF8ArueakUz1kUNv85JsUONBggQtxEpLyrnanUsMaHBUbBGH5C5UEAUuouNOR ieLm049QLlwXuJuu5qBcW6w0IrHNku8c4gRULjw8m9ABFYeQg0Jtl+b2g21fDwh/PpgMbkXKIctl 4FIJK9coKhEYUHmP0Vc5n4jmZ65Ex3itU+KTqKvk96+/yW0khbVVaJelxgHxn6yRkvSCVN2haGgI YL6HLmQGo++ILuaeu9OI1iVSzDB6NgaQRPNMIq+NMAopAGbiowsEEKg4cmhvUcewNix/YjjINGVz LPAkzt3yxpHluhuJBEuQOPltyUMjqwVCsQ8SR5omTCTc3ynC19RUChnT9sMoRVmRTGpFJQv3mzpz 9lsZ0MMzDSYJaNnuJ8zou+4iC2GJAbZREFcdKXWtTlqPsN0OBE5s3/r1VkPzTACnaC3VWawux6in XOiXm7Vt8fByNDNEEhjsVAf+5dRXUszj/4nTxGDXCTVEAxvHIpx4oQvZ8lcTBewgqMdd9PnvKssw BGKTenKTSrlUffIcbzjvaRoT56GjMhfH/am4BwUI4msV6rjtgd/MHVRqb++EoRkI52hTPco5/Tgl Zsasze8s7IQrhqMVfvGG+5StVda30ir3Md+xxfc6+Dsa8X21x1rld9AQauYLuGYr8GfeZT+lXgoH bUUrRZgi8UIH9EM/MQQT8QhLa27e5k358XqENaVegqry6s1xYOhTJNKQqdxdpFVJFpvx5nDHQesp GQv8ADhmvGHFpmH6ANLvb1t8w8SqZGMwDzi2kuENsXNgI3RuAxtBTUdoSs8yG/1jg+9NCA+Giz6g FZPmjdkRLMTnU97MOOSts5nQGkht0+n/PO2k9TY6l0/cRqsHhYMI+AZtK7sJIeOUTCNB6flcmul/ +Rbg7QZUY+vvSUvu1hnyDxBooCUmhTjvljdkjt8U+oqvYM0F9S/hdh/PHTYt4QvT/wiNy7ELKccN h76/L236pEZBVHJACcMQW3uF1yc5ofRW2VYG/JuTVc3gbiHDFoOAAKbYDVE05Eev6sGWNgAQz1Zp JS4onMWR6+FBkwV85c/excGd47C3/sjDzO/FmpvqXv5xRmjCsNZW5dlkrkWzHRLJp6TOywpgeu/k ogLjtMlvMVqlbV1OWKMPRrbiayN8IQWPflX5eyhEKftJ5kz2lQlgx4LDqO51c38Jt+nUhwrfkSa4 te4JZeQaV7VcB0HZX+2d6HGgrlDF47W2dRf+OObkTkb+jJqSrK/kslDGJgE+I5JvXDppZDE/tsE9 gkCxs9pYtPIxozXseVeeV+zYCJG1hoSi55CxkRUOZhIBYa2FYm+zM+r8szjmJrLUFU2C/Ndba/wo MJ3KuxvqZAd3lQpQH/CgiS0gTUUBRBbYBtjpMjM4p6kD288Zj5IGf3PbLajWncJ9wcua7MeOBayS Yg9mst4CyGs5xXK6A5ID2aY47zP5XdB0KTvyvsgd2ZMPfsoXOrC06Vx2BikMeVtwFyYZwr7UHhlz qgZHaOM2qRvW2f0iK/rSDNwqFO63+xzApjxzdk3q/XbaYAYnnvhbDvgvZpAz90UfZMmrLX1yw7uG poZFmCOew+1nP1g5YBo2rHGIusU4f5bwMui81FihWVDk5jbyQ1Cb/Tc/cVsuM6EVXEfSte4t8cVm gg0kbh+kpD0B4NXmhXHipspHj+MdJ1Snu9B5pazIixhoTBWKaxzz0pMt0sLYjfEGOjx1iJN17gXE b4o5a+znD1smTawLmYBQUzwRky6VTJVvQLMhPQbAyeFXZUJszlN+8yLVPsgvlQpNcC3po4OaJQsz WqI4x47MUEWgRlplRC0tDmjdk9B2HcJm8mwZKp04xgqUWdMFovVlQSf4fdiuktwVZ3xo5x/lUyOv qD6ixvaV65XBaQOIY0VZn1DNCRb3NTKCs+XXBaRfsrJWhg19v1ycwPkHn/Ay8yBA0ZKSPAW7BjrI YxqwviWldHmGASxt5oBhl0CMC/vE37vUTzIENr68RKjl86sj6yEzRJK5rLj1en0fZ0I4EjG7tJ5q Swi1zPY6g04Q0EKLluIQQeygAbbkJKKvFKPD5qsHj4bcQNJ/2gHc/FLgfC01qZUrTqDZ0ny92f5M bqFwG20GAxQMlS7EP/fLBTJlo7JJmLYF8qi9+l98x3dokqIS7vOE2WHuCiUvUtbN+UNya1COofvC Zw1pd/qEgnfLma/rgIQhYm58QtJhP6spuOY1jOGLPjLgDUH1xI66SKy5g1P59jKH7vIwyyzWXTkW 3FOdHkTM5uoJNR63tVvIj+rAFePAoiqTa0piXE/gLUTCy4tr4NLipvd+bilgPyVr403PZJoTL9I3 neEa0ic/lTPmiG/6iJvHNdW0uSYwJqVCQ/3u2g16hZORKLTBdhzqLV2pMbWVKu2txI4BxTIC6Dkw NVzLy/dIyuiGNy40NW0vQ9dkT0zXvufCEQZMQW6Q01BoQW0LYvQ6r2264f4C+cwUmxs/BDD7/UjK d1ssIzZiSchFW0Psk3fwjBEkhPZgs9QqfOamMEdG4wEIKHiFM2xzrYHNR0mmWIGIkpCyKxt6iJtQ XkJT8SsI4Tc6ke7qOCkDl+0ncDL9JX72RcXnMJDftIjnMOqkhGRA9DBg0GvrALvGAjFDUZG+XZ43 V4VQ8KcjdaakR4M4n9esN8nCBl/2osJhSOM48632ubP1YC/E6kNvQO6i9bJw4DLdRx24yhbBQ0oM VoouDkMZsCfyxJXnr3tPbx9ig6x6O25CwnbvvT5r6QjY2/XfqA+XPYi1Py/Z/irgx8sv+SnlaATV b+Vwv+xrqZyD0ntnEWh8dDM29O3alg8mZcrr5ql+3blH3KQf60BYgujNewzVsbhlL//mF6YiL+k3 JCyZa4L1NJjJ3b3wuLXX3daJ8yFPiyQWJ9o5g+OlmQ/qE3dkswVJpf8lJWDShKUT+1av8lnA3xbf thqy0sF8Nf5RsFQ2uyaVi0Qr9n0p5tAglk+Ih75tJH0dCeELw/S8VnEhC+S0ahd3JajKHF2BpVBx MWcc7gOPrcOvJm9eo8MD71Uo91nnZq0GBscIxLqhoMc/O4weaUKr6Ks/9GmulL0ao+JMV0glzEhX CMVE5ieZhf31+2gfWnJKR0aVImMXQrgDxk/fLdFDmT1jbENwDD4K3uDdVVGfXN8sOBZ6xL/KPMnR 7kEw6q6hozEdjIRK8HCD8VmJICnqyHx1UpAWcoHJyeC9I4vcTjO2sHF6VQ+xXTqcflZzbd1Q54Z6 fYPkHRflXAV2Vre62LNRmTQdCbkZiqa/hvOyBEE7Uy4qsliKfTjOWanC59+LVMDlvGDSMhBwKNWu QiNgFO6d9pGCfhFvlddNYBwODmBKG96DERfMnVOkHSYtSa6KrkNS3Gj1QmYn5CFsFdohEuxVDX4T 2Bc5TRFk3wWiYKkSTyEOSXpt793L+6RIlppFK2fcUUDRrpdET3rtfOya5cz0k41HtDvqrwGYorYI jDWdCC4nWjRwyXIJCos5BJK6NBJqhl/aCBRTt42RHr4rfjoMtDfY2G9t8ulbELOTojfiypJOHecW XWoXCQYjFpgDOvf0LCbIb2Yv0bo495tspng4CLNtAdbWMwdx99Drspl4CEtI75bTDgXVr3rmMX/G owNjuPXP1N3yAxGOCmpHki/LmuEvMSmzJjpGap2zHvgA0T/efgOlMkbTwYS/YBaSj3DVxXUZyx8x iKOhlJrcFxPZeyn51ovpRl2ptPA/tWnbkjSEyYzztIkVQ/0l5ef8oGvIDQ3067Kugm5RAU2g5Ssz 4oCSK86YgPxNY4J+t6VYiyt3Up+TYHZDXkKW1q5F45p5EPFLUpnqPxBLBKhC90LckUGTHhz2DOgl i2MclPoTbEJOrCi3CFJzrRDo5z11IEXCbRRzmya8D86VymT8H3PbPtC6od9Egc8sDPIcAZF9VgHM ZQRgj+cPjV18ugeSb/60XrG5fZHZaw4iqARazEQPxgnDQcIEXL6GvqseXVJhzb92xwOTQOZs3tqq U/j5WPzFOtRijXJMG/BL9/XOdJQbcltMcGXHcy5wWx3t3cQszjQBnT8MmSDZ4paKbdJ+BZEDFENL mQZoT8yjBTQjLF4GTM5nit2OEfzwYwfG7kn1kl2/aO5OkPVRRZiv/wDjjWvM18YecVGb6xrTA2Hc 0kq9YKcz1rnThi1R6lgwEYIvwflgUW3HAB2Mv45Hky7WXhNuDCxonqzKIUXjPqS/w0K8KJlJDX61 h9qlPY38YN30HIJAKvl7mbmbJqrzyHm8PfDLyQT+YIUWXH5VqirsXqthoJxqL34L/m61QqEQEtl5 V6aWnM7mgODG0IpBbaytPZiGV4uXeMn1CeUoiG0ePuAFx5ApNTmwmIrWRLQ/c3IaF3AwCnpp+bJI kFDypT/YnGDgIxWhOAR82eQw7kfcECsIlT94cFji2LCEATyNOf6fz5d5adglaK+qoHzJ4KyuQ0oa IEBev/m0YDgcoVskONrENRK4hS0ntS3MOh5DQu91xQGk5FPzPK/RLOJvyTJYeRJVXPN3M9VUoSXZ nUcKTeU60WZpzkB+avDUsDvXkO5njqW9Vu+Gfw2Q8AaSR7U1qGsFnR5K6Q1Cu4YU38zbRjGgbkzd zk0nJE47knJlgm8aYAfM6yGzyW0MdvVbvz2bd1pXxUaHiGS1Yzy3RMU3KLJqP5WVcx+fY+aTD80w cNuXdPrzFloSMdR0cK0hUZFHqSU+wBzThnGYtcZv14/AKp3vcqX2LFL5QjtKlSXOQqfruZ4t0wPa um24m5quaXPlwM3yrJlbEPHXpB4w4aT4KI8ElWD9UahJhNxNUWnq70zqan6usF+GptDHzt4O2QDQ l95TPsVqvh6DmTq7wvgQ++2jpMn/x73s/e8MOWCIG9Q7XEh+91Ymkzn4Vho9/K/08uoHzBty4S29 c+Wj05ckqf2+ia2vRgH/cc+2/lk8W7I8L9ET8wo0OpQhXUKpST0yHx2P9eoxibXPvzpf8wMnojh6 Ei3Cca5p1gvpm9AGqw3ouLlBdd5GAZv7HBBa9NNQaku+EBB//hJ231YW2Z3xRVLy8NhpJ5575J5R FSfQLWmQ8Hk3PFfyTCsGgnvkzEbCXp7hu2aANEvZOjpPz9Jd79gNYxOrq3Mhf2/Tp8+E50+BvQ8v TR6bXjhM9aFVdVeiNToTsaXWCc2M/TAqa/RAoYEbPjdiV1WifK08yjebrtKf+PEU5+D6U6rSLNlm sMTy2UGnfw+/fyRPTgb0nlyA3ancapFhCYiS0PuijaQ1ttHV9GQqvz/apvdXZkgznUiJgxkrUz3O TvkM9eGrSRDbCta/9fEfreCv8pEVkL0fwI8BK2/3bQ5QHuFjf2Uh01PMvxyLS6+OW3e2W+G7zgIF ITOjQy6DJhnelK8ZOIQyNB7ROAg4x04DNAbk/H5F/ixaYKNhawVqYKWifmgnMmARJakd+jFkJysK Ld1whkyW4QV2rIZyejHW9EVUxbB1qFbzyvHZNrkfXk03OpBhIpJryVwQcfAjFEFN0EGFITlcEf9l cG0IATP4DfZyQfjTVHWIVpxzO8y8YukoSXY/zbcK+VcVxO6x/UgYZHbNknX6JmNGeJckE4aRU1mX yT3KUqf4E8IbZkyraEz+YiNQ2S8Uuv6eanu/NJWcb2xbhmjnmOVprfFw/uPxBsUT233Jjcc0a/dq aFOWkzvKnWxTwxkdewcR+4Tr94+N9rOnJQvmHUjZn1EvWcLNGbGeenCLGH2u1F+K38iXdHN3kCnh kffpYyr4p6TOXOML8Cp7ea3q+Zxwby/zXPdo18j6rlBl8/l1LGpYJPlzTf7DaqLQAHA8UlvH3LQu uBp3XZlcFraO8rvf79hSvGtC7uzwryeZN0RBe7GFTA+pC7200nKSV6s4vR7F1Yq70JlNzb/TbG4q oweQnNuaA3l0hqVmHZ814Atp+CFqflZd2GWoiC/yeteTgIzcic5v73BStEt4zeaFb7pIQzE5nsuN KfpzHjqAZT4dWXSbbW/F6rqBU8duCR/1tgZn4IZ9e617Dn16AS/x3YioHnofbMh9R4SiGCRxV8o4 Pg0arW7ll1CqxGwyw7+tY5qQ6K3YJKKft505xmE7U/ukFObFxPdx8Bk8O0VnSIMCRT1emD3SCOK5 hyC9sGnhJ2AP3BUy6nwtt7DvdU/kIEq0638yNyfFlemnhjhNN/rVzJFz5sccX+qyoEYVaJoPJpgB KpkWzrFpP9XJRy5+L2wCHb6Gx/PdgOV4MYdmUWLIsb4//JAGhp+FuO2fvaQa/+xIRwbQTHetWl5K eqUwKIxp8aqBcQbEcXYGqfQjy19ydw63FzV3OjCea40YDd6FFN9Q2Wk0sLlbgk1gdxqO63RppLZW VD2OEeYuryf/S/ny6EgjXgj2NgUPOYOCDZa++dl7Sgf6HEF48UCPDpwJR5tqxqrpzXgB4RqlEF0M cm/wHceLaYizJGmksd/5qnf9yLq/WUzsOYLdw58HL0QJuvh86jiAbPuVIEBkojoQ608Hhh25mh/t ab7/71dPmRinWvDBOb0hBJeoOVxFmwdtCTJM9Rouv3w+jvjCsg5a0PTD06eshxoMc9evIcJnh30R /RnKhOhfxgc+u4LFBaOX1elCoxmgW7HB7x+AKULhiTab7J+ebsxADkxxqsnDpOZkDCyZGrjSFCLp ilKf9JNBAtnluWNENTYE1qEvPqkm2MCQzWQ1ChBIIEMf7K5CA/vlZkS4eNMnXEaH4doJl0lUL8Wl AGxSSRcJef5woCqZ1GANYD+pt3j+JgAyAy4UBkLT4qZ5MsL90aHKt+mUXsL+zlsY6U25aqWe93wi IEzl9AbGgObuX88Ladt8IO0NOQjqGYnmys/pVmTAJGqDeDqxpwWnC8CWptTAi5B2E84jlcpwMO3m RvGCEUKO+5fbHaiXor0NARjPqZ7IfhYFJ4gtkYMwRIFz2k8b2eW/u2ENm+M0XUwGhCX3MG/erN0s xqI6V44kfbdMsxaaUwfLoiN4c313PKWNNx7IFdiWMZBXlC3Q+IDFQSrjFdoOHzPSlnJJhrfrNmaT FPgkLOgZKEG6Ri+SB1iqrM+iUpMyFTMTvhP/uZ0IHFuMLo2RWt2s38G9Z0TYL2umYzsfJgdXXtDR iU9/I/mFyYPwY4b9g999tICXN3m7r0pMOfvYEYcwunL/vnwTCF1esz5Hfc1saMoT+m4vr/ehDoEV +uSsjzNkCvt3bopkQhYU+xk8LGuVW+e6OI16fv6/lUYp4WJ5OnrEqrta1/2v3oADodRlJ7cnob7N m7HzjMYVjej32zxVeHgRe79OPRKOjQUt1Ixoi0QCO9TKNuro8qcjHHGENgYkn8dBOn1VCzTWDtGN 1pOXKMHdWdeqqrDzFRUCx3TEKFNW/8+hj+2cEufBQu3qae+Db4cJL5PqmH+78fBWSpYbnvukWhSc jqKRLi/R9+s/XftFy5NEvP4GfTTy/QWk2UuleEODmj7I55qA+qrUt7nuJz/snhmD2cJ6NbDsjnRE 4IPHIdLtJyPCijh8LCsPLLhVpnyZUlw+qRCs7aMcIJlmxmEn5YPI6AVFkaA3nCntw97kMhacZZQr ueLZhTN3lCISwuHWB0f51y6ePbyeG0eAhhGvbCo7LnSBmySFzF4vl+xziIvY65aWG826V+QSh9+W khoBqd9J1nWrsY/gARk72PhGfz8jldUSrkIjU59ytMcP}
::rc_st::fg::map_reify_receive add_unsigned_218671 -wlm {1 0 0 1.0 5 0.0 1.0 1.0 1.0 1.0 4.6 1.9 2.0 0}
::rc_st::fg::map_sa -1840559247 {0 0 <default_clock> 0 1 0 0 0}
::rc_st::fg::map_sa -340034827 {0 0 clk 0 1 0 0 0 0 0}
::rc_st::fg::map_reify_hier_drvr_info {1 . A 0} {2 -1840559247 -340034827} {{27865 0.0 27865 0.0 12071 0.0 12071 0.0} {27986 0.0 27986 0.0 12192 0.0 12192 0.0} {28200 0.0 28201 0.0 12406 0.0 12407 0.0} {28546 0.0 28548 0.0 12752 0.0 12754 0.0} {29055 0.0 29065 0.0 13261 0.0 13271 0.0} {29869 0.0 29916 0.0 14075 0.0 14122 0.0} {31779 0.0 31772 0.0 16318 0.0 16311 0.0} {36927 0.0 36919 0.0 21466 0.0 21458 0.0}} {1 0 0 0 0 0 0 0 0 3890 3663 11790 11563 35488 35261 106582 106355} {0 0 1.0 5 0.0 1.0 1.0 1.0 1.0 4.6 1.9 2.0 39 39 39 39 1000 1 1 1 0 0 0 0 0 0 0 0 -111111111 X 0 0} 0 {2 0 X} {-111111111 -111111111}
::rc_st::fg::map_reify_hier_drvr_info {1 . A 1} {2 -1840559247 -340034827} {{27888 0.0 28868 0.0 11828 0.0 12126 0.0} {27990 0.0 28949 0.0 11936 0.0 12207 0.0} {28165 0.0 29116 0.0 12153 0.0 12374 0.0} {28477 0.0 29468 0.0 12594 0.0 12726 0.0} {29056 0.0 30175 0.0 13432 0.0 13433 0.0} {30484 0.0 31558 0.0 14977 0.0 14816 0.0} {33596 0.0 34323 0.0 18089 0.0 17581 0.0} {39826 0.0 39854 0.0 24319 0.0 23112 0.0}} {1 0 0 0 0 0 0 0 0 4549 4696 14270 14463 43571 43764 131476 131669} {0 0 1.0 5 0.0 1.0 1.0 1.0 1.0 4.6 1.9 2.0 63 62 63 62 1000 1 1 1 0 0 0 0 0 0 0 0 -111111111 X 0 0} 0 {2 0 X} {-111111111 -111111111}
::rc_st::fg::map_reify_hier_drvr_info {1 . A 2} {2 -1840559247 -340034827} {{31039 0.0 32779 0.0 15072 0.0 16037 0.0} {31147 0.0 32859 0.0 15180 0.0 16117 0.0} {31364 0.0 33026 0.0 15397 0.0 16284 0.0} {31803 0.0 33378 0.0 15836 0.0 16636 0.0} {32644 0.0 34091 0.0 16677 0.0 17349 0.0} {34219 0.0 35492 0.0 18252 0.0 18750 0.0} {37371 0.0 38296 0.0 21404 0.0 21554 0.0} {43674 0.0 43904 0.0 27707 0.0 27162 0.0}} {1 0 0 0 0 0 0 0 0 4603 4696 14437 14463 43936 43764 132435 131669} {0 0 1.0 5 0.0 1.0 1.0 1.0 1.0 4.6 1.9 2.0 63 62 63 62 1000 1 1 1 0 0 0 0 0 0 0 0 -111111111 X 0 0} 0 {2 0 X} {-111111111 -111111111}
::rc_st::fg::map_reify_hier_drvr_info {1 . A 3} {2 -1840559247 -340034827} {{34281 0.0 36689 0.0 18314 0.0 19947 0.0} {34389 0.0 36769 0.0 18422 0.0 20027 0.0} {34606 0.0 36936 0.0 18639 0.0 20194 0.0} {35045 0.0 37288 0.0 19078 0.0 20546 0.0} {35886 0.0 38001 0.0 19919 0.0 21259 0.0} {37461 0.0 39402 0.0 21494 0.0 22660 0.0} {40613 0.0 42206 0.0 24646 0.0 25464 0.0} {46916 0.0 47814 0.0 30949 0.0 31072 0.0}} {1 0 0 0 0 0 0 0 0 4603 4696 14437 14463 43936 43764 132435 131669} {0 0 1.0 5 0.0 1.0 1.0 1.0 1.0 4.6 1.9 2.0 63 62 63 62 1000 1 1 1 0 0 0 0 0 0 0 0 -111111111 X 0 0} 0 {2 0 X} {-111111111 -111111111}
::rc_st::fg::map_reify_hier_drvr_info {1 . A 4} {2 -1840559247 -340034827} {{37523 0.0 40599 0.0 21556 0.0 23857 0.0} {37631 0.0 40679 0.0 21664 0.0 23937 0.0} {37848 0.0 40846 0.0 21881 0.0 24104 0.0} {38287 0.0 41198 0.0 22320 0.0 24456 0.0} {39128 0.0 41911 0.0 23161 0.0 25169 0.0} {40703 0.0 43312 0.0 24736 0.0 26570 0.0} {43855 0.0 46116 0.0 27888 0.0 29374 0.0} {50158 0.0 51724 0.0 34191 0.0 34982 0.0}} {1 0 0 0 0 0 0 0 0 4603 4696 14437 14463 43936 43764 132435 131669} {0 0 1.0 5 0.0 1.0 1.0 1.0 1.0 4.6 1.9 2.0 63 62 63 62 1000 1 1 1 0 0 0 0 0 0 0 0 -111111111 X 0 0} 0 {2 0 X} {-111111111 -111111111}
::rc_st::fg::map_reify_hier_drvr_info {1 . A 5} {2 -1840559247 -340034827} {{40765 0.0 44509 0.0 24798 0.0 27767 0.0} {40873 0.0 44589 0.0 24906 0.0 27847 0.0} {41090 0.0 44756 0.0 25123 0.0 28014 0.0} {41529 0.0 45108 0.0 25562 0.0 28366 0.0} {42370 0.0 45821 0.0 26403 0.0 29079 0.0} {43945 0.0 47222 0.0 27978 0.0 30480 0.0} {47097 0.0 50026 0.0 31130 0.0 33284 0.0} {53400 0.0 55634 0.0 37433 0.0 38892 0.0}} {1 0 0 0 0 0 0 0 0 4603 4696 14437 14463 43936 43764 132435 131669} {0 0 1.0 5 0.0 1.0 1.0 1.0 1.0 4.6 1.9 2.0 63 62 63 62 1000 1 1 1 0 0 0 0 0 0 0 0 -111111111 X 0 0} 0 {2 0 X} {-111111111 -111111111}
::rc_st::fg::map_reify_hier_drvr_info {1 . A 6} {2 -1840559247 -340034827} {{44007 0.0 48419 0.0 28040 0.0 31677 0.0} {44115 0.0 48499 0.0 28148 0.0 31757 0.0} {44332 0.0 48666 0.0 28365 0.0 31924 0.0} {44771 0.0 49018 0.0 28804 0.0 32276 0.0} {45612 0.0 49731 0.0 29645 0.0 32989 0.0} {47187 0.0 51132 0.0 31220 0.0 34390 0.0} {50339 0.0 53936 0.0 34372 0.0 37194 0.0} {56642 0.0 59544 0.0 40675 0.0 42802 0.0}} {1 0 0 0 0 0 0 0 0 4603 4696 14437 14463 43936 43764 132435 131669} {0 0 1.0 5 0.0 1.0 1.0 1.0 1.0 4.6 1.9 2.0 63 62 63 62 1000 1 1 1 0 0 0 0 0 0 0 0 -111111111 X 0 0} 0 {2 0 X} {-111111111 -111111111}
::rc_st::fg::map_reify_hier_drvr_info {1 . A 7} {2 -1840559247 -340034827} {{47249 0.0 52329 0.0 31282 0.0 35587 0.0} {47357 0.0 52409 0.0 31390 0.0 35667 0.0} {47574 0.0 52576 0.0 31607 0.0 35834 0.0} {48013 0.0 52928 0.0 32046 0.0 36186 0.0} {48854 0.0 53641 0.0 32887 0.0 36899 0.0} {50429 0.0 55042 0.0 34462 0.0 38300 0.0} {53581 0.0 57846 0.0 37614 0.0 41104 0.0} {59884 0.0 63454 0.0 43917 0.0 46712 0.0}} {1 0 0 0 0 0 0 0 0 4603 4696 14437 14463 43936 43764 132435 131669} {0 0 1.0 5 0.0 1.0 1.0 1.0 1.0 4.6 1.9 2.0 63 62 63 62 1000 1 1 1 0 0 0 0 0 0 0 0 -111111111 X 0 0} 0 {2 0 X} {-111111111 -111111111}
::rc_st::fg::map_reify_hier_drvr_info {1 . A 8} {2 -1840559247 -340034827} {{50491 0.0 56239 0.0 34524 0.0 39497 0.0} {50599 0.0 56319 0.0 34632 0.0 39577 0.0} {50816 0.0 56486 0.0 34849 0.0 39744 0.0} {51255 0.0 56838 0.0 35288 0.0 40096 0.0} {52096 0.0 57551 0.0 36129 0.0 40809 0.0} {53671 0.0 58952 0.0 37704 0.0 42210 0.0} {56823 0.0 61756 0.0 40856 0.0 45014 0.0} {63126 0.0 67364 0.0 47159 0.0 50622 0.0}} {1 0 0 0 0 0 0 0 0 4603 4696 14437 14463 43936 43764 132435 131669} {0 0 1.0 5 0.0 1.0 1.0 1.0 1.0 4.6 1.9 2.0 63 62 63 62 1000 1 1 1 0 0 0 0 0 0 0 0 -111111111 X 0 0} 0 {2 0 X} {-111111111 -111111111}
::rc_st::fg::map_reify_hier_drvr_info {1 . A 9} {2 -1840559247 -340034827} {{53733 0.0 60149 0.0 37766 0.0 43407 0.0} {53841 0.0 60229 0.0 37874 0.0 43487 0.0} {54058 0.0 60396 0.0 38091 0.0 43654 0.0} {54497 0.0 60748 0.0 38530 0.0 44006 0.0} {55338 0.0 61461 0.0 39371 0.0 44719 0.0} {56913 0.0 62862 0.0 40946 0.0 46120 0.0} {60065 0.0 65666 0.0 44098 0.0 48924 0.0} {66368 0.0 71274 0.0 50401 0.0 54532 0.0}} {1 0 0 0 0 0 0 0 0 4603 4696 14437 14463 43936 43764 132435 131669} {0 0 1.0 5 0.0 1.0 1.0 1.0 1.0 4.6 1.9 2.0 63 62 63 62 1000 1 1 1 0 0 0 0 0 0 0 0 -111111111 X 0 0} 0 {2 0 X} {-111111111 -111111111}
::rc_st::fg::map_reify_hier_drvr_info {1 . A 10} {2 -1840559247 -340034827} {{56975 0.0 64059 0.0 41008 0.0 47317 0.0} {57083 0.0 64139 0.0 41116 0.0 47397 0.0} {57300 0.0 64306 0.0 41333 0.0 47564 0.0} {57739 0.0 64658 0.0 41772 0.0 47916 0.0} {58580 0.0 65371 0.0 42613 0.0 48629 0.0} {60155 0.0 66772 0.0 44188 0.0 50030 0.0} {63307 0.0 69576 0.0 47340 0.0 52834 0.0} {69610 0.0 75184 0.0 53643 0.0 58442 0.0}} {1 0 0 0 0 0 0 0 0 4603 4696 14437 14463 43936 43764 132435 131669} {0 0 1.0 5 0.0 1.0 1.0 1.0 1.0 4.6 1.9 2.0 63 62 63 62 1000 1 1 1 0 0 0 0 0 0 0 0 -111111111 X 0 0} 0 {2 0 X} {-111111111 -111111111}
::rc_st::fg::map_reify_hier_drvr_info {1 . A 11} {2 -1840559247 -340034827} {{60217 0.0 67969 0.0 44250 0.0 51227 0.0} {60325 0.0 68049 0.0 44358 0.0 51307 0.0} {60542 0.0 68216 0.0 44575 0.0 51474 0.0} {60981 0.0 68568 0.0 45014 0.0 51826 0.0} {61822 0.0 69281 0.0 45855 0.0 52539 0.0} {63397 0.0 70682 0.0 47430 0.0 53940 0.0} {66549 0.0 73486 0.0 50582 0.0 56744 0.0} {72852 0.0 79094 0.0 56885 0.0 62352 0.0}} {1 0 0 0 0 0 0 0 0 4603 4696 14437 14463 43936 43764 132435 131669} {0 0 1.0 5 0.0 1.0 1.0 1.0 1.0 4.6 1.9 2.0 63 62 63 62 1000 1 1 1 0 0 0 0 0 0 0 0 -111111111 X 0 0} 0 {2 0 X} {-111111111 -111111111}
::rc_st::fg::map_reify_hier_drvr_info {1 . A 12} {2 -1840559247 -340034827} {{63459 0.0 71879 0.0 47492 0.0 55137 0.0} {63567 0.0 71959 0.0 47600 0.0 55217 0.0} {63784 0.0 72126 0.0 47817 0.0 55384 0.0} {64223 0.0 72478 0.0 48256 0.0 55736 0.0} {65064 0.0 73191 0.0 49097 0.0 56449 0.0} {66639 0.0 74592 0.0 50672 0.0 57850 0.0} {69791 0.0 77396 0.0 53824 0.0 60654 0.0} {76094 0.0 83004 0.0 60127 0.0 66262 0.0}} {1 0 0 0 0 0 0 0 0 4603 4696 14437 14463 43936 43764 132435 131669} {0 0 1.0 5 0.0 1.0 1.0 1.0 1.0 4.6 1.9 2.0 63 62 63 62 1000 1 1 1 0 0 0 0 0 0 0 0 -111111111 X 0 0} 0 {2 0 X} {-111111111 -111111111}
::rc_st::fg::map_reify_hier_drvr_info {1 . A 13} {2 -1840559247 -340034827} {{66701 0.0 75789 0.0 50734 0.0 59047 0.0} {66809 0.0 75869 0.0 50842 0.0 59127 0.0} {67026 0.0 76036 0.0 51059 0.0 59294 0.0} {67465 0.0 76388 0.0 51498 0.0 59646 0.0} {68306 0.0 77101 0.0 52339 0.0 60359 0.0} {69881 0.0 78502 0.0 53914 0.0 61760 0.0} {73033 0.0 81306 0.0 57066 0.0 64564 0.0} {79336 0.0 86914 0.0 63369 0.0 70172 0.0}} {1 0 0 0 0 0 0 0 0 4603 4696 14437 14463 43936 43764 132435 131669} {0 0 1.0 5 0.0 1.0 1.0 1.0 1.0 4.6 1.9 2.0 63 62 63 62 1000 1 1 1 0 0 0 0 0 0 0 0 -111111111 X 0 0} 0 {2 0 X} {-111111111 -111111111}
::rc_st::fg::map_reify_hier_drvr_info {1 . A 14} {2 -1840559247 -340034827} {{69943 0.0 79699 0.0 53976 0.0 62957 0.0} {70051 0.0 79779 0.0 54084 0.0 63037 0.0} {70268 0.0 79946 0.0 54301 0.0 63204 0.0} {70707 0.0 80298 0.0 54740 0.0 63556 0.0} {71548 0.0 81011 0.0 55581 0.0 64269 0.0} {73123 0.0 82412 0.0 57156 0.0 65670 0.0} {76275 0.0 85216 0.0 60308 0.0 68474 0.0} {82578 0.0 90824 0.0 66611 0.0 74082 0.0}} {1 0 0 0 0 0 0 0 0 4603 4692 14437 14446 43936 43708 132435 131494} {0 0 1.0 5 0.0 1.0 1.0 1.0 1.0 4.6 1.9 2.0 63 62 63 62 1000 1 1 1 0 0 0 0 0 0 0 0 -111111111 X 0 0} 0 {2 0 X} {-111111111 -111111111}
::rc_st::fg::map_reify_hier_drvr_info {1 . A 15} {2 -1840559247 -340034827} {{73185 0.0 83609 0.0 57218 0.0 66867 0.0} {73293 0.0 83689 0.0 57326 0.0 66947 0.0} {73510 0.0 83856 0.0 57543 0.0 67114 0.0} {73949 0.0 84208 0.0 57982 0.0 67466 0.0} {74790 0.0 84921 0.0 58823 0.0 68179 0.0} {76365 0.0 86322 0.0 60398 0.0 69580 0.0} {79517 0.0 89126 0.0 63550 0.0 72384 0.0} {85820 0.0 94734 0.0 69853 0.0 77992 0.0}} {1 0 0 0 0 0 0 0 0 4603 4692 14437 14446 43936 43708 132435 131494} {0 0 1.0 5 0.0 1.0 1.0 1.0 1.0 4.6 1.9 2.0 63 62 63 62 1000 1 1 1 0 0 0 0 0 0 0 0 -111111111 X 0 0} 0 {2 0 X} {-111111111 -111111111}
::rc_st::fg::map_reify_hier_drvr_info {1 . A 16} {2 -1840559247 -340034827} {{76427 0.0 87519 0.0 60460 0.0 70777 0.0} {76535 0.0 87599 0.0 60568 0.0 70857 0.0} {76752 0.0 87766 0.0 60785 0.0 71024 0.0} {77191 0.0 88118 0.0 61224 0.0 71376 0.0} {78032 0.0 88831 0.0 62065 0.0 72089 0.0} {79607 0.0 90232 0.0 63640 0.0 73490 0.0} {82759 0.0 93036 0.0 66792 0.0 76294 0.0} {89062 0.0 98644 0.0 73095 0.0 81902 0.0}} {1 0 0 0 0 0 0 0 0 4603 4692 14437 14446 43936 43708 132435 131494} {0 0 1.0 5 0.0 1.0 1.0 1.0 1.0 4.6 1.9 2.0 63 62 63 62 1000 1 1 1 0 0 0 0 0 0 0 0 -111111111 X 0 0} 0 {2 0 X} {-111111111 -111111111}
::rc_st::fg::map_reify_hier_drvr_info {1 . A 17} {2 -1840559247 -340034827} {{79669 0.0 91429 0.0 63702 0.0 74687 0.0} {79777 0.0 91509 0.0 63810 0.0 74767 0.0} {79994 0.0 91676 0.0 64027 0.0 74934 0.0} {80433 0.0 92028 0.0 64466 0.0 75286 0.0} {81274 0.0 92741 0.0 65307 0.0 75999 0.0} {82849 0.0 94142 0.0 66882 0.0 77400 0.0} {86001 0.0 96946 0.0 70034 0.0 80204 0.0} {92304 0.0 102554 0.0 76337 0.0 85812 0.0}} {1 0 0 0 0 0 0 0 0 4603 4692 14437 14446 43936 43708 132435 131494} {0 0 1.0 5 0.0 1.0 1.0 1.0 1.0 4.6 1.9 2.0 63 62 63 62 1000 1 1 1 0 0 0 0 0 0 0 0 -111111111 X 0 0} 0 {2 0 X} {-111111111 -111111111}
::rc_st::fg::map_reify_hier_drvr_info {1 . A 18} {2 -1840559247 -340034827} {{82911 0.0 95339 0.0 66944 0.0 78597 0.0} {83019 0.0 95419 0.0 67052 0.0 78677 0.0} {83236 0.0 95586 0.0 67269 0.0 78844 0.0} {83675 0.0 95938 0.0 67708 0.0 79196 0.0} {84516 0.0 96651 0.0 68549 0.0 79909 0.0} {86091 0.0 98052 0.0 70124 0.0 81310 0.0} {89243 0.0 100856 0.0 73276 0.0 84114 0.0} {95546 0.0 106464 0.0 79579 0.0 89722 0.0}} {1 0 0 0 0 0 0 0 0 4603 4692 14437 14446 43936 43708 132435 131494} {0 0 1.0 5 0.0 1.0 1.0 1.0 1.0 4.6 1.9 2.0 63 62 63 62 1000 1 1 1 0 0 0 0 0 0 0 0 -111111111 X 0 0} 0 {2 0 X} {-111111111 -111111111}
::rc_st::fg::map_reify_hier_drvr_info {1 . A 19} {2 -1840559247 -340034827} {{86153 0.0 99249 0.0 70186 0.0 82507 0.0} {86261 0.0 99329 0.0 70294 0.0 82587 0.0} {86478 0.0 99496 0.0 70511 0.0 82754 0.0} {86917 0.0 99848 0.0 70950 0.0 83106 0.0} {87758 0.0 100561 0.0 71791 0.0 83819 0.0} {89333 0.0 101962 0.0 73366 0.0 85220 0.0} {92485 0.0 104766 0.0 76518 0.0 88024 0.0} {98788 0.0 110374 0.0 82821 0.0 93632 0.0}} {1 0 0 0 0 0 0 0 0 4603 4692 14437 14446 43936 43708 132435 131494} {0 0 1.0 5 0.0 1.0 1.0 1.0 1.0 4.6 1.9 2.0 63 62 63 62 1000 1 1 1 0 0 0 0 0 0 0 0 -111111111 X 0 0} 0 {2 0 X} {-111111111 -111111111}
::rc_st::fg::map_reify_hier_drvr_info {1 . A 20} {2 -1840559247 -340034827} {{89395 0.0 103159 0.0 73428 0.0 86417 0.0} {89503 0.0 103239 0.0 73536 0.0 86497 0.0} {89720 0.0 103406 0.0 73753 0.0 86664 0.0} {90159 0.0 103758 0.0 74192 0.0 87016 0.0} {91000 0.0 104471 0.0 75033 0.0 87729 0.0} {92575 0.0 105872 0.0 76608 0.0 89130 0.0} {95727 0.0 108676 0.0 79760 0.0 91934 0.0} {102030 0.0 114284 0.0 86063 0.0 97542 0.0}} {1 0 0 0 0 0 0 0 0 4603 4692 14437 14446 43936 43708 132435 131494} {0 0 1.0 5 0.0 1.0 1.0 1.0 1.0 4.6 1.9 2.0 63 62 63 62 1000 1 1 1 0 0 0 0 0 0 0 0 -111111111 X 0 0} 0 {2 0 X} {-111111111 -111111111}
::rc_st::fg::map_reify_hier_drvr_info {1 . A 21} {2 -1840559247 -340034827} {{92637 0.0 107069 0.0 76670 0.0 90327 0.0} {92745 0.0 107149 0.0 76778 0.0 90407 0.0} {92962 0.0 107316 0.0 76995 0.0 90574 0.0} {93401 0.0 107668 0.0 77434 0.0 90926 0.0} {94242 0.0 108381 0.0 78275 0.0 91639 0.0} {95817 0.0 109782 0.0 79850 0.0 93040 0.0} {98969 0.0 112586 0.0 83002 0.0 95844 0.0} {105272 0.0 118194 0.0 89305 0.0 101452 0.0}} {1 0 0 0 0 0 0 0 0 4603 4692 14437 14446 43936 43708 132435 131494} {0 0 1.0 5 0.0 1.0 1.0 1.0 1.0 4.6 1.9 2.0 63 62 63 62 1000 1 1 1 0 0 0 0 0 0 0 0 -111111111 X 0 0} 0 {2 0 X} {-111111111 -111111111}
::rc_st::fg::map_reify_hier_drvr_info {1 . A 22} {2 -1840559247 -340034827} {{95879 0.0 110979 0.0 79912 0.0 94237 0.0} {95987 0.0 111059 0.0 80020 0.0 94317 0.0} {96204 0.0 111226 0.0 80237 0.0 94484 0.0} {96643 0.0 111578 0.0 80676 0.0 94836 0.0} {97484 0.0 112291 0.0 81517 0.0 95549 0.0} {99059 0.0 113692 0.0 83092 0.0 96950 0.0} {102211 0.0 116496 0.0 86244 0.0 99754 0.0} {108514 0.0 122104 0.0 92547 0.0 105362 0.0}} {1 0 0 0 0 0 0 0 0 4603 4692 14437 14446 43936 43708 132435 131494} {0 0 1.0 5 0.0 1.0 1.0 1.0 1.0 4.6 1.9 2.0 63 62 63 62 1000 1 1 1 0 0 0 0 0 0 0 0 -111111111 X 0 0} 0 {2 0 X} {-111111111 -111111111}
::rc_st::fg::map_reify_hier_drvr_info {1 . A 23} {2 -1840559247 -340034827} {{99121 0.0 114889 0.0 83154 0.0 98147 0.0} {99229 0.0 114969 0.0 83262 0.0 98227 0.0} {99446 0.0 115136 0.0 83479 0.0 98394 0.0} {99885 0.0 115488 0.0 83918 0.0 98746 0.0} {100726 0.0 116201 0.0 84759 0.0 99459 0.0} {102301 0.0 117602 0.0 86334 0.0 100860 0.0} {105453 0.0 120406 0.0 89486 0.0 103664 0.0} {111756 0.0 126014 0.0 95789 0.0 109272 0.0}} {1 0 0 0 0 0 0 0 0 4603 4692 14437 14446 43936 43708 132435 131494} {0 0 1.0 5 0.0 1.0 1.0 1.0 1.0 4.6 1.9 2.0 63 62 63 62 1000 1 1 1 0 0 0 0 0 0 0 0 -111111111 X 0 0} 0 {2 0 X} {-111111111 -111111111}
::rc_st::fg::map_reify_hier_drvr_info {1 . A 24} {2 -1840559247 -340034827} {{102543 0.0 118119 0.0 154308 0.0 153907 0.0} {102662 0.0 118210 0.0 154428 0.0 154016 0.0} {102889 0.0 118382 0.0 154654 0.0 154234 0.0} {103309 0.0 118719 0.0 155030 0.0 154604 0.0} {103928 0.0 119299 0.0 155597 0.0 155312 0.0} {104920 0.0 120256 0.0 156638 0.0 156638 0.0} {106906 0.0 122169 0.0 159289 0.0 159289 0.0} {110877 0.0 125995 0.0 164753 0.0 164753 0.0}} {1 0 0 0 0 0 0 0 0 4314 4174 13153 12575 39672 39094 119228 118650} {0 0 1.0 5 0.0 1.0 1.0 1.0 1.0 4.6 1.9 2.0 31 30 79 78 3000 1 3 3 0 0 0 0 0 0 0 0 -111111111 X 0 0} 0 {2 0 X} {-111111111 -111111111}
::rc_st::fg::map_reify_hier_drvr_info {1 . A 25} {2 -1840559247 -340034827} {{106544 0.0 122350 0.0 156591 0.0 157866 0.0} {106665 0.0 122442 0.0 156698 0.0 157958 0.0} {106908 0.0 122610 0.0 156941 0.0 158126 0.0} {107356 0.0 122927 0.0 157389 0.0 158443 0.0} {108085 0.0 123481 0.0 158118 0.0 158997 0.0} {109288 0.0 124431 0.0 159321 0.0 159947 0.0} {111693 0.0 126329 0.0 161726 0.0 162264 0.0} {116502 0.0 131221 0.0 166535 0.0 167994 0.0}} {1 0 0 0 0 0 0 0 0 3677 3388 11161 9851 33611 29242 100963 87414} {0 0 1.0 5 0.0 1.0 1.0 1.0 1.0 4.6 1.9 2.0 31 30 50 49 2000 1 2 2 0 0 0 0 0 0 0 0 -111111111 X 0 0} 0 {2 0 X} {-111111111 -111111111}
::rc_st::fg::map_reify_hier_drvr_info {1 . A 26} {2 -1840559247 -340034827} {{108781 0.0 124530 0.0 158418 0.0 159440 0.0} {108903 0.0 124623 0.0 158540 0.0 159533 0.0} {109146 0.0 124791 0.0 158783 0.0 159701 0.0} {109593 0.0 125108 0.0 159230 0.0 160018 0.0} {110321 0.0 125668 0.0 159958 0.0 160578 0.0} {111523 0.0 126644 0.0 161160 0.0 161554 0.0} {113926 0.0 128594 0.0 163563 0.0 163917 0.0} {118731 0.0 134038 0.0 168368 0.0 169884 0.0}} {1 0 0 0 0 0 0 0 0 3696 3524 11223 10315 33804 30690 101547 91813} {0 0 1.0 5 0.0 1.0 1.0 1.0 1.0 4.6 1.9 2.0 31 30 50 49 2000 1 2 2 0 0 0 0 0 0 0 0 -111111111 X 0 0} 0 {2 0 X} {-111111111 -111111111}
::rc_st::fg::map_reify_hier_drvr_info {1 . A 27} {2 -1840559247 -340034827} {{110714 0.0 126485 0.0 159127 0.0 159885 0.0} {110836 0.0 126578 0.0 159249 0.0 159978 0.0} {111079 0.0 126746 0.0 159492 0.0 160146 0.0} {111526 0.0 127063 0.0 159939 0.0 160463 0.0} {112254 0.0 127623 0.0 160667 0.0 161023 0.0} {113456 0.0 128599 0.0 161869 0.0 161999 0.0} {115859 0.0 130549 0.0 164272 0.0 164633 0.0} {120664 0.0 135999 0.0 169077 0.0 170600 0.0}} {1 0 0 0 0 0 0 0 0 3696 3524 11223 10315 33804 30690 101547 91813} {0 0 1.0 5 0.0 1.0 1.0 1.0 1.0 4.6 1.9 2.0 31 30 50 49 2000 1 2 2 0 0 0 0 0 0 0 0 -111111111 X 0 0} 0 {2 0 X} {-111111111 -111111111}
::rc_st::fg::map_reify_hier_drvr_info {1 . A 28} {2 -1840559247 -340034827} {{112996 0.0 128841 0.0 161554 0.0 162241 0.0} {113118 0.0 128934 0.0 161676 0.0 162334 0.0} {113361 0.0 129102 0.0 161919 0.0 162502 0.0} {113808 0.0 129419 0.0 162366 0.0 162819 0.0} {114536 0.0 129979 0.0 163094 0.0 163379 0.0} {115738 0.0 130955 0.0 164296 0.0 164355 0.0} {118141 0.0 132905 0.0 166699 0.0 167058 0.0} {122946 0.0 138358 0.0 171504 0.0 173025 0.0}} {1 0 0 0 0 0 0 0 0 3696 3524 11223 10315 33804 30690 101547 91813} {0 0 1.0 5 0.0 1.0 1.0 1.0 1.0 4.6 1.9 2.0 31 30 50 49 2000 1 2 2 0 0 0 0 0 0 0 0 -111111111 X 0 0} 0 {2 0 X} {-111111111 -111111111}
::rc_st::fg::map_reify_hier_drvr_info {1 . A 29} {2 -1840559247 -340034827} {{115841 0.0 131684 0.0 163811 0.0 165084 0.0} {115962 0.0 131777 0.0 163932 0.0 165177 0.0} {116205 0.0 131945 0.0 164175 0.0 165345 0.0} {116652 0.0 132262 0.0 164622 0.0 165662 0.0} {117380 0.0 132822 0.0 165350 0.0 166222 0.0} {118582 0.0 133798 0.0 166552 0.0 167198 0.0} {120984 0.0 135751 0.0 168954 0.0 169151 0.0} {125789 0.0 142015 0.0 173759 0.0 175415 0.0}} {1 0 0 0 0 0 0 0 0 3696 3848 11224 11415 33808 34115 101559 102215} {0 0 1.0 5 0.0 1.0 1.0 1.0 1.0 4.6 1.9 2.0 31 30 50 49 2000 1 2 2 0 0 0 0 0 0 0 0 -111111111 X 0 0} 0 {2 0 X} {-111111111 -111111111}
::rc_st::fg::map_reify_hier_drvr_info {1 . A 30} {2 -1840559247 -340034827} {{117825 0.0 133179 0.0 165795 0.0 166579 0.0} {117933 0.0 133260 0.0 165903 0.0 166660 0.0} {118149 0.0 133426 0.0 166119 0.0 166826 0.0} {118587 0.0 133777 0.0 166557 0.0 167177 0.0} {119432 0.0 134496 0.0 167402 0.0 167896 0.0} {121021 0.0 135928 0.0 168991 0.0 169328 0.0} {124199 0.0 138792 0.0 172169 0.0 172192 0.0} {130555 0.0 144518 0.0 178525 0.0 177918 0.0}} {1 0 0 0 0 0 0 0 0 4638 4687 14558 14432 44318 43668 133598 131377} {0 0 1.0 5 0.0 1.0 1.0 1.0 1.0 4.6 1.9 2.0 63 62 63 62 1000 1 1 1 0 0 0 0 0 0 0 0 -111111111 X 0 0} 0 {2 0 X} {-111111111 -111111111}
::rc_st::fg::map_reify_hier_drvr_info {1 . A 31} {2 -1840559247 -340034827} {{120115 0.0 134784 0.0 168085 0.0 168184 0.0} {120214 0.0 134894 0.0 168184 0.0 168294 0.0} {120402 0.0 135119 0.0 168372 0.0 168519 0.0} {120761 0.0 135544 0.0 168731 0.0 168944 0.0} {121398 0.0 136212 0.0 169368 0.0 169612 0.0} {122513 0.0 137219 0.0 170483 0.0 170619 0.0} {124743 0.0 139236 0.0 172713 0.0 172636 0.0} {129203 0.0 143269 0.0 177173 0.0 176669 0.0}} {1 0 0 0 0 0 0 0 0 4564 4556 14001 13803 42311 41751 127244 126684} {0 0 1.0 5 0.0 1.0 1.0 1.0 1.0 4.6 1.9 2.0 36 36 36 36 1000 1 1 1 0 0 0 0 0 0 0 0 -111111111 X 0 0} 0 {2 0 X} {-111111111 -111111111}
::rc_st::fg::map_reify_hier_drvr_info {1 . B 0} {2 -1840559247 -340034827} {{28237 0.0 27650 0.0 12443 0.0 12009 0.0} {28356 0.0 27759 0.0 12562 0.0 12118 0.0} {28582 0.0 27981 0.0 12788 0.0 12336 0.0} {28956 0.0 28419 0.0 13162 0.0 12708 0.0} {29520 0.0 29200 0.0 13726 0.0 13406 0.0} {30562 0.0 30562 0.0 14768 0.0 14768 0.0} {33285 0.0 33285 0.0 17491 0.0 17491 0.0} {38729 0.0 38729 0.0 23016 0.0 23016 0.0}} {1 0 0 0 0 0 0 0 0 4472 4369 13430 12889 40305 39764 120930 120389} {0 0 1.0 5 0.0 1.0 1.0 1.0 1.0 4.6 1.9 2.0 18 18 18 18 1000 1 1 1 0 0 0 0 0 0 0 0 -111111111 X 0 0} 0 {2 0 X} {-111111111 -111111111}
::rc_st::fg::map_reify_hier_drvr_info {1 . B 1} {2 -1840559247 -340034827} {{27693 0.0 28894 0.0 11769 0.0 12152 0.0} {27796 0.0 28990 0.0 11869 0.0 12248 0.0} {27980 0.0 29164 0.0 12070 0.0 12422 0.0} {28315 0.0 29489 0.0 12453 0.0 12747 0.0} {28940 0.0 30098 0.0 13163 0.0 13356 0.0} {30136 0.0 31246 0.0 14480 0.0 14504 0.0} {32620 0.0 33543 0.0 17113 0.0 16801 0.0} {37888 0.0 38140 0.0 22381 0.0 21398 0.0}} {1 0 0 0 0 0 0 0 0 4043 4070 12339 12363 37227 37243 111889 111882} {0 0 1.0 5 0.0 1.0 1.0 1.0 1.0 4.6 1.9 2.0 64 64 64 64 1000 1 1 1 0 0 0 0 0 0 0 0 -111111111 X 0 0} 0 {2 0 X} {-111111111 -111111111}
::rc_st::fg::map_reify_hier_drvr_info {1 . B 2} {2 -1840559247 -340034827} {{30981 0.0 32804 0.0 15014 0.0 16062 0.0} {31077 0.0 32900 0.0 15110 0.0 16158 0.0} {31279 0.0 33073 0.0 15312 0.0 16331 0.0} {31663 0.0 33399 0.0 15696 0.0 16657 0.0} {32376 0.0 34013 0.0 16409 0.0 17271 0.0} {33708 0.0 35174 0.0 17741 0.0 18432 0.0} {36371 0.0 37503 0.0 20404 0.0 20761 0.0} {41698 0.0 42161 0.0 25731 0.0 25419 0.0}} {1 0 0 0 0 0 0 0 0 4054 4070 12365 12363 37298 37243 112098 111882} {0 0 1.0 5 0.0 1.0 1.0 1.0 1.0 4.6 1.9 2.0 64 64 64 64 1000 1 1 1 0 0 0 0 0 0 0 0 -111111111 X 0 0} 0 {2 0 X} {-111111111 -111111111}
::rc_st::fg::map_reify_hier_drvr_info {1 . B 3} {2 -1840559247 -340034827} {{34223 0.0 36714 0.0 18256 0.0 19972 0.0} {34319 0.0 36810 0.0 18352 0.0 20068 0.0} {34521 0.0 36983 0.0 18554 0.0 20241 0.0} {34905 0.0 37309 0.0 18938 0.0 20567 0.0} {35618 0.0 37923 0.0 19651 0.0 21181 0.0} {36950 0.0 39084 0.0 20983 0.0 22342 0.0} {39613 0.0 41413 0.0 23646 0.0 24671 0.0} {44940 0.0 46071 0.0 28973 0.0 29329 0.0}} {1 0 0 0 0 0 0 0 0 4054 4070 12365 12363 37298 37243 112098 111882} {0 0 1.0 5 0.0 1.0 1.0 1.0 1.0 4.6 1.9 2.0 64 64 64 64 1000 1 1 1 0 0 0 0 0 0 0 0 -111111111 X 0 0} 0 {2 0 X} {-111111111 -111111111}
::rc_st::fg::map_reify_hier_drvr_info {1 . B 4} {2 -1840559247 -340034827} {{37465 0.0 40624 0.0 21498 0.0 23882 0.0} {37561 0.0 40720 0.0 21594 0.0 23978 0.0} {37763 0.0 40893 0.0 21796 0.0 24151 0.0} {38147 0.0 41219 0.0 22180 0.0 24477 0.0} {38860 0.0 41833 0.0 22893 0.0 25091 0.0} {40192 0.0 42994 0.0 24225 0.0 26252 0.0} {42855 0.0 45323 0.0 26888 0.0 28581 0.0} {48182 0.0 49981 0.0 32215 0.0 33239 0.0}} {1 0 0 0 0 0 0 0 0 4054 4070 12365 12363 37298 37243 112098 111882} {0 0 1.0 5 0.0 1.0 1.0 1.0 1.0 4.6 1.9 2.0 64 64 64 64 1000 1 1 1 0 0 0 0 0 0 0 0 -111111111 X 0 0} 0 {2 0 X} {-111111111 -111111111}
::rc_st::fg::map_reify_hier_drvr_info {1 . B 5} {2 -1840559247 -340034827} {{40707 0.0 44534 0.0 24740 0.0 27792 0.0} {40803 0.0 44630 0.0 24836 0.0 27888 0.0} {41005 0.0 44803 0.0 25038 0.0 28061 0.0} {41389 0.0 45129 0.0 25422 0.0 28387 0.0} {42102 0.0 45743 0.0 26135 0.0 29001 0.0} {43434 0.0 46904 0.0 27467 0.0 30162 0.0} {46097 0.0 49233 0.0 30130 0.0 32491 0.0} {51424 0.0 53891 0.0 35457 0.0 37149 0.0}} {1 0 0 0 0 0 0 0 0 4054 4070 12365 12363 37298 37243 112098 111882} {0 0 1.0 5 0.0 1.0 1.0 1.0 1.0 4.6 1.9 2.0 64 64 64 64 1000 1 1 1 0 0 0 0 0 0 0 0 -111111111 X 0 0} 0 {2 0 X} {-111111111 -111111111}
::rc_st::fg::map_reify_hier_drvr_info {1 . B 6} {2 -1840559247 -340034827} {{43949 0.0 48444 0.0 27982 0.0 31702 0.0} {44045 0.0 48540 0.0 28078 0.0 31798 0.0} {44247 0.0 48713 0.0 28280 0.0 31971 0.0} {44631 0.0 49039 0.0 28664 0.0 32297 0.0} {45344 0.0 49653 0.0 29377 0.0 32911 0.0} {46676 0.0 50814 0.0 30709 0.0 34072 0.0} {49339 0.0 53143 0.0 33372 0.0 36401 0.0} {54666 0.0 57801 0.0 38699 0.0 41059 0.0}} {1 0 0 0 0 0 0 0 0 4054 4070 12365 12363 37298 37243 112098 111882} {0 0 1.0 5 0.0 1.0 1.0 1.0 1.0 4.6 1.9 2.0 64 64 64 64 1000 1 1 1 0 0 0 0 0 0 0 0 -111111111 X 0 0} 0 {2 0 X} {-111111111 -111111111}
::rc_st::fg::map_reify_hier_drvr_info {1 . B 7} {2 -1840559247 -340034827} {{47191 0.0 52354 0.0 31224 0.0 35612 0.0} {47287 0.0 52450 0.0 31320 0.0 35708 0.0} {47489 0.0 52623 0.0 31522 0.0 35881 0.0} {47873 0.0 52949 0.0 31906 0.0 36207 0.0} {48586 0.0 53563 0.0 32619 0.0 36821 0.0} {49918 0.0 54724 0.0 33951 0.0 37982 0.0} {52581 0.0 57053 0.0 36614 0.0 40311 0.0} {57908 0.0 61711 0.0 41941 0.0 44969 0.0}} {1 0 0 0 0 0 0 0 0 4054 4070 12365 12363 37298 37243 112098 111882} {0 0 1.0 5 0.0 1.0 1.0 1.0 1.0 4.6 1.9 2.0 64 64 64 64 1000 1 1 1 0 0 0 0 0 0 0 0 -111111111 X 0 0} 0 {2 0 X} {-111111111 -111111111}
::rc_st::fg::map_reify_hier_drvr_info {1 . B 8} {2 -1840559247 -340034827} {{50433 0.0 56264 0.0 34466 0.0 39522 0.0} {50530 0.0 56360 0.0 34563 0.0 39618 0.0} {50731 0.0 56533 0.0 34764 0.0 39791 0.0} {51115 0.0 56859 0.0 35148 0.0 40117 0.0} {51828 0.0 57473 0.0 35861 0.0 40731 0.0} {53161 0.0 58635 0.0 37194 0.0 41893 0.0} {55824 0.0 60964 0.0 39857 0.0 44222 0.0} {61151 0.0 65621 0.0 45184 0.0 48879 0.0}} {1 0 0 0 0 0 0 0 0 3858 4142 12169 12435 37102 37315 111902 111954} {0 0 1.0 5 0.0 1.0 1.0 1.0 1.0 4.6 1.9 2.0 64 64 64 64 1000 1 1 1 0 0 0 0 0 0 0 0 -111111111 X 0 0} 0 {2 0 X} {-111111111 -111111111}
::rc_st::fg::map_reify_hier_drvr_info {1 . B 9} {2 -1840559247 -340034827} {{53675 0.0 60174 0.0 37708 0.0 43432 0.0} {53772 0.0 60270 0.0 37805 0.0 43528 0.0} {53973 0.0 60443 0.0 38006 0.0 43701 0.0} {54357 0.0 60769 0.0 38390 0.0 44027 0.0} {55070 0.0 61383 0.0 39103 0.0 44641 0.0} {56403 0.0 62545 0.0 40436 0.0 45803 0.0} {59066 0.0 64874 0.0 43099 0.0 48132 0.0} {64393 0.0 69531 0.0 48426 0.0 52789 0.0}} {1 0 0 0 0 0 0 0 0 3858 4142 12169 12435 37102 37315 111902 111954} {0 0 1.0 5 0.0 1.0 1.0 1.0 1.0 4.6 1.9 2.0 64 64 64 64 1000 1 1 1 0 0 0 0 0 0 0 0 -111111111 X 0 0} 0 {2 0 X} {-111111111 -111111111}
::rc_st::fg::map_reify_hier_drvr_info {1 . B 10} {2 -1840559247 -340034827} {{56917 0.0 64084 0.0 40950 0.0 47342 0.0} {57014 0.0 64180 0.0 41047 0.0 47438 0.0} {57215 0.0 64353 0.0 41248 0.0 47611 0.0} {57599 0.0 64679 0.0 41632 0.0 47937 0.0} {58312 0.0 65293 0.0 42345 0.0 48551 0.0} {59645 0.0 66455 0.0 43678 0.0 49713 0.0} {62308 0.0 68784 0.0 46341 0.0 52042 0.0} {67635 0.0 73441 0.0 51668 0.0 56699 0.0}} {1 0 0 0 0 0 0 0 0 3858 4142 12169 12435 37102 37315 111902 111954} {0 0 1.0 5 0.0 1.0 1.0 1.0 1.0 4.6 1.9 2.0 64 64 64 64 1000 1 1 1 0 0 0 0 0 0 0 0 -111111111 X 0 0} 0 {2 0 X} {-111111111 -111111111}
::rc_st::fg::map_reify_hier_drvr_info {1 . B 11} {2 -1840559247 -340034827} {{60159 0.0 67994 0.0 44192 0.0 51252 0.0} {60256 0.0 68090 0.0 44289 0.0 51348 0.0} {60457 0.0 68263 0.0 44490 0.0 51521 0.0} {60841 0.0 68589 0.0 44874 0.0 51847 0.0} {61554 0.0 69203 0.0 45587 0.0 52461 0.0} {62887 0.0 70365 0.0 46920 0.0 53623 0.0} {65550 0.0 72694 0.0 49583 0.0 55952 0.0} {70877 0.0 77351 0.0 54910 0.0 60609 0.0}} {1 0 0 0 0 0 0 0 0 3858 4142 12169 12435 37102 37315 111902 111954} {0 0 1.0 5 0.0 1.0 1.0 1.0 1.0 4.6 1.9 2.0 64 64 64 64 1000 1 1 1 0 0 0 0 0 0 0 0 -111111111 X 0 0} 0 {2 0 X} {-111111111 -111111111}
::rc_st::fg::map_reify_hier_drvr_info {1 . B 12} {2 -1840559247 -340034827} {{63401 0.0 71904 0.0 47434 0.0 55162 0.0} {63497 0.0 72000 0.0 47530 0.0 55258 0.0} {63699 0.0 72173 0.0 47732 0.0 55431 0.0} {64083 0.0 72499 0.0 48116 0.0 55757 0.0} {64796 0.0 73113 0.0 48829 0.0 56371 0.0} {66128 0.0 74274 0.0 50161 0.0 57532 0.0} {68791 0.0 76603 0.0 52824 0.0 59861 0.0} {74118 0.0 81261 0.0 58151 0.0 64519 0.0}} {1 0 0 0 0 0 0 0 0 4055 4070 12366 12363 37299 37243 112099 111882} {0 0 1.0 5 0.0 1.0 1.0 1.0 1.0 4.6 1.9 2.0 64 64 64 64 1000 1 1 1 0 0 0 0 0 0 0 0 -111111111 X 0 0} 0 {2 0 X} {-111111111 -111111111}
::rc_st::fg::map_reify_hier_drvr_info {1 . B 13} {2 -1840559247 -340034827} {{66643 0.0 75814 0.0 50676 0.0 59072 0.0} {66740 0.0 75910 0.0 50773 0.0 59168 0.0} {66941 0.0 76083 0.0 50974 0.0 59341 0.0} {67325 0.0 76409 0.0 51358 0.0 59667 0.0} {68038 0.0 77023 0.0 52071 0.0 60281 0.0} {69371 0.0 78185 0.0 53404 0.0 61443 0.0} {72034 0.0 80514 0.0 56067 0.0 63772 0.0} {77361 0.0 85171 0.0 61394 0.0 68429 0.0}} {1 0 0 0 0 0 0 0 0 3858 4142 12169 12435 37102 37315 111902 111954} {0 0 1.0 5 0.0 1.0 1.0 1.0 1.0 4.6 1.9 2.0 64 64 64 64 1000 1 1 1 0 0 0 0 0 0 0 0 -111111111 X 0 0} 0 {2 0 X} {-111111111 -111111111}
::rc_st::fg::map_reify_hier_drvr_info {1 . B 14} {2 -1840559247 -340034827} {{69885 0.0 79724 0.0 53918 0.0 62982 0.0} {69981 0.0 79820 0.0 54014 0.0 63078 0.0} {70183 0.0 79993 0.0 54216 0.0 63251 0.0} {70567 0.0 80319 0.0 54600 0.0 63577 0.0} {71280 0.0 80933 0.0 55313 0.0 64191 0.0} {72612 0.0 82094 0.0 56645 0.0 65352 0.0} {75275 0.0 84423 0.0 59308 0.0 67681 0.0} {80602 0.0 89081 0.0 64635 0.0 72339 0.0}} {1 0 0 0 0 0 0 0 0 4054 4067 12365 12347 37298 37188 112098 111708} {0 0 1.0 5 0.0 1.0 1.0 1.0 1.0 4.6 1.9 2.0 64 64 64 64 1000 1 1 1 0 0 0 0 0 0 0 0 -111111111 X 0 0} 0 {2 0 X} {-111111111 -111111111}
::rc_st::fg::map_reify_hier_drvr_info {1 . B 15} {2 -1840559247 -340034827} {{73127 0.0 83634 0.0 57160 0.0 66892 0.0} {73223 0.0 83730 0.0 57256 0.0 66988 0.0} {73425 0.0 83903 0.0 57458 0.0 67161 0.0} {73809 0.0 84229 0.0 57842 0.0 67487 0.0} {74522 0.0 84843 0.0 58555 0.0 68101 0.0} {75854 0.0 86004 0.0 59887 0.0 69262 0.0} {78517 0.0 88333 0.0 62550 0.0 71591 0.0} {83844 0.0 92991 0.0 67877 0.0 76249 0.0}} {1 0 0 0 0 0 0 0 0 4054 4067 12365 12347 37298 37188 112098 111708} {0 0 1.0 5 0.0 1.0 1.0 1.0 1.0 4.6 1.9 2.0 64 64 64 64 1000 1 1 1 0 0 0 0 0 0 0 0 -111111111 X 0 0} 0 {2 0 X} {-111111111 -111111111}
::rc_st::fg::map_reify_hier_drvr_info {1 . B 16} {2 -1840559247 -340034827} {{76369 0.0 87544 0.0 60402 0.0 70802 0.0} {76465 0.0 87640 0.0 60498 0.0 70898 0.0} {76667 0.0 87813 0.0 60700 0.0 71071 0.0} {77051 0.0 88139 0.0 61084 0.0 71397 0.0} {77764 0.0 88753 0.0 61797 0.0 72011 0.0} {79096 0.0 89914 0.0 63129 0.0 73172 0.0} {81759 0.0 92243 0.0 65792 0.0 75501 0.0} {87086 0.0 96901 0.0 71119 0.0 80159 0.0}} {1 0 0 0 0 0 0 0 0 4053 4067 12364 12347 37297 37188 112097 111708} {0 0 1.0 5 0.0 1.0 1.0 1.0 1.0 4.6 1.9 2.0 64 64 64 64 1000 1 1 1 0 0 0 0 0 0 0 0 -111111111 X 0 0} 0 {2 0 X} {-111111111 -111111111}
::rc_st::fg::map_reify_hier_drvr_info {1 . B 17} {2 -1840559247 -340034827} {{79611 0.0 91454 0.0 63644 0.0 74712 0.0} {79707 0.0 91550 0.0 63740 0.0 74808 0.0} {79909 0.0 91723 0.0 63942 0.0 74981 0.0} {80293 0.0 92049 0.0 64326 0.0 75307 0.0} {81006 0.0 92663 0.0 65039 0.0 75921 0.0} {82338 0.0 93824 0.0 66371 0.0 77082 0.0} {85001 0.0 96153 0.0 69034 0.0 79411 0.0} {90328 0.0 100811 0.0 74361 0.0 84069 0.0}} {1 0 0 0 0 0 0 0 0 4054 4067 12365 12347 37298 37188 112098 111708} {0 0 1.0 5 0.0 1.0 1.0 1.0 1.0 4.6 1.9 2.0 64 64 64 64 1000 1 1 1 0 0 0 0 0 0 0 0 -111111111 X 0 0} 0 {2 0 X} {-111111111 -111111111}
::rc_st::fg::map_reify_hier_drvr_info {1 . B 18} {2 -1840559247 -340034827} {{82853 0.0 95364 0.0 66886 0.0 78622 0.0} {82949 0.0 95460 0.0 66982 0.0 78718 0.0} {83151 0.0 95633 0.0 67184 0.0 78891 0.0} {83535 0.0 95959 0.0 67568 0.0 79217 0.0} {84248 0.0 96573 0.0 68281 0.0 79831 0.0} {85580 0.0 97734 0.0 69613 0.0 80992 0.0} {88243 0.0 100063 0.0 72276 0.0 83321 0.0} {93570 0.0 104721 0.0 77603 0.0 87979 0.0}} {1 0 0 0 0 0 0 0 0 4054 4067 12365 12347 37298 37188 112098 111708} {0 0 1.0 5 0.0 1.0 1.0 1.0 1.0 4.6 1.9 2.0 64 64 64 64 1000 1 1 1 0 0 0 0 0 0 0 0 -111111111 X 0 0} 0 {2 0 X} {-111111111 -111111111}
::rc_st::fg::map_reify_hier_drvr_info {1 . B 19} {2 -1840559247 -340034827} {{86095 0.0 99274 0.0 70128 0.0 82532 0.0} {86191 0.0 99370 0.0 70224 0.0 82628 0.0} {86393 0.0 99543 0.0 70426 0.0 82801 0.0} {86777 0.0 99869 0.0 70810 0.0 83127 0.0} {87490 0.0 100483 0.0 71523 0.0 83741 0.0} {88822 0.0 101644 0.0 72855 0.0 84902 0.0} {91485 0.0 103973 0.0 75518 0.0 87231 0.0} {96812 0.0 108631 0.0 80845 0.0 91889 0.0}} {1 0 0 0 0 0 0 0 0 4054 4067 12365 12347 37298 37188 112098 111708} {0 0 1.0 5 0.0 1.0 1.0 1.0 1.0 4.6 1.9 2.0 64 64 64 64 1000 1 1 1 0 0 0 0 0 0 0 0 -111111111 X 0 0} 0 {2 0 X} {-111111111 -111111111}
::rc_st::fg::map_reify_hier_drvr_info {1 . B 20} {2 -1840559247 -340034827} {{89337 0.0 103184 0.0 73370 0.0 86442 0.0} {89433 0.0 103280 0.0 73466 0.0 86538 0.0} {89635 0.0 103453 0.0 73668 0.0 86711 0.0} {90019 0.0 103779 0.0 74052 0.0 87037 0.0} {90732 0.0 104393 0.0 74765 0.0 87651 0.0} {92064 0.0 105554 0.0 76097 0.0 88812 0.0} {94727 0.0 107883 0.0 78760 0.0 91141 0.0} {100054 0.0 112541 0.0 84087 0.0 95799 0.0}} {1 0 0 0 0 0 0 0 0 4054 4067 12365 12347 37298 37188 112098 111708} {0 0 1.0 5 0.0 1.0 1.0 1.0 1.0 4.6 1.9 2.0 64 64 64 64 1000 1 1 1 0 0 0 0 0 0 0 0 -111111111 X 0 0} 0 {2 0 X} {-111111111 -111111111}
::rc_st::fg::map_reify_hier_drvr_info {1 . B 21} {2 -1840559247 -340034827} {{92579 0.0 107094 0.0 76612 0.0 90352 0.0} {92675 0.0 107190 0.0 76708 0.0 90448 0.0} {92877 0.0 107363 0.0 76910 0.0 90621 0.0} {93261 0.0 107689 0.0 77294 0.0 90947 0.0} {93974 0.0 108303 0.0 78007 0.0 91561 0.0} {95306 0.0 109464 0.0 79339 0.0 92722 0.0} {97969 0.0 111793 0.0 82002 0.0 95051 0.0} {103296 0.0 116451 0.0 87329 0.0 99709 0.0}} {1 0 0 0 0 0 0 0 0 4054 4067 12365 12347 37298 37188 112098 111708} {0 0 1.0 5 0.0 1.0 1.0 1.0 1.0 4.6 1.9 2.0 64 64 64 64 1000 1 1 1 0 0 0 0 0 0 0 0 -111111111 X 0 0} 0 {2 0 X} {-111111111 -111111111}
::rc_st::fg::map_reify_hier_drvr_info {1 . B 22} {2 -1840559247 -340034827} {{95821 0.0 111004 0.0 79854 0.0 94262 0.0} {95917 0.0 111100 0.0 79950 0.0 94358 0.0} {96119 0.0 111273 0.0 80152 0.0 94531 0.0} {96503 0.0 111599 0.0 80536 0.0 94857 0.0} {97216 0.0 112213 0.0 81249 0.0 95471 0.0} {98548 0.0 113374 0.0 82581 0.0 96632 0.0} {101211 0.0 115703 0.0 85244 0.0 98961 0.0} {106538 0.0 120361 0.0 90571 0.0 103619 0.0}} {1 0 0 0 0 0 0 0 0 4054 4067 12365 12347 37298 37188 112098 111708} {0 0 1.0 5 0.0 1.0 1.0 1.0 1.0 4.6 1.9 2.0 64 64 64 64 1000 1 1 1 0 0 0 0 0 0 0 0 -111111111 X 0 0} 0 {2 0 X} {-111111111 -111111111}
::rc_st::fg::map_reify_hier_drvr_info {1 . B 23} {2 -1840559247 -340034827} {{99063 0.0 114914 0.0 83096 0.0 98172 0.0} {99159 0.0 115010 0.0 83192 0.0 98268 0.0} {99361 0.0 115183 0.0 83394 0.0 98441 0.0} {99745 0.0 115509 0.0 83778 0.0 98767 0.0} {100458 0.0 116123 0.0 84491 0.0 99381 0.0} {101790 0.0 117284 0.0 85823 0.0 100542 0.0} {104453 0.0 119613 0.0 88486 0.0 102871 0.0} {109780 0.0 124271 0.0 93813 0.0 107529 0.0}} {1 0 0 0 0 0 0 0 0 4054 4067 12365 12347 37298 37188 112098 111708} {0 0 1.0 5 0.0 1.0 1.0 1.0 1.0 4.6 1.9 2.0 64 64 64 64 1000 1 1 1 0 0 0 0 0 0 0 0 -111111111 X 0 0} 0 {2 0 X} {-111111111 -111111111}
::rc_st::fg::map_reify_hier_drvr_info {1 . B 24} {2 -1840559247 -340034827} {{102475 0.0 117939 0.0 153590 0.0 153590 0.0} {102594 0.0 118016 0.0 153702 0.0 153702 0.0} {102801 0.0 118194 0.0 153919 0.0 153919 0.0} {103177 0.0 118599 0.0 154278 0.0 154273 0.0} {103721 0.0 119299 0.0 154780 0.0 154753 0.0} {104589 0.0 120403 0.0 155703 0.0 155707 0.0} {106326 0.0 122610 0.0 157854 0.0 157859 0.0} {110176 0.0 127025 0.0 162577 0.0 162164 0.0}} {1 0 0 0 0 0 0 0 0 3255 3349 10061 9984 32008 29891 97847 89613} {0 0 1.0 5 0.0 1.0 1.0 1.0 1.0 4.6 1.9 2.0 38 37 101 100 3000 1 3 3 0 0 0 0 0 0 0 0 -111111111 X 0 0} 0 {2 0 X} {-111111111 -111111111}
::rc_st::fg::map_reify_hier_drvr_info {1 . B 25} {2 -1840559247 -340034827} {{106444 0.0 122178 0.0 156524 0.0 157694 0.0} {106565 0.0 122255 0.0 156628 0.0 157771 0.0} {106803 0.0 122426 0.0 156847 0.0 157942 0.0} {107229 0.0 122788 0.0 157299 0.0 158304 0.0} {107903 0.0 123438 0.0 158104 0.0 158954 0.0} {109006 0.0 124523 0.0 159446 0.0 160039 0.0} {111211 0.0 126690 0.0 162132 0.0 162206 0.0} {115955 0.0 131027 0.0 167503 0.0 167252 0.0}} {1 0 0 0 0 0 0 0 0 3635 3437 10643 10135 31667 30228 94738 90506} {0 0 1.0 5 0.0 1.0 1.0 1.0 1.0 4.6 1.9 2.0 32 32 50 50 2000 1 2 2 0 0 0 0 0 0 0 0 -111111111 X 0 0} 0 {2 0 X} {-111111111 -111111111}
::rc_st::fg::map_reify_hier_drvr_info {1 . B 26} {2 -1840559247 -340034827} {{108680 0.0 124358 0.0 158317 0.0 159268 0.0} {108802 0.0 124436 0.0 158439 0.0 159346 0.0} {109039 0.0 124608 0.0 158676 0.0 159518 0.0} {109459 0.0 124970 0.0 159096 0.0 159880 0.0} {110131 0.0 125623 0.0 159768 0.0 160533 0.0} {111235 0.0 126733 0.0 160872 0.0 161643 0.0} {113442 0.0 128952 0.0 163627 0.0 163862 0.0} {118742 0.0 133390 0.0 169190 0.0 169165 0.0}} {1 0 0 0 0 0 0 0 0 3166 3462 10454 10311 32318 30858 97912 92499} {0 0 1.0 5 0.0 1.0 1.0 1.0 1.0 4.6 1.9 2.0 32 32 50 50 2000 1 2 2 0 0 0 0 0 0 0 0 -111111111 X 0 0} 0 {2 0 X} {-111111111 -111111111}
::rc_st::fg::map_reify_hier_drvr_info {1 . B 27} {2 -1840559247 -340034827} {{110613 0.0 126313 0.0 159026 0.0 159713 0.0} {110735 0.0 126391 0.0 159148 0.0 159791 0.0} {110972 0.0 126563 0.0 159385 0.0 159963 0.0} {111392 0.0 126925 0.0 159805 0.0 160325 0.0} {112064 0.0 127578 0.0 160477 0.0 160978 0.0} {113168 0.0 128688 0.0 161581 0.0 162088 0.0} {115375 0.0 130907 0.0 163788 0.0 164307 0.0} {120687 0.0 135345 0.0 169249 0.0 169881 0.0}} {1 0 0 0 0 0 0 0 0 3166 3462 10454 10311 32318 30858 97912 92499} {0 0 1.0 5 0.0 1.0 1.0 1.0 1.0 4.6 1.9 2.0 32 32 50 50 2000 1 2 2 0 0 0 0 0 0 0 0 -111111111 X 0 0} 0 {2 0 X} {-111111111 -111111111}
::rc_st::fg::map_reify_hier_drvr_info {1 . B 28} {2 -1840559247 -340034827} {{112895 0.0 128669 0.0 161453 0.0 162069 0.0} {113017 0.0 128747 0.0 161575 0.0 162147 0.0} {113254 0.0 128919 0.0 161812 0.0 162319 0.0} {113674 0.0 129281 0.0 162232 0.0 162681 0.0} {114346 0.0 129934 0.0 162904 0.0 163334 0.0} {115450 0.0 131044 0.0 164008 0.0 164444 0.0} {117657 0.0 133263 0.0 166261 0.0 166678 0.0} {122969 0.0 137701 0.0 171825 0.0 172306 0.0}} {1 0 0 0 0 0 0 0 0 3175 3468 10463 10317 32327 30864 97921 92505} {0 0 1.0 5 0.0 1.0 1.0 1.0 1.0 4.6 1.9 2.0 32 32 50 50 2000 1 2 2 0 0 0 0 0 0 0 0 -111111111 X 0 0} 0 {2 0 X} {-111111111 -111111111}
::rc_st::fg::map_reify_hier_drvr_info {1 . B 29} {2 -1840559247 -340034827} {{115739 0.0 131512 0.0 163709 0.0 164912 0.0} {115861 0.0 131590 0.0 163831 0.0 164990 0.0} {116099 0.0 131762 0.0 164069 0.0 165162 0.0} {116521 0.0 132124 0.0 164491 0.0 165524 0.0} {117195 0.0 132778 0.0 165165 0.0 166178 0.0} {118298 0.0 133888 0.0 166268 0.0 167288 0.0} {120504 0.0 136109 0.0 168474 0.0 169509 0.0} {126507 0.0 141351 0.0 174488 0.0 174751 0.0}} {1 0 0 0 0 0 0 0 0 3812 3773 11829 10805 35879 31904 108030 95198} {0 0 1.0 5 0.0 1.0 1.0 1.0 1.0 4.6 1.9 2.0 32 32 50 50 2000 1 2 2 0 0 0 0 0 0 0 0 -111111111 X 0 0} 0 {2 0 X} {-111111111 -111111111}
::rc_st::fg::map_reify_hier_drvr_info {1 . B 30} {2 -1840559247 -340034827} {{117768 0.0 133204 0.0 165738 0.0 166604 0.0} {117863 0.0 133300 0.0 165833 0.0 166700 0.0} {118061 0.0 133474 0.0 166031 0.0 166874 0.0} {118444 0.0 133799 0.0 166414 0.0 167199 0.0} {119160 0.0 134415 0.0 167130 0.0 167815 0.0} {120503 0.0 135604 0.0 168473 0.0 169004 0.0} {123193 0.0 137982 0.0 171163 0.0 171382 0.0} {128573 0.0 142739 0.0 176543 0.0 176139 0.0}} {1 0 0 0 0 0 0 0 0 3902 4120 12339 12370 37650 37120 113584 111370} {0 0 1.0 5 0.0 1.0 1.0 1.0 1.0 4.6 1.9 2.0 64 64 64 64 1000 1 1 1 0 0 0 0 0 0 0 0 -111111111 X 0 0} 0 {2 0 X} {-111111111 -111111111}
::rc_st::fg::map_reify_hier_drvr_info {1 . B 31} {2 -1840559247 -340034827} {{120041 0.0 134686 0.0 168011 0.0 168086 0.0} {120145 0.0 134795 0.0 168115 0.0 168195 0.0} {120359 0.0 135018 0.0 168329 0.0 168418 0.0} {120780 0.0 135426 0.0 168750 0.0 168826 0.0} {121506 0.0 136047 0.0 169476 0.0 169447 0.0} {122722 0.0 136962 0.0 170692 0.0 170362 0.0} {125154 0.0 138792 0.0 173124 0.0 172192 0.0} {130018 0.0 142451 0.0 177988 0.0 175851 0.0}} {1 0 0 0 0 0 0 0 0 3813 3775 11888 11850 36114 36076 108793 108755} {0 0 1.0 5 0.0 1.0 1.0 1.0 1.0 4.6 1.9 2.0 48 48 48 48 1000 1 1 1 0 0 0 0 0 0 0 0 -111111111 X 0 0} 0 {2 0 X} {-111111111 -111111111}
::rc_st::fg::map_slackq_result default {}
::rc_st::fg::map_slackq_result clk {{1 . B 24} 0 {1 . A 16} 0 {1 . A 27} 0 {1 . A 20} 0 {1 . A 5} 0 {1 . B 12} 0 {1 . B 5} 0 {1 . A 2} 0 {1 . A 0} 0 {1 . B 15} 0 {1 . A 11} 0 {1 . B 29} 0 {1 . B 10} 0 {1 . B 26} 0 {1 . B 7} 0 {1 . A 4} 0 {1 . B 8} 0 {1 . A 21} 0 {1 . A 6} 0 {1 . B 13} 0 {1 . A 17} 0 {1 . B 27} 0 {1 . B 2} 0 {1 . A 9} 0 {1 . B 18} 0 {1 . B 22} 0 {1 . B 30} 0 {1 . B 31} 0 {1 . A 24} 0 {1 . B 11} 0 {1 . A 18} 0 {1 . B 28} 0 {1 . B 6} 0 {1 . A 26} 0 {1 . B 14} 0 {1 . A 14} 0 {1 . A 29} 0 {1 . A 7} 0 {1 . B 3} 0 {1 . A 8} 0 {1 . B 21} 0 {1 . B 0} 0 {1 . A 1} 0 {1 . B 16} 0 {1 . A 31} 0 {1 . B 23} 0 {1 . A 23} 0 {1 . A 13} 0 {1 . B 19} 0 {1 . A 19} 0 {1 . B 20} 0 {1 . A 12} 0 {1 . A 15} 0 {1 . A 22} 0 {1 . A 3} 0 {1 . B 25} 0 {1 . B 17} 0 {1 . A 28} 0 {1 . B 4} 0 {1 . B 9} 0 {1 . B 1} 0 {1 . A 10} 0 {1 . A 30} 0 {1 . A 25} 0}
::rc_st::fg::map_complete
