read_db -super_threading -from_tcl {4Aw+EkMzfnx0GZSZ4NlqecohnJr/t1hg797QuiaHGBz8r2d/CaClj5q402YEbGSebSzXpmxATFNo vSk0h8kQDyAj+qX6P884eg0PVTzUbV3xSHNoah9UF8NNEqywCKai0xRUIDs1Qn7RBbZHM05kGboc T2IjPBA4T0bICIe9XVZ7ZIopb7mc5fEALA/rqLts0BmBK0aWNyGmqVC8M6azhYjgFG4T14cJHYEF Ycn/rkLlEX0KGvG4TaHXH4Rbzfel5f+bfcA61r0nnjRfFifyDQ8GBoq357UAD8LQBT4Qos5QQZoQ OMPhb+soOlA6MBrcXP9kmVSNfJFe/RIZ/XyphIcChbvqjJVqxhGVm+f4uMK8hkFQkMlECmasGjcD pslr1CmI04PQVtCS1SuCirWFXMREh8i/2gqNvbVTHr64nPEZTzt/6kX9PxPRYTE9sfmZltjSQsv/ eecTaV6At88X0L2bT/53Ciu+OowPHVhXIdxW2xS2HwEM0dZkkhh9XFTeDZgiB1+R3HyHqRHQZruC TogMrNfPwFiV+P/dP1Nh/9+4PDpU0P5XuxQ4cn2Zy1gJjaRCxcbpfO3vpnRw8WS0Jm0OokEg92aa 5JDTbynKx71AxBEdKXIhmHi8pU6QtE0Uw8rTzdk8yIJIRSxU9zDDRX2LOdWPrVEaybh8BoLc8y6Q Fmb0JbYrGxQ1mx98BSohXVrm9Jb9bUCOkykQfwVjVBSXW9zSg/twgifbk+J3F1UFWGOgCmflw2Cv SlA789EGaM1/ybEmzegyhKmYCD7Hj3wjrqWozsf46ndpDhtQ4L9Y7+SFUT2cbv5SAVjxr2iFygfV u8a1W7gJ5GDCxAHI+BA/J2t0LYyCUpLAO7IVq8lfaZsFcp6XPc83xBw2awu4+qI77FZPfbUL2MAn /ArDX/qRfBX6S7EuLPBmHaSQ6ywtrvmX4rRT7FPVpd+mKzhNTtoU4kTO1i17yPun8YkNl3zRb+p1 J6N2Vg4ArIBXIQu0BrlJMEzhj8OpZ+OI9gmLQICkscwEux6Dyri2VIx3jwXxFY58d5hDGsZ5iYRz CD5IVGHw8RdEd47HzKk2PhJJsPiRWtKae2aggqrQFFDA0KXssTEHIbP2hZuob6WyvIB/gmfN/ZeK LMxvWsxdwUj5qJPd5sP8BWv+sx0ZMa+eZdJrhwQjplULXV7MO/m6mAbb0207W1ycelRWzRHo/fIF 9ulRyG02I/E+QSGFHS+rlJ11cLCZdrkGQudbMiuZsp9ei5WqmdzXzj0sD6VYJ4vjOXHZCz5ixLla f79+QvcPgVq4CCvVcoamFlDSg6i8OfGF45QA2UsOseCxFdP8cCVxx3AyZtkjqj6Vb5k/2f9OcRje xYf8boWd3DirBoqbI7wtjLqIENMe1LDJr8NxmQqgt9yXBgD3oAQztMgj0NtNt+QkmsukALlD//h3 GPpW/wM7420EVcSSviljxQVABWj2XFZYe82WW1nez1VT1vN8FQyY8Fjx4I+LLvueR0RQAAKFifw7 sTBb5WlkCHEVOC6sZUbJ8ngjylFmuGweXYQ/K7xiOPVWcCuUQlDT2lhoyvBsuikC98e9DOIOc94N Ga48eNC1AZwQqQA0MFv53nDL6qr/NHl5l291PZQj6FwArSpSdF4gDP2SCxqhiUw+ArnL/n+aFXS9 jrxOH+qf5x11UVram1UzfUahP20mPS6+KrDVfSHPcIgYeTanyCiVTKkb7UFe61He7AcCdDmdXHYV PfOijiMldiyQKXIfjSl9mHYItoM6j/okyUuWb5ztjlh3zVZl6zhjc2A8DjdVoaxbj/n7XFS1VbK6 HetLqBIJKKUNr3kdwV3wC96ipxyA/XqKPsxdVv1Vji6qhjjranJSg61RO37s8OKyWoFM7K5I51Ds 968nLmCQLqq8vxxCfWQF6MCqDQBa6mVqKlS2RrMZt/UGq6/fko1OQKBZnDKUEYvKcjuSAe0K7Z2Y kpdF4slN4T3trq+ldtYMjfIHbU8GsUd5E3Y5HAcXLZ4uWZowHKCKu9YU9noExkoq88QdQadnDmyC K8RSsKy3DkpjRpxHGTreJwjXAjZVi3JGAW9CJpsE56/36OQcy7FkYek4KI5twUfSWMe6XTliXL0q P04GneF32K1OX7WSYGPPgHkF/35TtwLwyIpYUpXoauRM21TR3RiC4v/MDuNSwPtVCrR0iDlL30OU gjkY44ExYlrRIuqba4ssLnCM4/yYTtAgcfacoP5iYsaAucClBiXJNtKRoGc3ODDrPkDqVxRIv3Zy VlIoiDgVY/pH510Q4bR7fJsnuYC8azJ9G4rqvUr0g0XT7McNP18Klpykf7+JHLkbX94+fODr6sKi RNAhsNdE9NJaD+PwXmlwXA/XIGOpf/5HlR1uyVW7bGQ7Im8MM6M6Wj+te2MveygtO+qEXw9M0IqR 1+AbnT1QOesQN8lyY56jhIs/AdPiZoU+gnhOBGx8Dnop+mEosv5+k6k65I9NbjAmnEqM5xf3LbD5 CbZBuJ+caSyYNtLrPwm0AGfxyPdpYlUGRTSw8ALBSYg2j721S648w8cjVDUT/6oJ1wASb4ty6/uh Tzs+027jGO/nAL8innuWDWlSWIEB7OOBlk6B8O5SDUewTyuQQjquK+2kf7cXDcgsBRnhqsY3OTWG R2Yep6KLcBrXMAMUn0f/gNfHkVqyHjckrG8xODWhmARkL5FcSXJVdmabDDEiOPQxlmt5b6v6MIp1 0TdzAJPU6CSEigf597J89v3YJFxMe3BiR2ZfjQm5+XICJVCp2rUXvPf72Kx8ihcn/aWq4Zd0rFCG IPDAnWFk+0+BJJLspXvd4vntycoSsQeOWzSUtRdXeRWZh6fKYvygzz2FQZtuppAAm3aM9bfTAjr+ bz6tZlOK+xJFdaha0XpAsY9+UKbai5p6wF8dLySamHM9mywHDcl73xwaqP7tevqsw/e631/qOJ0O 1AVELGjyz1Cuoti7aOy72ZzSG3ff/duDEC8ezaItA4Dzo7vRoB2KkT12Lwy1h2UlgsQ8LufW9Q3h v/MxXJy/EDyk3j4SIm342zHaL5QAT81sxUOba0eSPtnTJbZhbFjoenjuAm+jbKfzhUQrnAkinn1I fLNz8XAZB/76pBz+R6lTpvUk/kmM1tUBAHCaNqFJhkvmpMrFVC8iY3SZE4JwkKKHH/JmPDiN5nou w8DsPXg5+zfMptm94FjXsxdzARR1PD/uDIe3pnDlezmyy76hGcHbQHpYmFbyYZTLUCwB1xm67+nE wqgn5hEUWseuP2zH8o4kR9TZjc8BhAPUgahYZgD4cFsS04BilIRMtkw8obkwAtRJuhHNcIwfyz0j mUlys/lrfbnf27WU/BXzQ8YwaAFhK81hWYf1fC6tmcAzkZfodsEiBulYdajkvmISyYgTGnFdLfpt cbSZf1H1/p34ViS80YdB+1kYlfxxm1qn8aeXqRGXvVKNcomsPkWlmXY76p+0XTnAksSfOo4wKcTO QLv9K+9yIQ8Hn0qWBtFCmxSc1+I5kDu/C0skH/etIGGU1oHVgzVNaKlg/MhPPLLgXjOostRK14n0 fNXaFCP/ogJzqAkd2XkniqkiqXJY1X4LIs95xYXU/KKPX3r/b/xVKjRSv6z5Ny8yv0PmM2f3FhIe 0a5ZTlndHXdxhLFnfPUcnemMC0VLbF+gXwdI+xEXJ37coR4XeV//f9k+rEMMaQx/yzLcYt9SWxgJ tGn3aAH72piBshA2sHGfycmew7WuKRyFrAL7xVSIwjpKuvrx4FdZFlIjJTHaAuFQ4b4tY7dEOPE8 uIZl/Xak1DhrBQE/IaJL48Fxnmm/Avr8ogjQLfAwsefzJcNpmhckzHOATKojBFpwomqA7oq7tjPy Uy6Q5a4ZzXgmseGvNWabZNzmSrGH2W/lqyTgntHhBlFBjd4MJRDMPkO7/7g8JBg3jI7Om6T85tdg XqLKxaHDWSJpnhoiVQMLeoCw4ro55RKm+KNGaFzP3YDqjYs/s9ryYBaGHfnDhCUgqiRjY3kTsi5u 6ONZF/Hzui2jC8hd7PUk1RVFk1ZQCYNjWhsPoZZ7ymuZYloGUoSw6XLfrbJJxtVVST+ibXKppaBa TFQHJU8w1BESK30iNc183fCLlku3f3LTDUnxSgp6s8In4q/aB1tEvTdEVjGOr1a5byTZoouYST6u SrC+BfVbbOeRdfGqmyW92W0+WmEtkdLdY5FS/F8ylq7xajpqvLtjg9C4YZp1/EucReLJWfKyJrfv OMdJ+9nir+ef0DwFOal6ZdFhf5phdFc+2n56JnUjuLw4fXs31blSUtHXgi/8MOckPA5hx4oo6p/f 2m9+3BxVGMNj4vTUxchDR1OtXQ9pqjzIc270ixSzjKOlO/E/VPfXn41NcBGTGCM9dhnRqByh+aF/ rWfRoyDVU8fC5Jvzrf3HqWowApqiOJJ0x8EqygrY7iMYw9wFVZEpI5PI0mX1HeE7JqJIAP7wqQBr Pbt2ePZDz6v042Dvj8zqd+aqRHZ9RS+/r6va6ObaAkKIwtuF99Gm1u/RwS8pdjYIKHkV/7A24/ts MsmY0iuFmOPF0zpvLMkaIM0xGh0Ev1nT4B5ec4jdCcZDprkdwga15RTdozOwG61oUv4rp34GJF5L hc0XSpUnGok1CAW1PDgsTSeUKYkyUtKo6kHUNq6dBRfoDWNAx9qAcZ7unJY5nEBRAJ9H/GZSxAAx I6EFZGpicMgbRt/5OhB7x8dCa0cYXE+/p5wQS8B5XOH8HRyQiQNvLWedlRt7ulCXIrkY8iLyHzv5 ficY0KAkTqOE5xYOG5mb9T/RfmjaAjPCP0UFzCdm0M6+uM1+NYnzA46VrqR+afgqNPkUdSRt1Efy c3FkOmmQbBG+mizwkIeBRikdX9moZrZYGjTp5v+YnJJB2R05AU/tEivaGZtC+VX0lcY289y+y2yY R/o4wvCjEfwgvhHbKzCkJAbdjJsA/dNUX+67DyQSBtTx3dQlZ7tyOBQEOPoFp/1ZT4zALHP6sSD5 c9uCNO7dFdCx8j59uwnbMhq7XFW5Y0sQVyPe6xcXDCmTcrrjuYJyPlfNna5yov96TqpCH6DijSZy ex6OwPMZsHbbqR5Z5LvO0ZFP5iGcnZucoJ08J5v5HHQhk2PPU2gMY6Gku0LD0+Ut+MgPd7n8H+cM bY5zDFyJznt4nzc6mjMW9B2RgZGxKzfMsPSDA0WJ2l1c1VnLiXX7xHdksPnl2fhVillj5TAO3FBO WrBvmiVtTiXIb4y16oQ0PEHFq4Z5iDf0hWhcCwWWmaBNGJmJvjX8aXZr55iGgKSpxeczY+euvdvz IKmUucEZ7y/a+vU5Fy/2XgKJnENwvidxral1iB4edO4VhAX5l/Qz96TZrl2nVkeYyBqPEGIEky5L O8/Spj+wUxg/ko//013th1LKcf3qcl4bPOc+EIE10Hc2gQ9eeID67Yb526h8O4z/Z38R5jjcUwp8 sNfa6Q0KThj7VfBxmoUsEdZ0ZceiIEZutw241GWbiW/1VtVx5JW/KfA2dxKs3RZohztzibKOHFQB QBvUnhN22v2AJedXhIgreKqCMMYBan2B/9GVVTYRQY4ZLFFgVGerhrMcZ4ZpW+NXJhs2s+lEemvb oC+xJOfCfEv/R6Fq5bQNrnsVeRQ62O8AMjQ+kZ3EwGwvEArKc+0RPNGzDCyh0hPLlw6eQfyyxhRT zBENIpycCqSyggebV4GziaVVmK8/5aEbYDfZok1cgBSU9AjW0Hxm8rRSSAVf0T/Jvr/wUev5jAvA KTMXWP1hJFwXhPKBtBvaoHZSIu81In2vaaLj/kMDkmJWtMeNUgOCz1Z4CdlE6W6zkJ0oUgwVlKVi wf8OW6M+Ojh4PLwPRzRgHJ2AFaKqhRy0NjW8ewG5yyml51naLeWa+c3NauNaeyg979OcrWIM86na 7O5yAZWqe+w9T7P9LOZ99dPtP3GRL1ZxI3DuOkz8VYikf5A0qheOhtmSgitmaPbLSh7YLaDFSS2R VTeIAKVONbB2sAwlWmsLwPvVwg9Bti5a/0QBB0RJ3M6Kc/+4E7J5wlN22fH2k0lzqZ7WHQdeCRh5 GNyt3/kXPBuLB+YY2aajwKKmmEBlLdZChQkNH+RUxaeOa4V0eMSLqt8FNcsEKRRDcRWLmYy8GDjg 4FJJY7XSVPuR7ZkAkphkWYy3oJGUWeSuzU7jupsCJqy560Zv1LMyPREzG7NUzJioeehOqV88IYnw 3/UxpZcWTkeHrYPwH8qsmu9itHMVIIfLSYxcYCTNUmTECpGLhM4YLC7Rho44C7Ucav4xBHVjevzA /hFuMaxxVjcXK5zlG9xsOMSD3M9eDY1f4cUFsMBBTWP9lzOZ7BJYgfRcvlAAfUd08RdT7q47sG9D bVh2+/ZnHFeFipH/RlameFOwqyAt+TdtVE/gHRd+K0yuSz24b5/rCyB8t+sMO+BgDJqulmHEH0e3 Gs0fiPtaIuTOcnmFGWh5LOka3MAjRMQzIvZYZA5HGRL+7imGbIb08C1d+vw8itgKZmVgTNXObs9M nuMYWx68O99wlkRUZmFge1XS2qwRAibcj0mKh1b+IoslQ6Cj3VLtHpL5w8Ovb6RCIaTGBUH2aMha q8xHbEhHXKGAQFXxF7RFo1C6j9cxNBznXGFL4HvhI0vZaQeSyi/KXAJESjQps3E7h7ED8f+YArfe AUNsDBugpAjPyuOmUMLCTpGwyj8rNOgzhnA1dG3H5u9bx60KcxdFJm7ZuzZ/rcfMXfM3ThiXX8h3 ysGPcdZnCzdNG/2iKEq8YkTK3pJwUAUF9/ipvGdahhSITByrbye+1M9Ico6OcaZLYiOI4BP4LswP otAlkMhJXgVuKR36Ebxa2jjRvl6/jd6QQjo5B0XphyA49tnNrE2vMsBjjfZemhPMNG8l6OPF60XU +ZJqUhUrfL/iHg80yOiVfOxRb/Asy8VA7i45Qom99uJeBq+trh5n9oyxtbLLRKJ0dUMXOShytNQh 9aT3PK2su8qXRJRXWbSzV3ify/fAkoGOgE5MCMVDP/wS9o1bMklIb3N0EnC4YowtTrhPweLh0V7/ FUvj5G3zOSKHWioI4F39Q+vETna1Wmp0bpgLHqRmH/4QiKWEDywLw2QSq98An7K8kaup1ujGNGFx GRrQ8I7ZrMNbWtTDQZyRUfTYjhKN2SpAcSIUQTW2VGk1Jo7oos81CMV22bMGuFiZtzJIbyDt3drU l7pcJnh1IzRo35LhYoZTt/Qf0O5yKqRDzlZgfZ1T3M62Uv0Q1uv1AZ2vr5J1jxKIkGAhmoldWQrv 0xuHJyvM1CUTyoY+XzvNgjwzcHt2GNuNTrKjW4KyKLfZM3Es4FO8a7HaWBTspLLEkqW+Lqab6/D4 twrV+QVoMlFBEhRkx5Ee3cNu6XG46JHxPr1aNiCr9hI+hSzJAfAcN/Nfy+rK+5oaubxVdUgOHxH5 t6tMR2ZES4mbSPoBv8Q6Goan1MitW3zVEWgoBX78p3hRoYYdfNatcm4UuAMm4ueTsucjFeePmLPn KhnpH6iJKKga8Fd69ZOPvbyRBvvjoSfIsrN6JSsV7JJN1pFwd7NM6teWIeMOQJWRUVlhGnWAMnE6 IbVl1imAiu6frEKy+WXpiS3OqwNnIGyetiPPlOfia3ZFEu92dyuSguXmVHpWZwRhGxMm/DZhjvca sDQopWvNbXzMxbvYgokjhmHQodkpOhpQNj1lz1XH0nvGTzHIfGyy1CMEGAAb863WerpE1FW7HARE qB3YOj0R9o7tMQr2Plk930bpylD4e5IQ760Pvr8QidgriyuD4D177TmxGkFWXMpq54zcm7rCSig+ eQSwuAk9WUXrbV7PlHLY3r4vLB9x13+GzONt4qS6S6DrX6mPqN92lrtUzv4/58z+ckx9UpFumnuG guEM9h5IA14iFxC8QaERiXaBApS6ONuU/NVIIjRwjp1EjnzSHrMCsvY1EN0RjHe3sj+8DKkmZFoD 9UTWx4nJKGlE/L0gxqzyv1SiKyh/AhwR03lMFRqlbvwqFW1goBDdLQ+vjhtkljh+YYn2rcFU6FIe E1JV8i6eG73Vm5UuPYJHOkJ24vKZ2ZRda7lJzzOOh8TWZqhqjAuby8H7Qu1UXajnHlPkM9UqC7Ih nftM4mrijzQvKnJ0f1VgqM4PffU04t9t3bwQX/9h8Sjrc/GTko/olAXZ1n9zB9o4OljD3S9zcAe/ /IfeGfy1fRFqyjQ4RDSrJ3eDnmfwk+fUjScmCrr5RjcK8jF8bkyZFTICkSO0jhveHGdsROqfGSo2 cUNmG+h3gpluYG8ZbgFGWON4oL3DZ81N7FoGjym5Mu91S7l6kFodp0LVef7Zmrd8GJF11O2GwJ4V fwh1K8W5JeK7dhmfWtI8FPjVWoSl/VMJZgLrYjAvjB9dKNSjBtt17k0apG9zgNGvE3/r4bv0xMb2 8cp8r2/kt68RUqK3FuTdl6Vc8COxyRgRq1qckRXQ9utWh7gquqWUnhLRxLUd/7Ax/koHGnbzBBEs 7snJzngeYsLYporgubvcwAB9+v8T86P2UANS8F7KxClk0uV72rwEp6X8imEMUT2+3v9aYiVBz3As 3IxOLvDYnOqYJ6BsuEYOIkHcrn2Oc/K/DocG1dXfHR8Bcmjjr3gkGtKLvKLVy3iCFlHNZ8owfDSY FX9Kyw+HK91mDozB6AlIGB8McG5X0AUHbi3ZJWSwZGbj}
::rc_st::fg::map_reify_receive cb_part_381 -wlm {1 0 0 1.0 5 0.0 1.0 1.0 1.0 1.0 4.6 1.9 2.0 0}
::rc_st::fg::map_sa -1840559247 {0 0 <default_clock> 0 1 0 0 0}
::rc_st::fg::map_sa -340034827 {0 0 clk 0 1 0 0 0 0 0}
::rc_st::fg::map_reify_hier_drvr_info {1 . lsu_busreq_m 0} {2 -1840559247 -340034827} {{134791 0.0 135775 0.0 151876 0.0 152193 0.0} {134894 0.0 135881 0.0 151979 0.0 152299 0.0} {135103 0.0 136117 0.0 152188 0.0 152535 0.0} {135525 0.0 136568 0.0 152610 0.0 152986 0.0} {136245 0.0 137279 0.0 153330 0.0 153697 0.0} {137429 0.0 138382 0.0 154514 0.0 154800 0.0} {139796 0.0 140587 0.0 156881 0.0 157005 0.0} {144531 0.0 144997 0.0 161616 0.0 161415 0.0}} {1 0 0 0 0 0 0 0 0 2976 2670 9109 7351 27507 21393 82704 63520} {0 0 1.0 5 0.0 1.0 1.0 1.0 1.0 4.6 1.9 2.0 113 113 113 113 1000 1 1 1 0 0 0 0 0 0 0 0 -111111111 X 0 0} 0 {2 0 X} {-111111111 -111111111}
::rc_st::fg::map_reify_hier_drvr_info {1 . {lsu_pkt_m[load]} 0} {1 -340034827} {{102501 0.0 101414 0.0} {102620 0.0 101508 0.0} {102864 0.0 101677 0.0} {103359 0.0 102014 0.0} {104191 0.0 102691 0.0} {105565 0.0 104017 0.0} {108313 0.0 106665 0.0} {113809 0.0 111965 0.0}} {1 0 0 0 0 0 0 0 0 3684 3322 10911 10047 32593 30220 97637 90739} {0 0 1.0 5 0.0 1.0 1.0 1.0 1.0 4.6 1.9 2.0 30 30 30 30 1000 1 1 1 0 0 0 0 0 0 0 0 -111111111 X 0 0} 0 {2 0 X} {-111111111 -111111111}
::rc_st::fg::map_reify_hier_drvr_info {1 . lsu_addr_m 0} {2 -1840559247 -340034827} {{151249 0.0 151249 0.0 168539 0.0 168539 0.0} {151369 0.0 151369 0.0 168659 0.0 168659 0.0} {151584 0.0 151584 0.0 168874 0.0 168874 0.0} {151930 0.0 151931 0.0 169220 0.0 169221 0.0} {152440 0.0 152450 0.0 169730 0.0 169740 0.0} {153255 0.0 153301 0.0 170545 0.0 170591 0.0} {154884 0.0 155009 0.0 172174 0.0 172299 0.0} {158144 0.0 159328 0.0 175434 0.0 176618 0.0}} {1 0 0 0 0 0 0 0 0 4041 3731 11885 11575 35419 35109 106018 105708} {0 0 1.0 5 0.0 1.0 1.0 1.0 1.0 4.6 1.9 2.0 39 39 39 39 1000 1 1 1 0 0 0 0 0 0 0 0 -111111111 X 0 0} 0 {2 0 X} {-111111111 -111111111}
::rc_st::fg::map_reify_hier_drvr_info {1 . lsu_addr_m 1} {2 -1840559247 -340034827} {{150609 0.0 150609 0.0 167899 0.0 167899 0.0} {150728 0.0 150728 0.0 168018 0.0 168018 0.0} {150943 0.0 150943 0.0 168233 0.0 168233 0.0} {151289 0.0 151290 0.0 168579 0.0 168580 0.0} {151798 0.0 151808 0.0 169088 0.0 169098 0.0} {152613 0.0 152660 0.0 169903 0.0 169950 0.0} {154243 0.0 154371 0.0 171533 0.0 171661 0.0} {157502 0.0 158694 0.0 174792 0.0 175984 0.0}} {1 0 0 0 0 0 0 0 0 4044 3734 11895 11585 35449 35139 106111 105801} {0 0 1.0 5 0.0 1.0 1.0 1.0 1.0 4.6 1.9 2.0 39 39 39 39 1000 1 1 1 0 0 0 0 0 0 0 0 -111111111 X 0 0} 0 {2 0 X} {-111111111 -111111111}
::rc_st::fg::map_reify_hier_drvr_info {1 . lsu_addr_m 2} {2 -1840559247 -340034827} {{151626 0.0 151626 0.0 168916 0.0 168916 0.0} {151746 0.0 151746 0.0 169036 0.0 169036 0.0} {151962 0.0 151962 0.0 169252 0.0 169252 0.0} {152307 0.0 152308 0.0 169597 0.0 169598 0.0} {152816 0.0 152827 0.0 170106 0.0 170117 0.0} {153632 0.0 153679 0.0 170922 0.0 170969 0.0} {155264 0.0 155383 0.0 172554 0.0 172673 0.0} {158527 0.0 159637 0.0 175817 0.0 176927 0.0}} {1 0 0 0 0 0 0 0 0 3868 3693 11643 11468 34970 34795 104952 104777} {0 0 1.0 5 0.0 1.0 1.0 1.0 1.0 4.6 1.9 2.0 39 39 39 39 1000 1 1 1 0 0 0 0 0 0 0 0 -111111111 X 0 0} 0 {2 0 X} {-111111111 -111111111}
::rc_st::fg::map_reify_hier_drvr_info {1 . lsu_addr_m 3} {2 -1840559247 -340034827} {{149355 0.0 151672 0.0 166645 0.0 168962 0.0} {149451 0.0 151755 0.0 166741 0.0 169045 0.0} {149633 0.0 151931 0.0 166923 0.0 169221 0.0} {149994 0.0 152331 0.0 167284 0.0 169621 0.0} {150676 0.0 153131 0.0 167966 0.0 170421 0.0} {151931 0.0 154560 0.0 169221 0.0 171850 0.0} {154442 0.0 157419 0.0 171732 0.0 174709 0.0} {159464 0.0 163137 0.0 176754 0.0 180427 0.0}} {1 0 0 0 0 0 0 0 0 3490 3465 10567 10236 31798 30549 95492 91488} {0 0 1.0 5 0.0 1.0 1.0 1.0 1.0 4.6 1.9 2.0 31 30 62 60 2000 1 2 2 0 0 0 0 0 0 0 0 -111111111 X 0 0} 0 {2 0 X} {-111111111 -111111111}
::rc_st::fg::map_reify_hier_drvr_info {1 . lsu_addr_m 4} {2 -1840559247 -340034827} {{151815 0.0 151815 0.0 169105 0.0 169105 0.0} {151936 0.0 151936 0.0 169226 0.0 169226 0.0} {152151 0.0 152151 0.0 169441 0.0 169441 0.0} {152496 0.0 152497 0.0 169786 0.0 169787 0.0} {153006 0.0 153016 0.0 170296 0.0 170306 0.0} {153822 0.0 153869 0.0 171112 0.0 171159 0.0} {155454 0.0 155573 0.0 172744 0.0 172863 0.0} {158717 0.0 159820 0.0 176007 0.0 177110 0.0}} {1 0 0 0 0 0 0 0 0 3862 3687 11624 11449 34910 34735 104768 104593} {0 0 1.0 5 0.0 1.0 1.0 1.0 1.0 4.6 1.9 2.0 39 39 39 39 1000 1 1 1 0 0 0 0 0 0 0 0 -111111111 X 0 0} 0 {2 0 X} {-111111111 -111111111}
::rc_st::fg::map_reify_hier_drvr_info {1 . lsu_addr_m 5} {2 -1840559247 -340034827} {{149501 0.0 151997 0.0 166791 0.0 169287 0.0} {149604 0.0 152101 0.0 166894 0.0 169391 0.0} {149786 0.0 152287 0.0 167076 0.0 169577 0.0} {150113 0.0 152640 0.0 167403 0.0 169930 0.0} {150686 0.0 153294 0.0 167976 0.0 170584 0.0} {151708 0.0 154480 0.0 168998 0.0 171770 0.0} {153750 0.0 156893 0.0 171040 0.0 174183 0.0} {157837 0.0 161895 0.0 175127 0.0 179185 0.0}} {1 0 0 0 0 0 0 0 0 3294 3067 9838 9070 29472 27081 88372 81114} {0 0 1.0 5 0.0 1.0 1.0 1.0 1.0 4.6 1.9 2.0 30 30 60 60 2000 1 2 2 0 0 0 0 0 0 0 0 -111111111 X 0 0} 0 {2 0 X} {-111111111 -111111111}
::rc_st::fg::map_reify_hier_drvr_info {1 . lsu_addr_m 6} {2 -1840559247 -340034827} {{152214 0.0 151623 0.0 169504 0.0 168913 0.0} {152333 0.0 151733 0.0 169623 0.0 169023 0.0} {152559 0.0 151955 0.0 169849 0.0 169245 0.0} {152933 0.0 152394 0.0 170223 0.0 169684 0.0} {153498 0.0 153170 0.0 170788 0.0 170460 0.0} {154513 0.0 154513 0.0 171803 0.0 171803 0.0} {157197 0.0 157198 0.0 174487 0.0 174488 0.0} {162568 0.0 162568 0.0 179858 0.0 179858 0.0}} {1 0 0 0 0 0 0 0 0 4165 4307 13009 12709 39542 39239 119139 118836} {0 0 1.0 5 0.0 1.0 1.0 1.0 1.0 4.6 1.9 2.0 18 18 18 18 1000 1 1 1 0 0 0 0 0 0 0 0 -111111111 X 0 0} 0 {2 0 X} {-111111111 -111111111}
::rc_st::fg::map_reify_hier_drvr_info {1 . lsu_addr_m 7} {2 -1840559247 -340034827} {{151509 0.0 150918 0.0 168799 0.0 168208 0.0} {151628 0.0 151028 0.0 168918 0.0 168318 0.0} {151854 0.0 151250 0.0 169144 0.0 168540 0.0} {152228 0.0 151689 0.0 169518 0.0 168979 0.0} {152792 0.0 152466 0.0 170082 0.0 169756 0.0} {153809 0.0 153809 0.0 171099 0.0 171099 0.0} {156495 0.0 156495 0.0 173785 0.0 173785 0.0} {161869 0.0 161869 0.0 179159 0.0 179159 0.0}} {1 0 0 0 0 0 0 0 0 4169 4308 13024 12721 39589 39286 119284 118981} {0 0 1.0 5 0.0 1.0 1.0 1.0 1.0 4.6 1.9 2.0 18 18 18 18 1000 1 1 1 0 0 0 0 0 0 0 0 -111111111 X 0 0} 0 {2 0 X} {-111111111 -111111111}
::rc_st::fg::map_reify_hier_drvr_info {1 . lsu_addr_m 8} {2 -1840559247 -340034827} {{152300 0.0 152300 0.0 169590 0.0 169590 0.0} {152420 0.0 152420 0.0 169710 0.0 169710 0.0} {152636 0.0 152636 0.0 169926 0.0 169926 0.0} {152981 0.0 152982 0.0 170271 0.0 170272 0.0} {153490 0.0 153501 0.0 170780 0.0 170791 0.0} {154306 0.0 154353 0.0 171596 0.0 171643 0.0} {155938 0.0 156057 0.0 173228 0.0 173347 0.0} {159201 0.0 160311 0.0 176491 0.0 177601 0.0}} {1 0 0 0 0 0 0 0 0 3868 3693 11643 11468 34970 34795 104952 104777} {0 0 1.0 5 0.0 1.0 1.0 1.0 1.0 4.6 1.9 2.0 39 39 39 39 1000 1 1 1 0 0 0 0 0 0 0 0 -111111111 X 0 0} 0 {2 0 X} {-111111111 -111111111}
::rc_st::fg::map_reify_hier_drvr_info {1 . lsu_addr_m 9} {2 -1840559247 -340034827} {{152489 0.0 152489 0.0 169779 0.0 169779 0.0} {152610 0.0 152610 0.0 169900 0.0 169900 0.0} {152825 0.0 152825 0.0 170115 0.0 170115 0.0} {153170 0.0 153171 0.0 170460 0.0 170461 0.0} {153680 0.0 153690 0.0 170970 0.0 170980 0.0} {154496 0.0 154543 0.0 171786 0.0 171833 0.0} {156128 0.0 156247 0.0 173418 0.0 173537 0.0} {159391 0.0 160494 0.0 176681 0.0 177784 0.0}} {1 0 0 0 0 0 0 0 0 3862 3687 11624 11449 34910 34735 104768 104593} {0 0 1.0 5 0.0 1.0 1.0 1.0 1.0 4.6 1.9 2.0 39 39 39 39 1000 1 1 1 0 0 0 0 0 0 0 0 -111111111 X 0 0} 0 {2 0 X} {-111111111 -111111111}
::rc_st::fg::map_reify_hier_drvr_info {1 . lsu_addr_m 10} {2 -1840559247 -340034827} {{151033 0.0 150445 0.0 168323 0.0 167735 0.0} {151152 0.0 150554 0.0 168442 0.0 167844 0.0} {151378 0.0 150776 0.0 168668 0.0 168066 0.0} {151752 0.0 151214 0.0 169042 0.0 168504 0.0} {152317 0.0 151994 0.0 169607 0.0 169284 0.0} {153349 0.0 153349 0.0 170639 0.0 170639 0.0} {156058 0.0 156058 0.0 173348 0.0 173348 0.0} {161477 0.0 161477 0.0 178767 0.0 178767 0.0}} {1 0 0 0 0 0 0 0 0 4572 4362 13492 12842 40253 39603 120535 119885} {0 0 1.0 5 0.0 1.0 1.0 1.0 1.0 4.6 1.9 2.0 18 18 18 18 1000 1 1 1 0 0 0 0 0 0 0 0 -111111111 X 0 0} 0 {2 0 X} {-111111111 -111111111}
::rc_st::fg::map_reify_hier_drvr_info {1 . lsu_addr_m 11} {2 -1840559247 -340034827} {{152069 0.0 151481 0.0 169359 0.0 168771 0.0} {152188 0.0 151590 0.0 169478 0.0 168880 0.0} {152414 0.0 151812 0.0 169704 0.0 169102 0.0} {152788 0.0 152250 0.0 170078 0.0 169540 0.0} {153353 0.0 153030 0.0 170643 0.0 170320 0.0} {154384 0.0 154384 0.0 171674 0.0 171674 0.0} {157092 0.0 157092 0.0 174382 0.0 174382 0.0} {162508 0.0 162508 0.0 179798 0.0 179798 0.0}} {1 0 0 0 0 0 0 0 0 4570 4360 13484 12834 40229 39579 120462 119812} {0 0 1.0 5 0.0 1.0 1.0 1.0 1.0 4.6 1.9 2.0 18 18 18 18 1000 1 1 1 0 0 0 0 0 0 0 0 -111111111 X 0 0} 0 {2 0 X} {-111111111 -111111111}
::rc_st::fg::map_reify_hier_drvr_info {1 . lsu_addr_m 12} {2 -1840559247 -340034827} {{152247 0.0 151659 0.0 169537 0.0 168949 0.0} {152366 0.0 151768 0.0 169656 0.0 169058 0.0} {152592 0.0 151990 0.0 169882 0.0 169280 0.0} {152966 0.0 152428 0.0 170256 0.0 169718 0.0} {153531 0.0 153208 0.0 170821 0.0 170498 0.0} {154562 0.0 154562 0.0 171852 0.0 171852 0.0} {157270 0.0 157270 0.0 174560 0.0 174560 0.0} {162686 0.0 162686 0.0 179976 0.0 179976 0.0}} {1 0 0 0 0 0 0 0 0 4568 4360 13477 12827 40206 39556 120390 119740} {0 0 1.0 5 0.0 1.0 1.0 1.0 1.0 4.6 1.9 2.0 18 18 18 18 1000 1 1 1 0 0 0 0 0 0 0 0 -111111111 X 0 0} 0 {2 0 X} {-111111111 -111111111}
::rc_st::fg::map_reify_hier_drvr_info {1 . lsu_addr_m 13} {2 -1840559247 -340034827} {{151674 0.0 151086 0.0 168964 0.0 168376 0.0} {151793 0.0 151195 0.0 169083 0.0 168485 0.0} {152019 0.0 151417 0.0 169309 0.0 168707 0.0} {152393 0.0 151855 0.0 169683 0.0 169145 0.0} {152958 0.0 152635 0.0 170248 0.0 169925 0.0} {153989 0.0 153989 0.0 171279 0.0 171279 0.0} {156697 0.0 156697 0.0 173987 0.0 173987 0.0} {162113 0.0 162113 0.0 179403 0.0 179403 0.0}} {1 0 0 0 0 0 0 0 0 4570 4360 13484 12834 40229 39579 120462 119812} {0 0 1.0 5 0.0 1.0 1.0 1.0 1.0 4.6 1.9 2.0 18 18 18 18 1000 1 1 1 0 0 0 0 0 0 0 0 -111111111 X 0 0} 0 {2 0 X} {-111111111 -111111111}
::rc_st::fg::map_reify_hier_drvr_info {1 . lsu_addr_m 14} {2 -1840559247 -340034827} {{152479 0.0 151889 0.0 169769 0.0 169179 0.0} {152598 0.0 151998 0.0 169888 0.0 169288 0.0} {152824 0.0 152220 0.0 170114 0.0 169510 0.0} {153199 0.0 152660 0.0 170489 0.0 169950 0.0} {153763 0.0 153437 0.0 171053 0.0 170727 0.0} {154782 0.0 154782 0.0 172072 0.0 172072 0.0} {157472 0.0 157472 0.0 174762 0.0 174762 0.0} {162851 0.0 162851 0.0 180141 0.0 180141 0.0}} {1 0 0 0 0 0 0 0 0 4550 4341 13410 12758 39991 39339 119735 119083} {0 0 1.0 5 0.0 1.0 1.0 1.0 1.0 4.6 1.9 2.0 18 18 18 18 1000 1 1 1 0 0 0 0 0 0 0 0 -111111111 X 0 0} 0 {2 0 X} {-111111111 -111111111}
::rc_st::fg::map_reify_hier_drvr_info {1 . lsu_addr_m 15} {2 -1840559247 -340034827} {{152669 0.0 152078 0.0 169959 0.0 169368 0.0} {152788 0.0 152187 0.0 170078 0.0 169477 0.0} {153014 0.0 152410 0.0 170304 0.0 169700 0.0} {153389 0.0 152849 0.0 170679 0.0 170139 0.0} {153952 0.0 153626 0.0 171242 0.0 170916 0.0} {154970 0.0 154970 0.0 172260 0.0 172260 0.0} {157659 0.0 157659 0.0 174949 0.0 174949 0.0} {163035 0.0 163035 0.0 180325 0.0 180325 0.0}} {1 0 0 0 0 0 0 0 0 4546 4340 13395 12751 39944 39292 119590 118938} {0 0 1.0 5 0.0 1.0 1.0 1.0 1.0 4.6 1.9 2.0 18 18 18 18 1000 1 1 1 0 0 0 0 0 0 0 0 -111111111 X 0 0} 0 {2 0 X} {-111111111 -111111111}
::rc_st::fg::map_reify_hier_drvr_info {1 . lsu_addr_m 16} {2 -1840559247 -340034827} {{151644 0.0 151644 0.0 168934 0.0 168934 0.0} {151764 0.0 151764 0.0 169054 0.0 169054 0.0} {151979 0.0 151979 0.0 169269 0.0 169269 0.0} {152325 0.0 152326 0.0 169615 0.0 169616 0.0} {152835 0.0 152845 0.0 170125 0.0 170135 0.0} {153650 0.0 153696 0.0 170940 0.0 170986 0.0} {155279 0.0 155404 0.0 172569 0.0 172694 0.0} {158539 0.0 159723 0.0 175829 0.0 177013 0.0}} {1 0 0 0 0 0 0 0 0 4041 3731 11885 11575 35419 35109 106018 105708} {0 0 1.0 5 0.0 1.0 1.0 1.0 1.0 4.6 1.9 2.0 39 39 39 39 1000 1 1 1 0 0 0 0 0 0 0 0 -111111111 X 0 0} 0 {2 0 X} {-111111111 -111111111}
::rc_st::fg::map_reify_hier_drvr_info {1 . lsu_addr_m 17} {2 -1840559247 -340034827} {{150945 0.0 150945 0.0 168235 0.0 168235 0.0} {151065 0.0 151065 0.0 168355 0.0 168355 0.0} {151280 0.0 151280 0.0 168570 0.0 168570 0.0} {151625 0.0 151626 0.0 168915 0.0 168916 0.0} {152135 0.0 152146 0.0 169425 0.0 169436 0.0} {152951 0.0 152998 0.0 170241 0.0 170288 0.0} {154583 0.0 154702 0.0 171873 0.0 171992 0.0} {157847 0.0 158943 0.0 175137 0.0 176233 0.0}} {1 0 0 0 0 0 0 0 0 4012 3703 11780 11471 35087 34778 105006 104697} {0 0 1.0 5 0.0 1.0 1.0 1.0 1.0 4.6 1.9 2.0 39 39 39 39 1000 1 1 1 0 0 0 0 0 0 0 0 -111111111 X 0 0} 0 {2 0 X} {-111111111 -111111111}
::rc_st::fg::map_reify_hier_drvr_info {1 . lsu_addr_m 18} {2 -1840559247 -340034827} {{151033 0.0 150445 0.0 168323 0.0 167735 0.0} {151152 0.0 150554 0.0 168442 0.0 167844 0.0} {151378 0.0 150776 0.0 168668 0.0 168066 0.0} {151752 0.0 151214 0.0 169042 0.0 168504 0.0} {152317 0.0 151994 0.0 169607 0.0 169284 0.0} {153349 0.0 153349 0.0 170639 0.0 170639 0.0} {156058 0.0 156058 0.0 173348 0.0 173348 0.0} {161477 0.0 161477 0.0 178767 0.0 178767 0.0}} {1 0 0 0 0 0 0 0 0 4572 4362 13492 12842 40253 39603 120535 119885} {0 0 1.0 5 0.0 1.0 1.0 1.0 1.0 4.6 1.9 2.0 18 18 18 18 1000 1 1 1 0 0 0 0 0 0 0 0 -111111111 X 0 0} 0 {2 0 X} {-111111111 -111111111}
::rc_st::fg::map_reify_hier_drvr_info {1 . lsu_addr_m 19} {2 -1840559247 -340034827} {{151875 0.0 151875 0.0 169165 0.0 169165 0.0} {151995 0.0 151995 0.0 169285 0.0 169285 0.0} {152210 0.0 152210 0.0 169500 0.0 169500 0.0} {152556 0.0 152557 0.0 169846 0.0 169847 0.0} {153066 0.0 153076 0.0 170356 0.0 170366 0.0} {153881 0.0 153927 0.0 171171 0.0 171217 0.0} {155510 0.0 155635 0.0 172800 0.0 172925 0.0} {158770 0.0 159954 0.0 176060 0.0 177244 0.0}} {1 0 0 0 0 0 0 0 0 4039 3729 11876 11566 35389 35079 105927 105617} {0 0 1.0 5 0.0 1.0 1.0 1.0 1.0 4.6 1.9 2.0 39 39 39 39 1000 1 1 1 0 0 0 0 0 0 0 0 -111111111 X 0 0} 0 {2 0 X} {-111111111 -111111111}
::rc_st::fg::map_reify_hier_drvr_info {1 . lsu_addr_m 20} {2 -1840559247 -340034827} {{151697 0.0 151697 0.0 168987 0.0 168987 0.0} {151817 0.0 151817 0.0 169107 0.0 169107 0.0} {152032 0.0 152032 0.0 169322 0.0 169322 0.0} {152378 0.0 152379 0.0 169668 0.0 169669 0.0} {152888 0.0 152898 0.0 170178 0.0 170188 0.0} {153703 0.0 153749 0.0 170993 0.0 171039 0.0} {155332 0.0 155457 0.0 172622 0.0 172747 0.0} {158592 0.0 159776 0.0 175882 0.0 177066 0.0}} {1 0 0 0 0 0 0 0 0 4041 3731 11885 11575 35419 35109 106018 105708} {0 0 1.0 5 0.0 1.0 1.0 1.0 1.0 4.6 1.9 2.0 39 39 39 39 1000 1 1 1 0 0 0 0 0 0 0 0 -111111111 X 0 0} 0 {2 0 X} {-111111111 -111111111}
::rc_st::fg::map_reify_hier_drvr_info {1 . lsu_addr_m 21} {2 -1840559247 -340034827} {{152194 0.0 151606 0.0 169484 0.0 168896 0.0} {152313 0.0 151715 0.0 169603 0.0 169005 0.0} {152539 0.0 151937 0.0 169829 0.0 169227 0.0} {152913 0.0 152375 0.0 170203 0.0 169665 0.0} {153478 0.0 153155 0.0 170768 0.0 170445 0.0} {154509 0.0 154509 0.0 171799 0.0 171799 0.0} {157217 0.0 157217 0.0 174507 0.0 174507 0.0} {162633 0.0 162633 0.0 179923 0.0 179923 0.0}} {1 0 0 0 0 0 0 0 0 4568 4360 13477 12827 40206 39556 120390 119740} {0 0 1.0 5 0.0 1.0 1.0 1.0 1.0 4.6 1.9 2.0 18 18 18 18 1000 1 1 1 0 0 0 0 0 0 0 0 -111111111 X 0 0} 0 {2 0 X} {-111111111 -111111111}
::rc_st::fg::map_reify_hier_drvr_info {1 . lsu_addr_m 22} {2 -1840559247 -340034827} {{152001 0.0 151413 0.0 169291 0.0 168703 0.0} {152120 0.0 151522 0.0 169410 0.0 168812 0.0} {152346 0.0 151744 0.0 169636 0.0 169034 0.0} {152720 0.0 152182 0.0 170010 0.0 169472 0.0} {153285 0.0 152962 0.0 170575 0.0 170252 0.0} {154316 0.0 154316 0.0 171606 0.0 171606 0.0} {157024 0.0 157024 0.0 174314 0.0 174314 0.0} {162440 0.0 162440 0.0 179730 0.0 179730 0.0}} {1 0 0 0 0 0 0 0 0 4570 4360 13484 12834 40229 39579 120462 119812} {0 0 1.0 5 0.0 1.0 1.0 1.0 1.0 4.6 1.9 2.0 18 18 18 18 1000 1 1 1 0 0 0 0 0 0 0 0 -111111111 X 0 0} 0 {2 0 X} {-111111111 -111111111}
::rc_st::fg::map_reify_hier_drvr_info {1 . lsu_addr_m 23} {2 -1840559247 -340034827} {{151607 0.0 151019 0.0 168897 0.0 168309 0.0} {151726 0.0 151128 0.0 169016 0.0 168418 0.0} {151952 0.0 151350 0.0 169242 0.0 168640 0.0} {152326 0.0 151788 0.0 169616 0.0 169078 0.0} {152891 0.0 152568 0.0 170181 0.0 169858 0.0} {153922 0.0 153922 0.0 171212 0.0 171212 0.0} {156630 0.0 156630 0.0 173920 0.0 173920 0.0} {162046 0.0 162046 0.0 179336 0.0 179336 0.0}} {1 0 0 0 0 0 0 0 0 4570 4360 13484 12834 40229 39579 120462 119812} {0 0 1.0 5 0.0 1.0 1.0 1.0 1.0 4.6 1.9 2.0 18 18 18 18 1000 1 1 1 0 0 0 0 0 0 0 0 -111111111 X 0 0} 0 {2 0 X} {-111111111 -111111111}
::rc_st::fg::map_reify_hier_drvr_info {1 . lsu_addr_m 24} {2 -1840559247 -340034827} {{152180 0.0 151592 0.0 169470 0.0 168882 0.0} {152299 0.0 151701 0.0 169589 0.0 168991 0.0} {152525 0.0 151923 0.0 169815 0.0 169213 0.0} {152899 0.0 152361 0.0 170189 0.0 169651 0.0} {153464 0.0 153141 0.0 170754 0.0 170431 0.0} {154495 0.0 154495 0.0 171785 0.0 171785 0.0} {157203 0.0 157203 0.0 174493 0.0 174493 0.0} {162619 0.0 162619 0.0 179909 0.0 179909 0.0}} {1 0 0 0 0 0 0 0 0 4568 4360 13477 12827 40206 39556 120390 119740} {0 0 1.0 5 0.0 1.0 1.0 1.0 1.0 4.6 1.9 2.0 18 18 18 18 1000 1 1 1 0 0 0 0 0 0 0 0 -111111111 X 0 0} 0 {2 0 X} {-111111111 -111111111}
::rc_st::fg::map_reify_hier_drvr_info {1 . lsu_addr_m 25} {2 -1840559247 -340034827} {{150966 0.0 150378 0.0 168256 0.0 167668 0.0} {151085 0.0 150487 0.0 168375 0.0 167777 0.0} {151311 0.0 150709 0.0 168601 0.0 167999 0.0} {151685 0.0 151147 0.0 168975 0.0 168437 0.0} {152250 0.0 151927 0.0 169540 0.0 169217 0.0} {153282 0.0 153282 0.0 170572 0.0 170572 0.0} {155991 0.0 155991 0.0 173281 0.0 173281 0.0} {161410 0.0 161410 0.0 178700 0.0 178700 0.0}} {1 0 0 0 0 0 0 0 0 4572 4362 13492 12842 40253 39603 120535 119885} {0 0 1.0 5 0.0 1.0 1.0 1.0 1.0 4.6 1.9 2.0 18 18 18 18 1000 1 1 1 0 0 0 0 0 0 0 0 -111111111 X 0 0} 0 {2 0 X} {-111111111 -111111111}
::rc_st::fg::map_reify_hier_drvr_info {1 . lsu_addr_m 26} {2 -1840559247 -340034827} {{151649 0.0 151649 0.0 168939 0.0 168939 0.0} {151769 0.0 151769 0.0 169059 0.0 169059 0.0} {151984 0.0 151984 0.0 169274 0.0 169274 0.0} {152330 0.0 152331 0.0 169620 0.0 169621 0.0} {152839 0.0 152849 0.0 170129 0.0 170139 0.0} {153655 0.0 153702 0.0 170945 0.0 170992 0.0} {155288 0.0 155407 0.0 172578 0.0 172697 0.0} {158552 0.0 159641 0.0 175842 0.0 176931 0.0}} {1 0 0 0 0 0 0 0 0 4005 3697 11761 11453 35026 34718 104822 104514} {0 0 1.0 5 0.0 1.0 1.0 1.0 1.0 4.6 1.9 2.0 39 39 39 39 1000 1 1 1 0 0 0 0 0 0 0 0 -111111111 X 0 0} 0 {2 0 X} {-111111111 -111111111}
::rc_st::fg::map_reify_hier_drvr_info {1 . lsu_addr_m 27} {2 -1840559247 -340034827} {{151302 0.0 151302 0.0 168592 0.0 168592 0.0} {151422 0.0 151422 0.0 168712 0.0 168712 0.0} {151637 0.0 151637 0.0 168927 0.0 168927 0.0} {151983 0.0 151984 0.0 169273 0.0 169274 0.0} {152493 0.0 152503 0.0 169783 0.0 169793 0.0} {153308 0.0 153354 0.0 170598 0.0 170644 0.0} {154937 0.0 155062 0.0 172227 0.0 172352 0.0} {158197 0.0 159381 0.0 175487 0.0 176671 0.0}} {1 0 0 0 0 0 0 0 0 4041 3731 11885 11575 35419 35109 106018 105708} {0 0 1.0 5 0.0 1.0 1.0 1.0 1.0 4.6 1.9 2.0 39 39 39 39 1000 1 1 1 0 0 0 0 0 0 0 0 -111111111 X 0 0} 0 {2 0 X} {-111111111 -111111111}
::rc_st::fg::map_reify_hier_drvr_info {1 . lsu_addr_m 28} {2 -1840559247 -340034827} {{151168 0.0 151168 0.0 168458 0.0 168458 0.0} {151288 0.0 151288 0.0 168578 0.0 168578 0.0} {151503 0.0 151503 0.0 168793 0.0 168793 0.0} {151849 0.0 151850 0.0 169139 0.0 169140 0.0} {152358 0.0 152368 0.0 169648 0.0 169658 0.0} {153174 0.0 153221 0.0 170464 0.0 170511 0.0} {154807 0.0 154926 0.0 172097 0.0 172216 0.0} {158071 0.0 159160 0.0 175361 0.0 176450 0.0}} {1 0 0 0 0 0 0 0 0 4005 3697 11761 11453 35026 34718 104822 104514} {0 0 1.0 5 0.0 1.0 1.0 1.0 1.0 4.6 1.9 2.0 39 39 39 39 1000 1 1 1 0 0 0 0 0 0 0 0 -111111111 X 0 0} 0 {2 0 X} {-111111111 -111111111}
::rc_st::fg::map_reify_hier_drvr_info {1 . lsu_addr_m 29} {2 -1840559247 -340034827} {{139899 0.0 139899 0.0 157189 0.0 157189 0.0} {140019 0.0 140019 0.0 157309 0.0 157309 0.0} {140234 0.0 140234 0.0 157524 0.0 157524 0.0} {140580 0.0 140580 0.0 157870 0.0 157870 0.0} {141089 0.0 141098 0.0 158379 0.0 158388 0.0} {141901 0.0 141944 0.0 159191 0.0 159234 0.0} {143868 0.0 143862 0.0 160818 0.0 161134 0.0} {149091 0.0 149084 0.0 165509 0.0 165666 0.0}} {1 0 0 0 0 0 0 0 0 4154 3836 12297 11979 36726 36408 110011 109693} {0 0 1.0 5 0.0 1.0 1.0 1.0 1.0 4.6 1.9 2.0 39 39 39 39 1000 1 1 1 0 0 0 0 0 0 0 0 -111111111 X 0 0} 0 {2 0 X} {-111111111 -111111111}
::rc_st::fg::map_reify_hier_drvr_info {1 . lsu_addr_r 0} {2 -1840559247 -340034827} {{151621 0.0 151033 0.0 168911 0.0 168323 0.0} {151740 0.0 151142 0.0 169030 0.0 168432 0.0} {151966 0.0 151364 0.0 169256 0.0 168654 0.0} {152340 0.0 151802 0.0 169630 0.0 169092 0.0} {152905 0.0 152582 0.0 170195 0.0 169872 0.0} {153936 0.0 153936 0.0 171226 0.0 171226 0.0} {156644 0.0 156644 0.0 173934 0.0 173934 0.0} {162060 0.0 162060 0.0 179350 0.0 179350 0.0}} {1 0 0 0 0 0 0 0 0 4200 4336 13114 12811 39859 39556 120092 119789} {0 0 1.0 5 0.0 1.0 1.0 1.0 1.0 4.6 1.9 2.0 18 18 18 18 1000 1 1 1 0 0 0 0 0 0 0 0 -111111111 X 0 0} 0 {2 0 X} {-111111111 -111111111}
::rc_st::fg::map_reify_hier_drvr_info {1 . lsu_addr_r 1} {2 -1840559247 -340034827} {{150980 0.0 150392 0.0 168270 0.0 167682 0.0} {151099 0.0 150501 0.0 168389 0.0 167791 0.0} {151325 0.0 150723 0.0 168615 0.0 168013 0.0} {151699 0.0 151161 0.0 168989 0.0 168451 0.0} {152264 0.0 151941 0.0 169554 0.0 169231 0.0} {153296 0.0 153296 0.0 170586 0.0 170586 0.0} {156005 0.0 156005 0.0 173295 0.0 173295 0.0} {161424 0.0 161424 0.0 178714 0.0 178714 0.0}} {1 0 0 0 0 0 0 0 0 4202 4338 13122 12819 39883 39580 120165 119862} {0 0 1.0 5 0.0 1.0 1.0 1.0 1.0 4.6 1.9 2.0 18 18 18 18 1000 1 1 1 0 0 0 0 0 0 0 0 -111111111 X 0 0} 0 {2 0 X} {-111111111 -111111111}
::rc_st::fg::map_reify_hier_drvr_info {1 . lsu_addr_r 2} {2 -1840559247 -340034827} {{151998 0.0 151408 0.0 169288 0.0 168698 0.0} {152117 0.0 151517 0.0 169407 0.0 168807 0.0} {152343 0.0 151739 0.0 169633 0.0 169029 0.0} {152718 0.0 152179 0.0 170008 0.0 169469 0.0} {153282 0.0 152956 0.0 170572 0.0 170246 0.0} {154301 0.0 154301 0.0 171591 0.0 171591 0.0} {156991 0.0 156991 0.0 174281 0.0 174281 0.0} {162370 0.0 162370 0.0 179660 0.0 179660 0.0}} {1 0 0 0 0 0 0 0 0 4382 4360 13242 12777 39823 39358 119567 119102} {0 0 1.0 5 0.0 1.0 1.0 1.0 1.0 4.6 1.9 2.0 18 18 18 18 1000 1 1 1 0 0 0 0 0 0 0 0 -111111111 X 0 0} 0 {2 0 X} {-111111111 -111111111}
::rc_st::fg::map_reify_hier_drvr_info {1 . lsu_addr_r 3} {2 -1840559247 -340034827} {{151988 0.0 149870 0.0 169278 0.0 167160 0.0} {152103 0.0 149976 0.0 169393 0.0 167266 0.0} {152297 0.0 150210 0.0 169587 0.0 167500 0.0} {152624 0.0 150604 0.0 169914 0.0 167894 0.0} {153124 0.0 151149 0.0 170414 0.0 168439 0.0} {153926 0.0 151959 0.0 171216 0.0 169249 0.0} {155532 0.0 153578 0.0 172822 0.0 170868 0.0} {158743 0.0 156816 0.0 176033 0.0 174106 0.0}} {1 0 0 0 0 0 0 0 0 971 0 6035 5247 18194 15096 54673 44643} {0 0 1.0 5 0.0 1.0 1.0 1.0 1.0 4.6 1.9 2.0 58 58 58 58 1000 1 1 1 0 0 0 0 0 0 0 0 -111111111 X 0 0} 0 {2 0 X} {-111111111 -111111111}
::rc_st::fg::map_reify_hier_drvr_info {1 . lsu_addr_r 4} {2 -1840559247 -340034827} {{152188 0.0 151597 0.0 169478 0.0 168887 0.0} {152307 0.0 151706 0.0 169597 0.0 168996 0.0} {152533 0.0 151929 0.0 169823 0.0 169219 0.0} {152908 0.0 152368 0.0 170198 0.0 169658 0.0} {153471 0.0 153145 0.0 170761 0.0 170435 0.0} {154489 0.0 154489 0.0 171779 0.0 171779 0.0} {157178 0.0 157178 0.0 174468 0.0 174468 0.0} {162554 0.0 162554 0.0 179844 0.0 179844 0.0}} {1 0 0 0 0 0 0 0 0 4378 4359 13227 12770 39776 39311 119422 118957} {0 0 1.0 5 0.0 1.0 1.0 1.0 1.0 4.6 1.9 2.0 18 18 18 18 1000 1 1 1 0 0 0 0 0 0 0 0 -111111111 X 0 0} 0 {2 0 X} {-111111111 -111111111}
::rc_st::fg::map_reify_hier_drvr_info {1 . lsu_addr_r 5} {2 -1840559247 -340034827} {{152347 0.0 150026 0.0 169637 0.0 167316 0.0} {152462 0.0 150131 0.0 169752 0.0 167421 0.0} {152655 0.0 150366 0.0 169945 0.0 167656 0.0} {152982 0.0 150758 0.0 170272 0.0 168048 0.0} {153479 0.0 151300 0.0 170769 0.0 168590 0.0} {154279 0.0 152105 0.0 171569 0.0 169395 0.0} {155878 0.0 153714 0.0 173168 0.0 171004 0.0} {159075 0.0 156934 0.0 176365 0.0 174224 0.0}} {1 0 0 0 0 0 0 0 0 968 0 6007 5211 18112 14988 54426 44320} {0 0 1.0 5 0.0 1.0 1.0 1.0 1.0 4.6 1.9 2.0 58 58 58 58 1000 1 1 1 0 0 0 0 0 0 0 0 -111111111 X 0 0} 0 {2 0 X} {-111111111 -111111111}
::rc_st::fg::map_reify_hier_drvr_info {1 . lsu_addr_r 6} {2 -1840559247 -340034827} {{151842 0.0 151842 0.0 169132 0.0 169132 0.0} {151962 0.0 151962 0.0 169252 0.0 169252 0.0} {152177 0.0 152177 0.0 169467 0.0 169467 0.0} {152523 0.0 152524 0.0 169813 0.0 169814 0.0} {153032 0.0 153042 0.0 170322 0.0 170332 0.0} {153848 0.0 153895 0.0 171138 0.0 171185 0.0} {155481 0.0 155600 0.0 172771 0.0 172890 0.0} {158745 0.0 159834 0.0 176035 0.0 177124 0.0}} {1 0 0 0 0 0 0 0 0 3767 3724 11523 11480 34788 34745 104584 104541} {0 0 1.0 5 0.0 1.0 1.0 1.0 1.0 4.6 1.9 2.0 39 39 39 39 1000 1 1 1 0 0 0 0 0 0 0 0 -111111111 X 0 0} 0 {2 0 X} {-111111111 -111111111}
::rc_st::fg::map_reify_hier_drvr_info {1 . lsu_addr_r 7} {2 -1840559247 -340034827} {{151137 0.0 151137 0.0 168427 0.0 168427 0.0} {151257 0.0 151257 0.0 168547 0.0 168547 0.0} {151472 0.0 151472 0.0 168762 0.0 168762 0.0} {151817 0.0 151818 0.0 169107 0.0 169108 0.0} {152327 0.0 152337 0.0 169617 0.0 169627 0.0} {153143 0.0 153190 0.0 170433 0.0 170480 0.0} {154775 0.0 154894 0.0 172065 0.0 172184 0.0} {158039 0.0 159135 0.0 175329 0.0 176425 0.0}} {1 0 0 0 0 0 0 0 0 3773 3730 11541 11498 34848 34805 104767 104724} {0 0 1.0 5 0.0 1.0 1.0 1.0 1.0 4.6 1.9 2.0 39 39 39 39 1000 1 1 1 0 0 0 0 0 0 0 0 -111111111 X 0 0} 0 {2 0 X} {-111111111 -111111111}
::rc_st::fg::map_reify_hier_drvr_info {1 . lsu_addr_r 8} {2 -1840559247 -340034827} {{152672 0.0 152082 0.0 169962 0.0 169372 0.0} {152791 0.0 152191 0.0 170081 0.0 169481 0.0} {153017 0.0 152413 0.0 170307 0.0 169703 0.0} {153392 0.0 152853 0.0 170682 0.0 170143 0.0} {153956 0.0 153630 0.0 171246 0.0 170920 0.0} {154975 0.0 154975 0.0 172265 0.0 172265 0.0} {157665 0.0 157665 0.0 174955 0.0 174955 0.0} {163044 0.0 163044 0.0 180334 0.0 180334 0.0}} {1 0 0 0 0 0 0 0 0 4382 4360 13242 12777 39823 39358 119567 119102} {0 0 1.0 5 0.0 1.0 1.0 1.0 1.0 4.6 1.9 2.0 18 18 18 18 1000 1 1 1 0 0 0 0 0 0 0 0 -111111111 X 0 0} 0 {2 0 X} {-111111111 -111111111}
::rc_st::fg::map_reify_hier_drvr_info {1 . lsu_addr_r 9} {2 -1840559247 -340034827} {{152862 0.0 152271 0.0 170152 0.0 169561 0.0} {152981 0.0 152380 0.0 170271 0.0 169670 0.0} {153207 0.0 152603 0.0 170497 0.0 169893 0.0} {153582 0.0 153042 0.0 170872 0.0 170332 0.0} {154145 0.0 153819 0.0 171435 0.0 171109 0.0} {155163 0.0 155163 0.0 172453 0.0 172453 0.0} {157852 0.0 157852 0.0 175142 0.0 175142 0.0} {163228 0.0 163228 0.0 180518 0.0 180518 0.0}} {1 0 0 0 0 0 0 0 0 4378 4359 13227 12770 39776 39311 119422 118957} {0 0 1.0 5 0.0 1.0 1.0 1.0 1.0 4.6 1.9 2.0 18 18 18 18 1000 1 1 1 0 0 0 0 0 0 0 0 -111111111 X 0 0} 0 {2 0 X} {-111111111 -111111111}
::rc_st::fg::map_reify_hier_drvr_info {1 . lsu_addr_r 10} {2 -1840559247 -340034827} {{150662 0.0 150662 0.0 167952 0.0 167952 0.0} {150782 0.0 150781 0.0 168072 0.0 168071 0.0} {150996 0.0 150996 0.0 168286 0.0 168286 0.0} {151342 0.0 151343 0.0 168632 0.0 168633 0.0} {151851 0.0 151861 0.0 169141 0.0 169151 0.0} {152666 0.0 152713 0.0 169956 0.0 170003 0.0} {154296 0.0 154424 0.0 171586 0.0 171714 0.0} {157555 0.0 158747 0.0 174845 0.0 176037 0.0}} {1 0 0 0 0 0 0 0 0 3979 3742 11830 11593 35384 35147 106046 105809} {0 0 1.0 5 0.0 1.0 1.0 1.0 1.0 4.6 1.9 2.0 39 39 39 39 1000 1 1 1 0 0 0 0 0 0 0 0 -111111111 X 0 0} 0 {2 0 X} {-111111111 -111111111}
::rc_st::fg::map_reify_hier_drvr_info {1 . lsu_addr_r 11} {2 -1840559247 -340034827} {{151698 0.0 151697 0.0 168988 0.0 168987 0.0} {151817 0.0 151817 0.0 169107 0.0 169107 0.0} {152032 0.0 152032 0.0 169322 0.0 169322 0.0} {152378 0.0 152379 0.0 169668 0.0 169669 0.0} {152888 0.0 152898 0.0 170178 0.0 170188 0.0} {153703 0.0 153749 0.0 170993 0.0 171039 0.0} {155332 0.0 155457 0.0 172622 0.0 172747 0.0} {158592 0.0 159776 0.0 175882 0.0 177066 0.0}} {1 0 0 0 0 0 0 0 0 3976 3739 11820 11583 35354 35117 105953 105716} {0 0 1.0 5 0.0 1.0 1.0 1.0 1.0 4.6 1.9 2.0 39 39 39 39 1000 1 1 1 0 0 0 0 0 0 0 0 -111111111 X 0 0} 0 {2 0 X} {-111111111 -111111111}
::rc_st::fg::map_reify_hier_drvr_info {1 . lsu_addr_r 12} {2 -1840559247 -340034827} {{151876 0.0 151875 0.0 169166 0.0 169165 0.0} {151995 0.0 151995 0.0 169285 0.0 169285 0.0} {152210 0.0 152210 0.0 169500 0.0 169500 0.0} {152556 0.0 152557 0.0 169846 0.0 169847 0.0} {153066 0.0 153076 0.0 170356 0.0 170366 0.0} {153881 0.0 153927 0.0 171171 0.0 171217 0.0} {155510 0.0 155635 0.0 172800 0.0 172925 0.0} {158770 0.0 159954 0.0 176060 0.0 177244 0.0}} {1 0 0 0 0 0 0 0 0 3974 3737 11811 11574 35324 35087 105862 105625} {0 0 1.0 5 0.0 1.0 1.0 1.0 1.0 4.6 1.9 2.0 39 39 39 39 1000 1 1 1 0 0 0 0 0 0 0 0 -111111111 X 0 0} 0 {2 0 X} {-111111111 -111111111}
::rc_st::fg::map_reify_hier_drvr_info {1 . lsu_addr_r 13} {2 -1840559247 -340034827} {{151303 0.0 151302 0.0 168593 0.0 168592 0.0} {151422 0.0 151422 0.0 168712 0.0 168712 0.0} {151637 0.0 151637 0.0 168927 0.0 168927 0.0} {151983 0.0 151984 0.0 169273 0.0 169274 0.0} {152493 0.0 152503 0.0 169783 0.0 169793 0.0} {153308 0.0 153354 0.0 170598 0.0 170644 0.0} {154937 0.0 155062 0.0 172227 0.0 172352 0.0} {158197 0.0 159381 0.0 175487 0.0 176671 0.0}} {1 0 0 0 0 0 0 0 0 3976 3739 11820 11583 35354 35117 105953 105716} {0 0 1.0 5 0.0 1.0 1.0 1.0 1.0 4.6 1.9 2.0 39 39 39 39 1000 1 1 1 0 0 0 0 0 0 0 0 -111111111 X 0 0} 0 {2 0 X} {-111111111 -111111111}
::rc_st::fg::map_reify_hier_drvr_info {1 . lsu_addr_r 14} {2 -1840559247 -340034827} {{152107 0.0 152107 0.0 169397 0.0 169397 0.0} {152227 0.0 152227 0.0 169517 0.0 169517 0.0} {152443 0.0 152443 0.0 169733 0.0 169733 0.0} {152788 0.0 152789 0.0 170078 0.0 170079 0.0} {153297 0.0 153307 0.0 170587 0.0 170597 0.0} {154113 0.0 154160 0.0 171403 0.0 171450 0.0} {155745 0.0 155864 0.0 173035 0.0 173154 0.0} {159008 0.0 160118 0.0 176298 0.0 177408 0.0}} {1 0 0 0 0 0 0 0 0 3776 3732 11551 11507 34878 34834 104860 104816} {0 0 1.0 5 0.0 1.0 1.0 1.0 1.0 4.6 1.9 2.0 39 39 39 39 1000 1 1 1 0 0 0 0 0 0 0 0 -111111111 X 0 0} 0 {2 0 X} {-111111111 -111111111}
::rc_st::fg::map_reify_hier_drvr_info {1 . lsu_addr_r 15} {2 -1840559247 -340034827} {{152296 0.0 152296 0.0 169586 0.0 169586 0.0} {152417 0.0 152417 0.0 169707 0.0 169707 0.0} {152632 0.0 152632 0.0 169922 0.0 169922 0.0} {152977 0.0 152978 0.0 170267 0.0 170268 0.0} {153487 0.0 153497 0.0 170777 0.0 170787 0.0} {154303 0.0 154350 0.0 171593 0.0 171640 0.0} {155935 0.0 156054 0.0 173225 0.0 173344 0.0} {159198 0.0 160301 0.0 176488 0.0 177591 0.0}} {1 0 0 0 0 0 0 0 0 3770 3726 11532 11488 34818 34774 104676 104632} {0 0 1.0 5 0.0 1.0 1.0 1.0 1.0 4.6 1.9 2.0 39 39 39 39 1000 1 1 1 0 0 0 0 0 0 0 0 -111111111 X 0 0} 0 {2 0 X} {-111111111 -111111111}
::rc_st::fg::map_reify_hier_drvr_info {1 . lsu_addr_r 16} {2 -1840559247 -340034827} {{152016 0.0 151428 0.0 169306 0.0 168718 0.0} {152135 0.0 151537 0.0 169425 0.0 168827 0.0} {152361 0.0 151759 0.0 169651 0.0 169049 0.0} {152735 0.0 152197 0.0 170025 0.0 169487 0.0} {153300 0.0 152977 0.0 170590 0.0 170267 0.0} {154331 0.0 154331 0.0 171621 0.0 171621 0.0} {157039 0.0 157039 0.0 174329 0.0 174329 0.0} {162455 0.0 162455 0.0 179745 0.0 179745 0.0}} {1 0 0 0 0 0 0 0 0 4200 4336 13114 12811 39859 39556 120092 119789} {0 0 1.0 5 0.0 1.0 1.0 1.0 1.0 4.6 1.9 2.0 18 18 18 18 1000 1 1 1 0 0 0 0 0 0 0 0 -111111111 X 0 0} 0 {2 0 X} {-111111111 -111111111}
::rc_st::fg::map_reify_hier_drvr_info {1 . lsu_addr_r 17} {2 -1840559247 -340034827} {{151317 0.0 150726 0.0 168607 0.0 168016 0.0} {151436 0.0 150836 0.0 168726 0.0 168126 0.0} {151662 0.0 151058 0.0 168952 0.0 168348 0.0} {152036 0.0 151497 0.0 169326 0.0 168787 0.0} {152600 0.0 152274 0.0 169890 0.0 169564 0.0} {153617 0.0 153617 0.0 170907 0.0 170907 0.0} {156303 0.0 156303 0.0 173593 0.0 173593 0.0} {161677 0.0 161677 0.0 178967 0.0 178967 0.0}} {1 0 0 0 0 0 0 0 0 4177 4314 13032 12727 39597 39292 119292 118987} {0 0 1.0 5 0.0 1.0 1.0 1.0 1.0 4.6 1.9 2.0 18 18 18 18 1000 1 1 1 0 0 0 0 0 0 0 0 -111111111 X 0 0} 0 {2 0 X} {-111111111 -111111111}
::rc_st::fg::map_reify_hier_drvr_info {1 . lsu_addr_r 18} {2 -1840559247 -340034827} {{150662 0.0 150661 0.0 167952 0.0 167951 0.0} {150782 0.0 150781 0.0 168072 0.0 168071 0.0} {150996 0.0 150996 0.0 168286 0.0 168286 0.0} {151342 0.0 151343 0.0 168632 0.0 168633 0.0} {151851 0.0 151861 0.0 169141 0.0 169151 0.0} {152666 0.0 152712 0.0 169956 0.0 170002 0.0} {154296 0.0 154424 0.0 171586 0.0 171714 0.0} {157555 0.0 158746 0.0 174845 0.0 176036 0.0}} {1 0 0 0 0 0 0 0 0 3806 3760 11657 11611 35211 35165 105873 105827} {0 0 1.0 5 0.0 1.0 1.0 1.0 1.0 4.6 1.9 2.0 39 39 39 39 1000 1 1 1 0 0 0 0 0 0 0 0 -111111111 X 0 0} 0 {2 0 X} {-111111111 -111111111}
::rc_st::fg::map_reify_hier_drvr_info {1 . lsu_addr_r 19} {2 -1840559247 -340034827} {{152247 0.0 151659 0.0 169537 0.0 168949 0.0} {152366 0.0 151768 0.0 169656 0.0 169058 0.0} {152592 0.0 151990 0.0 169882 0.0 169280 0.0} {152966 0.0 152428 0.0 170256 0.0 169718 0.0} {153531 0.0 153208 0.0 170821 0.0 170498 0.0} {154562 0.0 154562 0.0 171852 0.0 171852 0.0} {157270 0.0 157270 0.0 174560 0.0 174560 0.0} {162686 0.0 162686 0.0 179976 0.0 179976 0.0}} {1 0 0 0 0 0 0 0 0 4367 4378 13276 12845 40005 39574 120189 119758} {0 0 1.0 5 0.0 1.0 1.0 1.0 1.0 4.6 1.9 2.0 18 18 18 18 1000 1 1 1 0 0 0 0 0 0 0 0 -111111111 X 0 0} 0 {2 0 X} {-111111111 -111111111}
::rc_st::fg::map_reify_hier_drvr_info {1 . lsu_addr_r 20} {2 -1840559247 -340034827} {{152069 0.0 151481 0.0 169359 0.0 168771 0.0} {152188 0.0 151590 0.0 169478 0.0 168880 0.0} {152414 0.0 151812 0.0 169704 0.0 169102 0.0} {152788 0.0 152250 0.0 170078 0.0 169540 0.0} {153353 0.0 153030 0.0 170643 0.0 170320 0.0} {154384 0.0 154384 0.0 171674 0.0 171674 0.0} {157092 0.0 157092 0.0 174382 0.0 174382 0.0} {162508 0.0 162508 0.0 179798 0.0 179798 0.0}} {1 0 0 0 0 0 0 0 0 4369 4378 13283 12852 40028 39597 120261 119830} {0 0 1.0 5 0.0 1.0 1.0 1.0 1.0 4.6 1.9 2.0 18 18 18 18 1000 1 1 1 0 0 0 0 0 0 0 0 -111111111 X 0 0} 0 {2 0 X} {-111111111 -111111111}
::rc_st::fg::map_reify_hier_drvr_info {1 . lsu_addr_r 21} {2 -1840559247 -340034827} {{151823 0.0 151822 0.0 169113 0.0 169112 0.0} {151942 0.0 151942 0.0 169232 0.0 169232 0.0} {152157 0.0 152157 0.0 169447 0.0 169447 0.0} {152503 0.0 152504 0.0 169793 0.0 169794 0.0} {153013 0.0 153023 0.0 170303 0.0 170313 0.0} {153828 0.0 153874 0.0 171118 0.0 171164 0.0} {155457 0.0 155582 0.0 172747 0.0 172872 0.0} {158717 0.0 159901 0.0 176007 0.0 177191 0.0}} {1 0 0 0 0 0 0 0 0 3800 3755 11637 11592 35150 35105 105688 105643} {0 0 1.0 5 0.0 1.0 1.0 1.0 1.0 4.6 1.9 2.0 39 39 39 39 1000 1 1 1 0 0 0 0 0 0 0 0 -111111111 X 0 0} 0 {2 0 X} {-111111111 -111111111}
::rc_st::fg::map_reify_hier_drvr_info {1 . lsu_addr_r 22} {2 -1840559247 -340034827} {{151630 0.0 151629 0.0 168920 0.0 168919 0.0} {151749 0.0 151749 0.0 169039 0.0 169039 0.0} {151964 0.0 151964 0.0 169254 0.0 169254 0.0} {152310 0.0 152311 0.0 169600 0.0 169601 0.0} {152820 0.0 152830 0.0 170110 0.0 170120 0.0} {153635 0.0 153681 0.0 170925 0.0 170971 0.0} {155264 0.0 155389 0.0 172554 0.0 172679 0.0} {158524 0.0 159708 0.0 175814 0.0 176998 0.0}} {1 0 0 0 0 0 0 0 0 3976 3739 11820 11583 35354 35117 105953 105716} {0 0 1.0 5 0.0 1.0 1.0 1.0 1.0 4.6 1.9 2.0 39 39 39 39 1000 1 1 1 0 0 0 0 0 0 0 0 -111111111 X 0 0} 0 {2 0 X} {-111111111 -111111111}
::rc_st::fg::map_reify_hier_drvr_info {1 . lsu_addr_r 23} {2 -1840559247 -340034827} {{151236 0.0 151235 0.0 168526 0.0 168525 0.0} {151355 0.0 151355 0.0 168645 0.0 168645 0.0} {151570 0.0 151570 0.0 168860 0.0 168860 0.0} {151916 0.0 151917 0.0 169206 0.0 169207 0.0} {152426 0.0 152436 0.0 169716 0.0 169726 0.0} {153241 0.0 153287 0.0 170531 0.0 170577 0.0} {154870 0.0 154995 0.0 172160 0.0 172285 0.0} {158130 0.0 159314 0.0 175420 0.0 176604 0.0}} {1 0 0 0 0 0 0 0 0 3976 3739 11820 11583 35354 35117 105953 105716} {0 0 1.0 5 0.0 1.0 1.0 1.0 1.0 4.6 1.9 2.0 39 39 39 39 1000 1 1 1 0 0 0 0 0 0 0 0 -111111111 X 0 0} 0 {2 0 X} {-111111111 -111111111}
::rc_st::fg::map_reify_hier_drvr_info {1 . lsu_addr_r 24} {2 -1840559247 -340034827} {{151809 0.0 151808 0.0 169099 0.0 169098 0.0} {151928 0.0 151928 0.0 169218 0.0 169218 0.0} {152143 0.0 152143 0.0 169433 0.0 169433 0.0} {152489 0.0 152490 0.0 169779 0.0 169780 0.0} {152999 0.0 153009 0.0 170289 0.0 170299 0.0} {153814 0.0 153860 0.0 171104 0.0 171150 0.0} {155443 0.0 155568 0.0 172733 0.0 172858 0.0} {158703 0.0 159887 0.0 175993 0.0 177177 0.0}} {1 0 0 0 0 0 0 0 0 3974 3737 11811 11574 35324 35087 105862 105625} {0 0 1.0 5 0.0 1.0 1.0 1.0 1.0 4.6 1.9 2.0 39 39 39 39 1000 1 1 1 0 0 0 0 0 0 0 0 -111111111 X 0 0} 0 {2 0 X} {-111111111 -111111111}
::rc_st::fg::map_reify_hier_drvr_info {1 . lsu_addr_r 25} {2 -1840559247 -340034827} {{150595 0.0 150595 0.0 167885 0.0 167885 0.0} {150715 0.0 150714 0.0 168005 0.0 168004 0.0} {150929 0.0 150929 0.0 168219 0.0 168219 0.0} {151275 0.0 151276 0.0 168565 0.0 168566 0.0} {151784 0.0 151794 0.0 169074 0.0 169084 0.0} {152599 0.0 152646 0.0 169889 0.0 169936 0.0} {154229 0.0 154357 0.0 171519 0.0 171647 0.0} {157488 0.0 158680 0.0 174778 0.0 175970 0.0}} {1 0 0 0 0 0 0 0 0 3979 3742 11830 11593 35384 35147 106046 105809} {0 0 1.0 5 0.0 1.0 1.0 1.0 1.0 4.6 1.9 2.0 39 39 39 39 1000 1 1 1 0 0 0 0 0 0 0 0 -111111111 X 0 0} 0 {2 0 X} {-111111111 -111111111}
::rc_st::fg::map_reify_hier_drvr_info {1 . lsu_addr_r 26} {2 -1840559247 -340034827} {{152021 0.0 151430 0.0 169311 0.0 168720 0.0} {152140 0.0 151540 0.0 169430 0.0 168830 0.0} {152366 0.0 151762 0.0 169656 0.0 169052 0.0} {152740 0.0 152201 0.0 170030 0.0 169491 0.0} {153305 0.0 152977 0.0 170595 0.0 170267 0.0} {154320 0.0 154320 0.0 171610 0.0 171610 0.0} {157004 0.0 157005 0.0 174294 0.0 174295 0.0} {162375 0.0 162375 0.0 179665 0.0 179665 0.0}} {1 0 0 0 0 0 0 0 0 4173 4313 13017 12715 39550 39245 119147 118842} {0 0 1.0 5 0.0 1.0 1.0 1.0 1.0 4.6 1.9 2.0 18 18 18 18 1000 1 1 1 0 0 0 0 0 0 0 0 -111111111 X 0 0} 0 {2 0 X} {-111111111 -111111111}
::rc_st::fg::map_reify_hier_drvr_info {1 . lsu_addr_r 27} {2 -1840559247 -340034827} {{151674 0.0 151086 0.0 168964 0.0 168376 0.0} {151793 0.0 151195 0.0 169083 0.0 168485 0.0} {152019 0.0 151417 0.0 169309 0.0 168707 0.0} {152393 0.0 151855 0.0 169683 0.0 169145 0.0} {152958 0.0 152635 0.0 170248 0.0 169925 0.0} {153989 0.0 153989 0.0 171279 0.0 171279 0.0} {156697 0.0 156697 0.0 173987 0.0 173987 0.0} {162113 0.0 162113 0.0 179403 0.0 179403 0.0}} {1 0 0 0 0 0 0 0 0 4200 4336 13114 12811 39859 39556 120092 119789} {0 0 1.0 5 0.0 1.0 1.0 1.0 1.0 4.6 1.9 2.0 18 18 18 18 1000 1 1 1 0 0 0 0 0 0 0 0 -111111111 X 0 0} 0 {2 0 X} {-111111111 -111111111}
::rc_st::fg::map_reify_hier_drvr_info {1 . lsu_addr_r 28} {2 -1840559247 -340034827} {{151540 0.0 150949 0.0 168830 0.0 168239 0.0} {151659 0.0 151059 0.0 168949 0.0 168349 0.0} {151885 0.0 151281 0.0 169175 0.0 168571 0.0} {152259 0.0 151720 0.0 169549 0.0 169010 0.0} {152824 0.0 152496 0.0 170114 0.0 169786 0.0} {153839 0.0 153839 0.0 171129 0.0 171129 0.0} {156523 0.0 156524 0.0 173813 0.0 173814 0.0} {161894 0.0 161894 0.0 179184 0.0 179184 0.0}} {1 0 0 0 0 0 0 0 0 4173 4313 13017 12715 39550 39245 119147 118842} {0 0 1.0 5 0.0 1.0 1.0 1.0 1.0 4.6 1.9 2.0 18 18 18 18 1000 1 1 1 0 0 0 0 0 0 0 0 -111111111 X 0 0} 0 {2 0 X} {-111111111 -111111111}
::rc_st::fg::map_reify_hier_drvr_info {1 . lsu_addr_r 29} {2 -1840559247 -340034827} {{140271 0.0 139701 0.0 157561 0.0 156991 0.0} {140391 0.0 139811 0.0 157681 0.0 157101 0.0} {140617 0.0 140033 0.0 157907 0.0 157323 0.0} {140991 0.0 140470 0.0 158281 0.0 157760 0.0} {141554 0.0 141260 0.0 158844 0.0 158550 0.0} {142661 0.0 142661 0.0 159951 0.0 159951 0.0} {145460 0.0 145460 0.0 162750 0.0 162750 0.0} {151059 0.0 151059 0.0 168349 0.0 168349 0.0}} {1 0 0 0 0 0 0 0 0 4279 4451 13408 13222 40794 40500 122950 122656} {0 0 1.0 5 0.0 1.0 1.0 1.0 1.0 4.6 1.9 2.0 18 18 18 18 1000 1 1 1 0 0 0 0 0 0 0 0 -111111111 X 0 0} 0 {2 0 X} {-111111111 -111111111}
::rc_st::fg::map_reify_hier_drvr_info {1 . ldst_dual_r 0} {1 -340034827} {{97536 0.0 101555 0.0} {97656 0.0 101643 0.0} {97906 0.0 101800 0.0} {98374 0.0 102085 0.0} {99095 0.0 102601 0.0} {100260 0.0 103544 0.0} {102592 0.0 105431 0.0} {107253 0.0 109204 0.0}} {1 0 0 0 0 0 0 0 0 3213 2410 9388 7118 27912 21245 83484 63623} {0 0 1.0 5 0.0 1.0 1.0 1.0 1.0 4.6 1.9 2.0 110 111 140 141 2000 1 2 2 0 0 0 0 0 0 0 0 -111111111 X 0 0} 0 {2 0 X} {-111111111 -111111111}
::rc_st::fg::map_reify_hier_drvr_info {1 . bus_buffer_lsu_busreq_r 0} {2 -1840559247 -340034827} {{134875 0.0 135874 0.0 151960 0.0 152292 0.0} {134969 0.0 135981 0.0 152054 0.0 152399 0.0} {135146 0.0 136217 0.0 152231 0.0 152635 0.0} {135489 0.0 136686 0.0 152574 0.0 153104 0.0} {136082 0.0 137453 0.0 153167 0.0 153871 0.0} {137118 0.0 138668 0.0 154203 0.0 155086 0.0} {139190 0.0 141098 0.0 156275 0.0 157516 0.0} {143334 0.0 145959 0.0 160419 0.0 162377 0.0}} {1 0 0 0 0 0 0 0 0 2802 2947 8450 8333 25392 24493 76221 72972} {0 0 1.0 5 0.0 1.0 1.0 1.0 1.0 4.6 1.9 2.0 110 108 110 108 1000 1 1 1 0 0 0 0 0 0 0 0 -111111111 X 0 0} 0 {2 0 X} {-111111111 -111111111}
::rc_st::fg::map_slackq_result default {}
::rc_st::fg::map_slackq_result clk {{1 . lsu_busreq_m 0} -186 {1 . lsu_addr_r 0} 0 {1 . lsu_addr_m 21} 0 {1 . lsu_addr_m 18} 0 {1 . lsu_addr_m 14} 0 {1 . lsu_addr_m 23} 0 {1 . lsu_addr_r 17} 0 {1 . lsu_addr_r 8} 0 {1 . ldst_dual_r 0} 0 {1 . lsu_addr_r 19} 0 {1 . lsu_addr_m 26} 0 {1 . lsu_addr_r 2} 0 {1 . lsu_addr_m 2} 0 {1 . lsu_addr_r 4} 0 {1 . bus_buffer_lsu_busreq_r 0} 0 {1 . lsu_addr_r 9} 0 {1 . lsu_addr_m 20} 0 {1 . lsu_addr_r 24} 0 {1 . lsu_addr_r 6} 0 {1 . lsu_addr_m 15} 0 {1 . lsu_addr_r 25} 0 {1 . lsu_addr_r 3} 0 {1 . lsu_addr_m 5} 0 {1 . lsu_addr_r 29} 0 {1 . lsu_addr_r 27} 0 {1 . lsu_addr_m 1} 0 {1 . lsu_addr_r 11} 0 {1 . lsu_addr_m 8} 0 {1 . lsu_addr_r 26} 0 {1 . lsu_addr_r 28} 0 {1 . lsu_addr_m 10} 0 {1 . lsu_addr_m 24} 0 {1 . lsu_addr_r 22} 0 {1 . lsu_addr_m 27} 0 {1 . lsu_addr_r 21} 0 {1 . lsu_addr_r 1} 0 {1 . lsu_addr_r 12} 0 {1 . lsu_addr_m 3} 0 {1 . lsu_addr_m 13} 0 {1 . lsu_addr_m 29} 0 {1 . lsu_addr_m 9} 0 {1 . lsu_addr_m 17} 0 {1 . lsu_addr_r 16} 0 {1 . lsu_addr_r 13} 0 {1 . lsu_addr_r 5} 0 {1 . lsu_addr_m 7} 0 {1 . lsu_addr_m 6} 0 {1 . lsu_addr_r 15} 0 {1 . lsu_addr_m 28} 0 {1 . lsu_addr_m 19} 0 {1 . lsu_addr_m 11} 0 {1 . lsu_addr_r 14} 0 {1 . lsu_addr_r 23} 0 {1 . lsu_addr_r 7} 0 {1 . lsu_addr_m 25} 0 {1 . lsu_addr_m 22} 0 {1 . lsu_addr_r 18} 0 {1 . lsu_addr_m 4} 0 {1 . lsu_addr_m 12} 0 {1 . lsu_addr_m 0} 0 {1 . lsu_addr_m 16} 0 {1 . lsu_addr_r 20} 0 {1 . lsu_addr_r 10} 0 {1 . {lsu_pkt_m[load]} 0} 0}
::rc_st::fg::map_complete
