read_db -super_threading -from_tcl {4Aw+EkMzfnx0GZyLQINUTHDd+Cc5Kk4r6wZLzdWBFJcyZY3Hq44PeBrWx5l695Etf0zkKYtOsjEl ZMCquW1+lH4pFNV3e2Udk3vj2J2X8LIrhT8a4ENtOh01/UZLqEh0JQsn9/xx0zF+nvkbtIU6G8Qr ATJv5cj+N+LuctbbtPPLCBsrgdskNht0nVkoEcKCWRFLX2QMwrpfUi6SU3W8pcMFXGig8yXNbqu4 oc+B3yC7QLp0FtU3WyU1NJQmlsyYD6AthLz3S3j0ZyuLVt+I3eBf0pv8h3qKJuycB6TJ3JZ0Xk2W FwnYunql7kmafMdjRCVs7QZqYWYrQhsAxalGCRmOVYn4f0cw6JxuxjRUY8Xe33WaGq4uecG9XB4I WVp6UoF2EaqfQFbkYGHIhpRQAILLfABl8okINBzvOed5vmdNVwe6Lm9Uhd+kMavrlJ8PK09uI2m8 mzBQPhp2fBKyhrM2VJ7oJpl3iQnS/fDBQCufNRCa3ddbnbJw3Mo3Tfvv4oYDhI7dJUI2UWzfks73 CcYpznwv8IbZyoGSC+LneGxVz1mVBBTN1sGeCMYv17J7uOCkIw+GzosVpWXsG/wLYthgUlduGbeX Fd09xyWjKFSEWtBbDh7xWd7Jr245ZQGtNv7BdXuzu9QkDoeOcL0HoHXSQU8E+3MUL7SIJkurhotE 0GwY0dB07GIeuznE/NH0XI6GhHNrkQAxWJ1VgriOLCNeGJqtkqnKlyukli/5/Vt5b+/LF+7FaMqb Hi+bIO6+uGn9nOUeJILd3T9dEP0qEBHERehyhT8KsaYXvDbfQtY2zB0r/bsEym2vy4umbkpDrins UxbjpYdo4J7xZOODJat0NhaqtwsfBsj9HOLVA/txZzv67EybsUPjLUO1Fh/7MMguAF6PCtr30I6w Geq/D2+JSwLu8TRM+P/Ek91ZTwEZ5nMLf1etcN7NCPhhLf6ITc8H6EbZMc8SwcHxB70XghKv7ljU b7tgc30/DiYcOBvxuuza6gXiimnVvvB2RpwIE8dj8pEI8XoUtLZjjErV77J3NuRf1Y7Gm3nGozYK 7Hh6tixDatewnAVqleKjQ6QHxhsTwW2eSlt8JDmVY+h8CIUoMiqDVwBCzDbhDKrcUYk5xUN/CH0r iHxpw9n6viNjGkHqNylgIzwYbYSfU0W8Q2EQ0jLs8rpyadiB+q4LEZEqvcxeQnYa/VRDNlz2azZ7 mNx/86gHhK071dPpE1xIKcx8yLQXJfYl05dtuOruzhrbNI1GerQuSQkAzoIC8SpG+TdbnrJil76v zTs+0KroETOtPzGHL/dI5IYNOjSeVQX7Lq3AhgjOu7IP3svYMLO5ZIjfdl3p4oz0d+y2p64qMHmE mb3krquizzW7P0ajafooGNgzKRONImWHmQVuFe0R2A7fdg/NDMxlxSQuRLRFhPZ0hldGXaiDcwrG UU8XjmTUFQmqXXhoApFDzjMl7JMblJcdUyFFGRA+/cdRewwG7lISW69lhIsWqMFIdrnBGJkfBxFq mlYvAR8TQG/HCrXMB7leO/cry0rIh13wWleWTitj9sg8D3/XGz4q6KhpFeh6XjjEMXtbeHcplbBn A8sH9y5QQSMzBs5NwhGZIyCIWxHGNmu3Pq/RPoj8TUoDiqH601eCF/QLtGBqQEkbM2yUCCAJZA43 cIt0c4sGTdE+NZFKqDs0zOnodPtxLWqc4RwvFuNvEyu1rHQLHusz29LFi+uwyQ5H12OZ7bGTZNOo emfO04h6l+OSpM5hvSMzcqyKgbr1Jztob0Zt5C0HNrxMAsK00cLnK0Fr05HpZNk7iub+R8b/p/oG lF/O//CWyGNYLrruZEr4sUFwu93hRS4csmoM9ESo9haLbBmasI5q5hnBguUGh1uPXHmi1O/2q1ut QNllttWTvb4CdMm+78aICUmixhQY4fROemPeBL5PG4fc3WD2ey4M8HBrOfKttRFkm9D0z5aKBNf4 iXtlRGw1hS+GYULizZVcPxNBgAHr63gfvIXyAa4V9uUTtFEhS6J/Hb6YV/ToeCGH0avp49JWr6HT yG/wlovNu5PDq2X+OiKr8pM4R/QZaQSGK24W/1XYCLQ/Vft/qD4PhqvtOAGqBxX/BwwtdqtSc39Z kmJ3HfQ+rbYRY43uqXrOqtMCrEQcbDj3KcDsMq/KrHbXTBl4B2l6Bz4JDg3e9HUnEoc1tKer2IVP 7QyQvC1juIOVRGGc+q5kPuEalxi9nbRHaZIrkVkwJVBA0E74HRSGEujmla4GFvmi8+wZSzLPpZ31 XAA1IbBjI+k+D3iHhLtZM/A3vZEcjroQeKgjjiMfbphAD66dRAh5jjNvteAsphKMtadOUCFhpOt6 I+hsIy2IPoDd83+x8ql9TfeZlzSFzdc8kK5ygdzhV9mW3DHOjhhpGnc63v18TMKlOqhxKbBbOCKt ltHaA01d1BVEsQNnDeuD7TPygEVc2fOXLDfUp0JQ6j/4CbzZyWbS4Rnoe2a4SA7MBihv/DF8oaP/ vYMT4S710JJOWnNIn7p5HgFqCFj5LzaVHyGorjbGunhVLJPsi+vWVhWuepMwBeQnbXvE0ybrM1MH hH3aMcrgNWbMxE95JytYADcVE3Nixs24ZNYxitP9v77BtzsyAE/jQn1GR9FYBPeddkDEOXVMA7cz yLx0ulC6PU0fR4jHiqCG2Pa+kzdCBn5m6pSw4JRkZ/xrdxStyYT2LzSEGFMpGqTaLlzmyiy9vqbP Q3xL3ejdiqlijq5y+nWWALn1oc5AYafGe4PiBb1ut9++T2pumpMBhvt1NNrzoQcZiE2WLPcb2GQb w6D2AuwayrR41US1t4+MMmZbSg0VC1//T6mqm+aWUxbx9goHwOQXEl1OQJxbLGgiv6B1R5oHMoi3 DbhL1efbe/H0gR7K2YnVUXvIq5P7RVZId//t7R4LSf4GllVkzeEMX3m+Xq880qFfFRKw9k4O8s2d y4/8OhSPID2+xdrYeyuiCz1gfV8qmmdBlPpRueboWh1JRiLuy3hDoGMUUcP/Re5dHSGwraw8shZP /Y6fl499Y6Gz81+vj3WXUzyskIjgISL/DSXSO82oiBmTdzgacql2fIPCELiRk7BeH47CU2iMw+MA fM60Dr5Xz573fqSLlwyGuERkhUTwXR6qTOEh9a5eoaCxVyt2yStx2nAnLlF1paJ7c+66V1KaQW2N UqvmselVzoyFpeZ7UfWZBWd62L1oAhU2OexuXuaUokTtYY9BzE8e7HpFY76NZtZv6maoNkzHeKQ+ ScOz0cqgsUqxrSDXFRTihmn30/ldvixnLPta8PFOiOjnlR7tcyycVfKOXI9tB9uJXBsJzrj++gOg r8/GofarHF7bUrwcb1RKw3NcAVL+YpjuuIBav/txDpxaaopzSULKxTasq9IJ7sKFGoHJSDzFoCBy DddC0LkuEUHr1EqG6TLun1ChvxF7VV7uBE4djsiRecfW5amaSrwyCCb33jaFVGV9XopV4t6La1WZ e8Y8l1qNYtmHLJYiuQBQhGxeBZ1FApYyEuI8dcRrkurnZWATP/ejyWSh3DcUmLfGfXsKLhfJvDdm tfBO8HeWX1hFQ5B7jnQsVu0OoSfq6S4toKNFXdRVtoH9hZ8ssjDqmUx5SobClFPa1XFtiv8DZF5C YkUUlL04wFZVocA6J/nUaT+SYM5AH/k8l1MocC1TYURxRI88n97ZZMaTYuvIng48EMuD/XQedN+d GrmodcgvJ4HGdHmQS4SPOIcxEsRy9rxpalXzvKIxAbEGTm40cQLufem7iibzn48/t4pH2nJ8zwHW DnohsWIsTWy4OzCBZH89hfyq8rDqYJl436QsLYEzlVhtQ+QRstej0SQ4+fROaHLXD19+8nBMiJFR KfbY/oFPPcqj+LH7sWC4hwbIpqYh8kq2tQ6TfVxvDeP6neNbDkDKG6Zt9KMOMqzytMJLoUTKjzdW bCn0eu/qMq7qI2d5z+ktWXi9O3D13XgrAsijcgMj9RT9AH+7ELRLhhTSbYewbpo4hZj5TAcF4qNc pomHKBArCvoliv7ddkjzwtejNn4k3woJsFgwyxje4Eqy1Nl7btppFPAyeAztqi9Cxulvtgwf3roy S3Brogn5Tkc6tB85wI0KtLbv2J7ZGpzH05YlQBZ9yF8AJV9wjiIiYwWsUz1C1gCUQEJhJSXKTwXF 1zG5yQS3+D700UqZEejv87tlH5lCxWZvrSL/Cbe5EvaU4iHN4NqC5eVaA5xHhGALX1r0hakBCrha Q5otBG9/VPsIqKDuMSDjyefW6jCUSkFTOS9CETgmhL2uzuqpHaBR/4dqsZm1VSSYcwwH2Hs8TkMS nD8eLiG4WQUUsPUZ3TfTbF63a+hhgtJg7bjUXmbnyMV6RJHiG562Z2z9o8XX3H0DWM25KFQjEP3F QTV2nPYTDMKHKN6uJ25sB/Y3HX24b7t2la9BF2NIacrJF88zWZElS9wZwzKxYKXi0do97uifys+l Vp0ZEKWnoRxNjydJ/eCl4QVtCDigFfrvQCiiB30RbFM3Crh2qoPsEnWVocm9TEqTIoW/NluYrZKQ 4QPQsCoedVWv1Pc2R/FPxYIMHAllGXH/5RjSDrs1eTqvopNZj5X91GnNpfhDlEWCDpxBdb0lPEMd m02876m0/gnweZMHmDJaHyL5w7Nq87c8WmRcBJ/q9gwWhAlINHhPQXxkPCp8B8Kyw7WnAc99YIk8 R/ZfCzlvn/+nK4eqeNsWnvPMH3Y107Fw2iAtfH+pUctH4aJ19SZV4d+1oZ3qCXdetvK9SmnZbjF6 EZWVQBuriOLMf6KNeQRj2FCpnlM23bKvn837Fyw0c6Y0iMVDpkTuxgOP+fOxuwjZtR+Ua8GW+TPu rfueF0F+NEmettzIDqK0HxNY/bFsb6PFS9gM9+3awioDxGhHrIrbrcNVaGtOQsGS1A4Ujq4ocGTl Y2I7SdBxybtQD1u+lqKDAz0YJHCEPT+ySgbwr1aIGCGNDfKhQdQkPsJ5JUEql+a2k2vVyZddjzYQ 4ES7k+GasqP4mMShr5O3LrDwdC0ri59xNG+oFNl3HJbJsFKQHAdwp4iI3FUaq8zxqldit/lpsZnm baatl+fufwh1GcoNQo6RP/1QVbJUzjz0ftHyRDQcN2uDPKv9LwJLjN11QFxE223AOBZPXiw5h9gI MHzv3wNisTIAHqdCdpLTe1ZKlObaJoCz+vX25dPJa4Y9atVMKZawgEIh146h4jnOUlruXjggRQAR NOwt1zHG/LVw3udndd/uhy8UtUpNLtQPAoPSaHyqLkpA8PZrJ1nUH5w6lvh5o1IPq5n4YAMr+FRh OsbUMpKrulAYCk8AbJPB+tZkWany6W/ZdVoyX/lTc41KMeOm02KKSBSmjAjVc86OgVN9DkvzUVTm 1pn2b0m4OdFK8u9jC6MYd9/TfT9iCIzBYNlJ6yzJtMhXJDa4pDm2twFy8L1WgHG8C8mi0ObdNF8l rdO0faf2mxJo4SbTEVOvQUv7bm1Dg8wHhIaxCH2i0G5Er/zgw1AE9mdvy7t8CYWXViptxPeYvgSS bL6Zid6KSMMitX9fhpcqDtl5JibE9CuNiw0Fdz9hoA5b5wJDNv7zlSyQ6kIGLscZa9q2eUIjYx3C vsXjgmn9CjG4o05rnBakaKxwpN5G9o+Pe8/mjwOX27iMVcSNKosLDJh6mxy1oCpN7oiBsWq1QLEk reaeTDC2YD+LROQEa5iAEf5KRxnTRiMHVJMCQ0pPST+t+H/q+H15oCMee17vse/Bqn3WnmpRCBhy cBKSeZ6CwStlCbq0gi7BP3GV7dsyV51extmHV/Pv+XGtcL6S18GiKcrsKuUquHxAqDPULz+phX7g iolvRMK16GfBPJusTCUP2l1q528q8uddi9Lqc2gFq52iYZ7CS19VLtzEqWyHbLDRy0T+fypQ68H7 Ell0kbm/+kC/xH1x826rEilJF9xCjfVV8GlbO/77hpgjvu3gNvT2NNqdAOu4RVwj1P8UbtvRCB/y OwPHNl02TYEWQnf1G5+JC4FV41yyA0rxHQZ/k6Ht+ffacaY7CQTRer2LjjnQ7MkQbXE2DuM3Owzd vpD7mp22gkesWvY5Czggz4Hui75bByK/svWbSeBc1tTQScOxlOf0h3keFWs5An1aqfqNmPj4URPc M42InLuGUEIBxBZ2i0IqmFXVRi68EFfgpTICpo6011FL2Jz8kqLrBJTia4SWM/Pnfa0auwa87wP5 0eowFr7chN/Ui4DbnWZnBIC3uxel15nLamySJKc1wr81jEy2nxgLhT8SYPvHMRpUUGTvasYOWbAH A9KBhBGPis/EAWPOhnBuJ4Jnv9At5fgti4fCkPtfous0JzU1+QdJ89Xks1b+gfZq2woHbP42CG7k UMUxaZEA8a7Q0BzUlY5g0GBhYAjC0oLViEOTRYZ6jvFPbNzdTr1Ln5Mdyb68Ggp9YBulhZMpyhO0 vcsdl1Gmhb6UiZpsUu71t6y/552pBuzSDssyXjKAB92FJCmJL7AKO77p/xFDJHoqs2/6qy6NEs1B CK2MxewWXXbPWOAj+AbZeWg5kK9nhbnT/pS98cla4YKgdFMPx3p9U9za36ojhZmuTUdA5HyAoBEV YDl/k4GmHFXeRVi5s8nlgF+eMbdaG5rJFYMdYTPAYB9YRldTDb1gcRPZj5LL5kRB+H3Ho9dPd/ow i+V44/VA7KPYoSRzekHRLsz8NcoiXdbiOiVfeUQFFczCnR16yKJCsjI6QJH2WMvpMMz8Irx1tUS9 D0C3KyKQMSlnZAry2f8P9T+jWhfB30U4lb77Aphp47EsyiYNEbCJfGuQP5C4G0zAqU/pUO8jmjOE W1A8A8m75jI+x658S5tkni//4S4QbQXnVQ1M9xooXdcKXI1yWQNB/C/qpIsODBjmZk2GceLL/Mui ffXsKKITJChN0DYwRKcg3cev9KDlEFQeBIbH9Fjf3I6XjuLezi8ICq0doq4Pi6RBjd/rtU08fLtN iNSLD6avds/qzpdx0uG29a3Lb952ozTf4dZfzjPyY5RXUuQaXnwYkIaZWImRVvPbDq/jLT1RST8G bYJQuL0H+w/tuZpRCfAK1HCrVKwrJ3nXkrOJ+dRVYOl3vWsiOSsmcjnLOlCiv/BOmHpwAiTv2ch6 q939GoNEzMKbicZ/CvHZ2+NJj1f2Up+FilSTxmnBhBbmzKGlVRiP2naf84VN265hK+0yeJu671Sv hYLupIGmf2EAIC7B7dLnUqSFdSQGtnracyJKgIwOr1xY88YMKWIg6mNZLSH0cy4vw+MPrtzE3GzM Qvp8kGctvbtQ91rbnnwU33W6kZiCJFLDwb6087s2IJBoBVwUa1HWmwXw4YRzJAtXU4i7Srs3kObH V/iriRbDyPwWvcNsgrwKrlH1Vhgmu+k4jsk3GXyS0TUL0AaOo78kUhnJ7ch7ZC3HYkgFTu3RYRWr lMQIISSnO+q5bIdsmj79enRn0oBXKqvQ1ggmkU3Y2ifmO8DrZ/bA6p3fJESwslqEki5VHvliNH+N U+foljyIxBqjZaOT8p/yFLZfLhNnLBvo/a7NaoYncr67Db0JHeCQ/HwzzHKNkwUPwIorHxHeD7X2 97T9Y8wzFF1ORyql7Xq6YA5NGUtYXFN6/t2/G8v6kKK52j8u2I7LrjpDzdOvF2IZh3XFwAiLRCfW BWRyrNOAQcqbWphnj3E3rFT1YJZD7CxIb5mZeXLzDo5vxW/nK1DwHeHxy8Y7qBrIqAIAtfb/W7Q1 fhuK+omFUNfU/SK46h3aRXGrArdq9oVZyoJ8LJUgXaL2dloRR2kdoWiXdaSc7cCw/6NgjEwQyQbg QcbhqEAMGngJkw3U8zLdXufg8RzAcSmY6GnUWG5rh534dKJ+YrwucocpxWPboUOvjV2dqNqfAXDg gngEnnWLwd+hHRAxVNIko+zmO3x5vdehjWcYlC8g9+hTJe+XSRlM9KHwmRXrs+CE4j3L6OHOm7dT bk6akGl3HGztMrv4HDqZXY8DCuBHClbhOEnmoXmJucPaBkKu7KZhqQRvg/aDeh2MSpbjYDoNvgEy cbq0DIDOAI3Ah95P9grRJXlPYC29laz8CNAQRWGHrKPBhIVfwOD2nyVz6CqYHUqrmwFH0U4tvrbe VAV3OoNoGe9IwR0n5//YK1/OkWvBvc6/DQ9odR4Ex0BefA4ohupJv/j8f/y8cOyPS1DfdZytmK+N yLGydWL30LS85WIySXhKg449pXtN0HfSCFOC6f+Ju+vtIwj451h9uBk2t27tl2LqQfcjnXVKtQ4l ZRhp9SbPF5VVkJXdkyTWvbNtxBtX7foLJN3VgzggDiejCtsCM005lDINygdBzoRBLKdLZZciYXzd YNYtYoDD1ZnslyJCdTTlWiy3+GaSXkXb6Jwq2Wq86K20gICQQ02aUDKvGywMcGvdreky3WLlz3f5 xZ/j9VPLnVHDy4obvh0epAL/Pp9aOb58ZNfWvWFAntGwuLKh5rWX0hQrZLK2ZV7EjypTdUhy3K/Y 5DQ9qcKpB6tchcZP93/21BIba8cEK4aYP+GIRHuS+lhpuaC+KqohAADqQIxYIMQnv4JCowEZVIXx 7hR27RsJUlfG79nNGF/AKCSNkJwHLF1v+h0HGSMfKdZXYf3MAS9vI93PMM8aIVsapX4CEEomE47D MX0CrOeRAWQEDRZ3sFTuhfF/+1nrms056NSq/1zBwg5LUlAFNZLF6IU3a8tSDWKdcULQ7u91fBkp dm8AQGD5j1Qe69QFVOg4cVy0kpogHbn31W5mwnQ+qPVVncipUpVKZadkstdRLfC7gHr4kmp3LSUL VfcoSx6LaP421Ma/hnwM0Qimk1F5TpyhwuUgSQB7/KHV3cNKQf7Y+pFHyOIBLaKSNI29MQ46bK3Y 9EIwK3ZzNuc4Bnb9q2t3muW/16UOK9nBhADlFubWiWzD00kK8e2uWydPIFM5wx7DbFURG/hl5FP1 40fuE7z6z59tQ1lR1STQTAKfDk6Ho1KG3mJg4Zv9ocJ9DsB7I3r/0SeotZqMkH6VQU3gJjWZMNUE ds8/TCU+VrtHwQzsjZw56iVLh7F3RVa9HoeXXnB9dptfwk7BEYGnEYEr4ZvwvbyetfrLqu9RZwW6 /Y0G9J8Pu0LGaA+difDdwiAXu+1BNHnFBmxjHeosypIJ0I/GlR2wMTnD0n2yai5tgEWlFf08Pz9+ kvjV2f4dVGw5ytOifkmOUI+NWiShUxQr/5WDoTCqK8mwhU866vp3rlXgAhJqZ/zyaQagiRNNLDC3 0kCuXrqzFLpmEXCU/bx81VfndswavxiU/3oggv+IP2v54wJuZzgaglX6dduD2tuVYLp1lbSZry9x 5CWPqYLJguNqM/yEaX03HEUCxMwemeFVGoHjOafUjxmzKMBfyd0FVIZbEfS6rsXPQ+PHvrhdAEFC UywzprBJ76qz7x2ERBEVSIQ2RrW2re7zrOv6z/L5J654KeT3MogKp6JPPMzxQjZZeEc1hIa46ls2 tSrzXj8hAHqCZwn3BNijvrbEtVvUkcQUGJdyTZJsCOUJIjHcbRajBvVxTw20ZhW9Zu49fmeRDrfD Z8oSabU/OK7m/iRiePjqMUSdTMJo6wfFVnGUSa74gdzNMk9XBn6rdk0/SfByYiWXxtDOIbe8nVEP VLzafp97+0q6Sws0+aLc5gSndU6FtfJzvIRpnBncncETu0+gYsuwuNOLp9I/hFQ+jsUT1UBJvca4 uX+ps31iSplF256gwkAYHwm3r++ol2E3PiOxUJexbcSQxP3YTivqt62oNYmL17GO8ovKNdASCC1u +5CYQvu7R929FsJaY4/Uvg9GLbcJwC5ssNXk/zgazd7QlP0fNu69tC+nwjy02TStQCM/LP34stvC 0BySsCj4LhGKQyF+bTYULfGfZxCBW6/jSQkuzjfkwnnb5myhRfZJZHig++AxDUpAgv0sLzrhThYT aF1kygFnsPo77gtb+rPaGs/itVIkeZaj9wQbK+NUr4CRJ09h45D3SHHQ9F9radp+I6c3B+av7Kvg IBvgqLB7Dd+zMl88vjq/0QzSF6qTKuKw8z6df+xOcJW5goCUvbb0r6XCYaLyW9+ZCvCKNnhp6QFX XGRXcgRhR7YrP6C8Xqq8l7rHTtbtqRqXYdRIAIHdgphky8Dxicc0K+k95zhisyDDtvcTRXdNasSR TsIfBARd7cl/z2Hvq6bH1bPqhm10cNb+96hcWhZyRsYLGIWxpjIziTjmw5USCSuW7WGlTkfOLL9x Kl1Ee4DKPsKlAj+hbCL5Kuk9EquILH3n4NflHBdK7UKD6GASpNE6ke1oaNbwQV2EH+zfLM/hk+sm SjVYx8/Nb8spTXWjR5NC7YiHQ6rAiEGZk17Kp8A50NygmKu8W7E+7CKn7kePwwEndB+O31OhQO2D guweMYv2G+YJL19mLqM4ZqWPsfLBGS6eq0c+TeqJvr1BFfyaIYSmOUUCssc9nmMgGHXJbUiRgeVH dpaXzq2oZGK5s3zFcEm2BN0G3wpUlTIUMeA6i1HY43osTeaLsepJFxpxiRHNkk5yMJMVmPCsHO4F TnMtJVf9CqMUV2+JIMsvcNFgwA6wdegVhaX1x2GBeuRcAm/Yzz4tdPzkY+cdSghVtbNu4OB84wj1 3IWW0LVTRwBnsJcU0c4VGZLQVI0CKa9ddlc8O2anaaqCKQb40+KrebuQo4ak0lpPH/DE497t+6iV 4s92qtjr3w5IqYzHFZad88DURFLUi1+C9k9g1BC4lwGIPKNlhN6+WRa2TTxXubDxqXsok+cT8nXE ZnQs8Wz2GdRvVVBNdXOVGQah1UIyHSHt3iu6qjGmpN9WERgW2k4shBWLJcDmLQH9DF79wt8UaDMd L0C8CHL0XcJPWdBFGaE0uwifaWzYmDcoksW2J5SzX6Nm0f7rwFzkHn03pvBxbAKmfLwJMyzhSV+B VraeK2IlVt5PLIIAsQ/vNdFkfOYqkqP7BJKBKjBn/oRCCKysR2+YduzJt2fyLbZclalua3v9ZGDD 1AUQUXFYwNmGEfgUMhaflWrEKg6FzuUynSGI4D4bMdvBCmsI+tRH0dtGPuzSPSn4BlpuciXefyWh J6a4uqVm4m64oTSdJEQ6yfJ3fPB6myTnjp6GcZPGB7qBhLgcFexKHXpQLbX/gKRg4+OxnlfsJniL 7R2MjizRpebCBIWTOqAHnwjnU1xkfr3t51jww/E2rgclzRr/8st/tu29HYp4vcNoRWD0lP0lKGQs 0pdICsJczFgeSfSRgCMn/Nd77x+GQft3sxdmulBm/PBC8HdMCPjKtpqViLt8yGmZJMAkuLAjIum8 8ehiCvYaHVVw4y6DWKVZU+0I02UxgKakRrtmtlYFVW2aYSTjJSeZ7Xega8Tz5YNMoolILL3ejISj WiTqe+XfDJ3wR7c/glj3uOvhbAjuMvSa1rTwp3uIkRleo8ekwpE2gKsmYveIJcb1lGHl/AXTUHaa FEOa5Qx0ZPrhw4R7bwj9xUk02Ih/5Y9H2vqP23qBPY0Cyoka6UCoS7zcq2n6c0WZWNfbne0Fh7Wg ICps8NEce45V4TK+z3CPX8IbERDFiAIqhAM9YoXMmhsyCC/zG2k1a17rSsEqodzzQKcyG7CLNXyL E893gOGKDyczEnVHHayJYk8lzC5+x/UafUTUVSTGU+glGJymy3+RLGjFOYR9zLe15lRTNpfq1mZD qsU6C2W2yorlIZ5w5FzwmAbIIE7G/HdlbE3W/SlHB+YFOtm960uq9slacn2gMnuyeVZmlcvS1aLT xAuBP3eNkddoZ8tjArMUsmz5o/MHKHbt5Xc9m8boxy6qsP2fu+KgXmOxVy30/CSXssz2VXeNdn4v YJ3i7U74GoTDXX+bhiDC4mFRVBdEvUSUgr+7dFqFXMa4emG+qoMIauiw+KvCI7lboIgn0AVjfbsV k/jTxk6OD4AD2pcexXKunIf6dRrKtbia1CEphx/yyauGS1KJEfVQEHidA2GDTrWHJwpK1zi9ROtI 52ZO0wXP/LR1eCjRko6IV7gtWmIaEE+DczVNwdiVnZZzjg}
::rc_st::fg::map_reify_receive cb_part_1690 -wlm {1 0 0 1.0 5 0.0 1.0 1.0 1.0 1.0 4.6 1.9 2.0 0}
::rc_st::fg::map_sa -1840559247 {0 0 <default_clock> 0 1 0 0 0}
::rc_st::fg::map_sa -340034827 {0 0 clk 0 1 0 0 0 0 0}
::rc_st::fg::map_reify_hier_drvr_info {1 . force_bus_idle 0} {2 -1840559247 -340034827} {{60347 0.0 65983 0.0 117086 0.0 125039 0.0} {60468 0.0 66050 0.0 117207 0.0 125106 0.0} {60711 0.0 66196 0.0 117450 0.0 125252 0.0} {61116 0.0 66515 0.0 117855 0.0 125571 0.0} {61714 0.0 67253 0.0 118453 0.0 126309 0.0} {62670 0.0 68814 0.0 119409 0.0 127870 0.0} {64582 0.0 71938 0.0 121321 0.0 130994 0.0} {68405 0.0 78222 0.0 125144 0.0 137278 0.0}} {1 0 0 0 0 0 0 0 0 4318 3816 12608 11719 37479 35426 112090 106547} {0 0 1.0 5 0.0 1.0 1.0 1.0 1.0 4.6 1.9 2.0 32 32 81 80 3000 1 3 3 0 0 0 0 0 0 0 0 -111111111 X 0 0} 0 {2 0 X} {-111111111 -111111111}
::rc_st::fg::map_reify_hier_drvr_info {1 . haddr_i 0} {2 -1840559247 -340034827} {{67121 0.0 72818 0.0 126177 0.0 129557 0.0} {67245 0.0 72893 0.0 126301 0.0 129632 0.0} {67464 0.0 73082 0.0 126520 0.0 129821 0.0} {67798 0.0 73472 0.0 126854 0.0 130211 0.0} {68276 0.0 74093 0.0 127332 0.0 130832 0.0} {69039 0.0 75025 0.0 128095 0.0 131764 0.0} {70566 0.0 76890 0.0 129622 0.0 133629 0.0} {73618 0.0 80618 0.0 132674 0.0 137357 0.0}} {1 0 0 0 0 0 0 0 0 2286 2411 6103 6442 17553 18533 51905 54809} {0 0 1.0 5 0.0 1.0 1.0 1.0 1.0 4.6 1.9 2.0 58 57 58 57 1000 1 1 1 0 0 0 0 0 0 0 0 -111111111 X 0 0} 0 {2 0 X} {-111111111 -111111111}
::rc_st::fg::map_reify_hier_drvr_info {1 . haddr_i 1} {2 -1840559247 -340034827} {{67455 0.0 68495 0.0 126511 0.0 125234 0.0} {67576 0.0 68603 0.0 126632 0.0 125342 0.0} {67824 0.0 68840 0.0 126880 0.0 125579 0.0} {68265 0.0 69310 0.0 127321 0.0 126049 0.0} {68946 0.0 70088 0.0 128002 0.0 126827 0.0} {70049 0.0 71340 0.0 129105 0.0 128079 0.0} {72254 0.0 73842 0.0 131310 0.0 130581 0.0} {76666 0.0 78846 0.0 135722 0.0 135585 0.0}} {1 0 0 0 0 0 0 0 0 3196 3182 8948 8661 26483 25098 79089 74409} {0 0 1.0 5 0.0 1.0 1.0 1.0 1.0 4.6 1.9 2.0 58 58 120 120 3000 1 3 3 0 0 0 0 0 0 0 0 -111111111 X 0 0} 0 {2 0 X} {-111111111 -111111111}
::rc_st::fg::map_reify_hier_drvr_info {1 . haddr_i 2} {2 -1840559247 -340034827} {{65290 0.0 69929 0.0 124346 0.0 126668 0.0} {65407 0.0 70001 0.0 124463 0.0 126740 0.0} {65645 0.0 70137 0.0 124701 0.0 126876 0.0} {66041 0.0 70388 0.0 125097 0.0 127127 0.0} {66617 0.0 70851 0.0 125673 0.0 127590 0.0} {67535 0.0 71736 0.0 126591 0.0 128475 0.0} {69371 0.0 73506 0.0 128427 0.0 130302 0.0} {73042 0.0 77882 0.0 132098 0.0 134621 0.0}} {1 0 0 0 0 0 0 0 0 4443 3647 12987 10178 38618 29769 115514 88543} {0 0 1.0 5 0.0 1.0 1.0 1.0 1.0 4.6 1.9 2.0 113 112 225 221 5000 1 5 5 0 0 0 0 0 0 0 0 -111111111 X 0 0} 0 {2 0 X} {-111111111 -111111111}
::rc_st::fg::map_reify_hier_drvr_info {1 . haddr_i 3} {2 -1840559247 -340034827} {{70116 0.0 64698 0.0 126855 0.0 123754 0.0} {70234 0.0 64806 0.0 126973 0.0 123862 0.0} {70475 0.0 65046 0.0 127214 0.0 124102 0.0} {70878 0.0 65504 0.0 127617 0.0 124560 0.0} {71473 0.0 66212 0.0 128212 0.0 125268 0.0} {72429 0.0 67297 0.0 129168 0.0 126353 0.0} {74341 0.0 69467 0.0 131080 0.0 128523 0.0} {78164 0.0 74064 0.0 134903 0.0 133120 0.0}} {1 0 0 0 0 0 0 0 0 4160 3720 12114 11156 35978 33463 107571 100384} {0 0 1.0 5 0.0 1.0 1.0 1.0 1.0 4.6 1.9 2.0 58 58 254 252 7000 1 7 7 0 0 0 0 0 0 0 0 -111111111 X 0 0} 0 {2 0 X} {-111111111 -111111111}
::rc_st::fg::map_reify_hier_drvr_info {1 . haddr_i 4} {2 -1840559247 -340034827} {{68133 0.0 74370 0.0 127189 0.0 131109 0.0} {68251 0.0 74486 0.0 127307 0.0 131225 0.0} {68453 0.0 74708 0.0 127509 0.0 131447 0.0} {68756 0.0 75050 0.0 127812 0.0 131789 0.0} {69189 0.0 75505 0.0 128245 0.0 132244 0.0} {69886 0.0 76167 0.0 128942 0.0 132906 0.0} {71277 0.0 77491 0.0 130333 0.0 134230 0.0} {74060 0.0 80138 0.0 133116 0.0 136877 0.0}} {1 0 0 0 0 0 0 0 0 2045 0 5526 4312 15969 12054 47300 35279} {0 0 1.0 5 0.0 1.0 1.0 1.0 1.0 4.6 1.9 2.0 112 112 112 112 1000 1 1 1 0 0 0 0 0 0 0 0 -111111111 X 0 0} 0 {2 0 X} {-111111111 -111111111}
::rc_st::fg::map_reify_hier_drvr_info {1 . haddr_i 5} {2 -1840559247 -340034827} {{67185 0.0 73026 0.0 126241 0.0 129765 0.0} {67309 0.0 73117 0.0 126365 0.0 129856 0.0} {67550 0.0 73293 0.0 126606 0.0 130032 0.0} {67941 0.0 73620 0.0 126997 0.0 130359 0.0} {68512 0.0 74152 0.0 127568 0.0 130891 0.0} {69424 0.0 74993 0.0 128480 0.0 131732 0.0} {71247 0.0 76676 0.0 130303 0.0 133415 0.0} {74894 0.0 80042 0.0 133950 0.0 136781 0.0}} {1 0 0 0 0 0 0 0 0 2784 2250 7537 5968 21794 17122 64565 50584} {0 0 1.0 5 0.0 1.0 1.0 1.0 1.0 4.6 1.9 2.0 56 57 56 57 1000 1 1 1 0 0 0 0 0 0 0 0 -111111111 X 0 0} 0 {2 0 X} {-111111111 -111111111}
::rc_st::fg::map_reify_hier_drvr_info {1 . haddr_i 6} {2 -1840559247 -340034827} {{68190 0.0 74449 0.0 127246 0.0 131188 0.0} {68308 0.0 74565 0.0 127364 0.0 131304 0.0} {68510 0.0 74787 0.0 127566 0.0 131526 0.0} {68811 0.0 75129 0.0 127867 0.0 131868 0.0} {69244 0.0 75584 0.0 128300 0.0 132323 0.0} {69938 0.0 76246 0.0 128994 0.0 132985 0.0} {71326 0.0 77570 0.0 130382 0.0 134309 0.0} {74102 0.0 80217 0.0 133158 0.0 136956 0.0}} {1 0 0 0 0 0 0 0 0 2039 0 5510 4312 15922 12054 47160 35279} {0 0 1.0 5 0.0 1.0 1.0 1.0 1.0 4.6 1.9 2.0 112 112 112 112 1000 1 1 1 0 0 0 0 0 0 0 0 -111111111 X 0 0} 0 {2 0 X} {-111111111 -111111111}
::rc_st::fg::map_reify_hier_drvr_info {1 . haddr_i 7} {2 -1840559247 -340034827} {{68262 0.0 74566 0.0 127318 0.0 131305 0.0} {68383 0.0 74676 0.0 127439 0.0 131415 0.0} {68623 0.0 74919 0.0 127679 0.0 131658 0.0} {69020 0.0 75362 0.0 128076 0.0 132101 0.0} {69604 0.0 76024 0.0 128660 0.0 132763 0.0} {70543 0.0 77034 0.0 129599 0.0 133773 0.0} {72423 0.0 79055 0.0 131479 0.0 135794 0.0} {76181 0.0 83095 0.0 135237 0.0 139834 0.0}} {1 0 0 0 0 0 0 0 0 2798 2628 7605 6886 22029 19661 65300 57983} {0 0 1.0 5 0.0 1.0 1.0 1.0 1.0 4.6 1.9 2.0 58 58 58 58 1000 1 1 1 0 0 0 0 0 0 0 0 -111111111 X 0 0} 0 {2 0 X} {-111111111 -111111111}
::rc_st::fg::map_reify_hier_drvr_info {1 . haddr_i 8} {2 -1840559247 -340034827} {{65312 0.0 69951 0.0 124368 0.0 126690 0.0} {65434 0.0 70024 0.0 124490 0.0 126763 0.0} {65677 0.0 70174 0.0 124733 0.0 126913 0.0} {66082 0.0 70482 0.0 125138 0.0 127221 0.0} {66675 0.0 71052 0.0 125731 0.0 127791 0.0} {67619 0.0 72036 0.0 126675 0.0 128775 0.0} {69509 0.0 74004 0.0 128565 0.0 130743 0.0} {73288 0.0 77942 0.0 132344 0.0 134681 0.0}} {1 0 0 0 0 0 0 0 0 2846 2509 7769 7006 22539 20495 66848 60963} {0 0 1.0 5 0.0 1.0 1.0 1.0 1.0 4.6 1.9 2.0 111 111 111 111 1000 1 1 1 0 0 0 0 0 0 0 0 -111111111 X 0 0} 0 {2 0 X} {-111111111 -111111111}
::rc_st::fg::map_reify_hier_drvr_info {1 . haddr_i 9} {2 -1840559247 -340034827} {{67052 0.0 72774 0.0 126108 0.0 129513 0.0} {67175 0.0 72849 0.0 126231 0.0 129588 0.0} {67395 0.0 73038 0.0 126451 0.0 129777 0.0} {67731 0.0 73429 0.0 126787 0.0 130168 0.0} {68211 0.0 74053 0.0 127267 0.0 130792 0.0} {68979 0.0 74992 0.0 128035 0.0 131731 0.0} {70513 0.0 76869 0.0 129569 0.0 133608 0.0} {73580 0.0 80622 0.0 132636 0.0 137361 0.0}} {1 0 0 0 0 0 0 0 0 2297 2425 6135 6486 17647 18668 52183 55214} {0 0 1.0 5 0.0 1.0 1.0 1.0 1.0 4.6 1.9 2.0 58 57 58 57 1000 1 1 1 0 0 0 0 0 0 0 0 -111111111 X 0 0} 0 {2 0 X} {-111111111 -111111111}
::rc_st::fg::map_reify_hier_drvr_info {1 . haddr_i 10} {2 -1840559247 -340034827} {{65315 0.0 70153 0.0 124371 0.0 126892 0.0} {65438 0.0 70238 0.0 124494 0.0 126977 0.0} {65695 0.0 70395 0.0 124751 0.0 127134 0.0} {66135 0.0 70683 0.0 125191 0.0 127422 0.0} {66786 0.0 71180 0.0 125842 0.0 127919 0.0} {67834 0.0 72022 0.0 126890 0.0 128761 0.0} {69930 0.0 73705 0.0 128986 0.0 130444 0.0} {74122 0.0 77071 0.0 133178 0.0 133810 0.0}} {1 0 0 0 0 0 0 0 0 3166 2333 8719 6349 25376 18397 75348 54543} {0 0 1.0 5 0.0 1.0 1.0 1.0 1.0 4.6 1.9 2.0 110 111 110 111 1000 1 1 1 0 0 0 0 0 0 0 0 -111111111 X 0 0} 0 {2 0 X} {-111111111 -111111111}
::rc_st::fg::map_reify_hier_drvr_info {1 . haddr_i 11} {2 -1840559247 -340034827} {{67019 0.0 72872 0.0 126075 0.0 129611 0.0} {67142 0.0 72963 0.0 126198 0.0 129702 0.0} {67384 0.0 73139 0.0 126440 0.0 129878 0.0} {67780 0.0 73467 0.0 126836 0.0 130206 0.0} {68359 0.0 74005 0.0 127415 0.0 130744 0.0} {69283 0.0 74859 0.0 128339 0.0 131598 0.0} {71132 0.0 76569 0.0 130188 0.0 133308 0.0} {74830 0.0 79987 0.0 133886 0.0 136726 0.0}} {1 0 0 0 0 0 0 0 0 2820 2284 7640 6075 22100 17449 65479 51569} {0 0 1.0 5 0.0 1.0 1.0 1.0 1.0 4.6 1.9 2.0 56 57 56 57 1000 1 1 1 0 0 0 0 0 0 0 0 -111111111 X 0 0} 0 {2 0 X} {-111111111 -111111111}
::rc_st::fg::map_reify_hier_drvr_info {1 . haddr_i 12} {2 -1840559247 -340034827} {{67117 0.0 72982 0.0 126173 0.0 129721 0.0} {67240 0.0 73073 0.0 126296 0.0 129812 0.0} {67482 0.0 73249 0.0 126538 0.0 129988 0.0} {67874 0.0 73577 0.0 126930 0.0 130316 0.0} {68446 0.0 74110 0.0 127502 0.0 130849 0.0} {69362 0.0 74955 0.0 128418 0.0 131694 0.0} {71191 0.0 76648 0.0 130247 0.0 133387 0.0} {74851 0.0 80030 0.0 133907 0.0 136769 0.0}} {1 0 0 0 0 0 0 0 0 2793 2261 7562 6004 21869 17231 64792 50912} {0 0 1.0 5 0.0 1.0 1.0 1.0 1.0 4.6 1.9 2.0 56 57 56 57 1000 1 1 1 0 0 0 0 0 0 0 0 -111111111 X 0 0} 0 {2 0 X} {-111111111 -111111111}
::rc_st::fg::map_reify_hier_drvr_info {1 . haddr_i 13} {2 -1840559247 -340034827} {{65357 0.0 68203 0.0 124413 0.0 125140 0.0} {65475 0.0 68293 0.0 124531 0.0 125207 0.0} {65724 0.0 68463 0.0 124780 0.0 125353 0.0} {66159 0.0 68795 0.0 125215 0.0 125672 0.0} {66808 0.0 69387 0.0 125864 0.0 126409 0.0} {67851 0.0 70387 0.0 126907 0.0 127975 0.0} {69937 0.0 72387 0.0 128993 0.0 131108 0.0} {74109 0.0 78361 0.0 133165 0.0 137417 0.0}} {1 0 0 0 0 0 0 0 0 3367 3899 9531 11835 28022 35644 83497 107070} {0 0 1.0 5 0.0 1.0 1.0 1.0 1.0 4.6 1.9 2.0 111 111 175 175 3000 1 3 3 0 0 0 0 0 0 0 0 -111111111 X 0 0} 0 {2 0 X} {-111111111 -111111111}
::rc_st::fg::map_reify_hier_drvr_info {1 . haddr_i 14} {2 -1840559247 -340034827} {{63960 0.0 67882 0.0 122938 0.0 126938 0.0} {64069 0.0 67998 0.0 123047 0.0 127054 0.0} {64271 0.0 68219 0.0 123249 0.0 127275 0.0} {64574 0.0 68563 0.0 123552 0.0 127619 0.0} {65010 0.0 69022 0.0 123988 0.0 128078 0.0} {65710 0.0 69689 0.0 124688 0.0 128745 0.0} {67435 0.0 71024 0.0 126491 0.0 130080 0.0} {71744 0.0 74888 0.0 130800 0.0 133944 0.0}} {1 0 0 0 0 0 0 0 0 3564 3232 10491 9164 31271 26961 93610 81306} {0 0 1.0 5 0.0 1.0 1.0 1.0 1.0 4.6 1.9 2.0 112 112 230 229 4000 1 4 4 0 0 0 0 0 0 0 0 -111111111 X 0 0} 0 {2 0 X} {-111111111 -111111111}
::rc_st::fg::map_reify_hier_drvr_info {1 . haddr_i 15} {2 -1840559247 -340034827} {{64840 0.0 72277 0.0 121834 0.0 129016 0.0} {64936 0.0 72352 0.0 121948 0.0 129091 0.0} {65121 0.0 72541 0.0 122166 0.0 129280 0.0} {65462 0.0 72933 0.0 122498 0.0 129672 0.0} {66030 0.0 73551 0.0 122971 0.0 130290 0.0} {67000 0.0 74478 0.0 123739 0.0 131217 0.0} {68940 0.0 76330 0.0 125679 0.0 133069 0.0} {72821 0.0 80035 0.0 130162 0.0 136774 0.0}} {1 0 0 0 0 0 0 0 0 4078 3247 11744 9686 34740 29005 103731 86963} {0 0 1.0 5 0.0 1.0 1.0 1.0 1.0 4.6 1.9 2.0 113 112 218 216 4000 1 4 4 0 0 0 0 0 0 0 0 -111111111 X 0 0} 0 {2 0 X} {-111111111 -111111111}
::rc_st::fg::map_reify_hier_drvr_info {1 . haddr_i 16} {2 -1840559247 -340034827} {{64760 0.0 72488 0.0 121896 0.0 129227 0.0} {64861 0.0 72576 0.0 122014 0.0 129315 0.0} {65082 0.0 72750 0.0 122252 0.0 129489 0.0} {65495 0.0 73072 0.0 122641 0.0 129811 0.0} {66151 0.0 73589 0.0 123203 0.0 130328 0.0} {67201 0.0 74408 0.0 124102 0.0 131147 0.0} {69305 0.0 76047 0.0 126044 0.0 132786 0.0} {73511 0.0 79325 0.0 130250 0.0 136064 0.0}} {1 0 0 0 0 0 0 0 0 3945 3054 11359 8741 33603 25800 100333 76977} {0 0 1.0 5 0.0 1.0 1.0 1.0 1.0 4.6 1.9 2.0 111 111 220 219 4000 1 4 4 0 0 0 0 0 0 0 0 -111111111 X 0 0} 0 {2 0 X} {-111111111 -111111111}
::rc_st::fg::map_reify_hier_drvr_info {1 . haddr_i 17} {2 -1840559247 -340034827} {{66256 0.0 71222 0.0 124396 0.0 129001 0.0} {66371 0.0 71339 0.0 124511 0.0 129118 0.0} {66566 0.0 71557 0.0 124706 0.0 129336 0.0} {66854 0.0 71881 0.0 124994 0.0 129660 0.0} {67266 0.0 72305 0.0 125406 0.0 130084 0.0} {67927 0.0 72918 0.0 126067 0.0 130697 0.0} {69250 0.0 74143 0.0 127390 0.0 131922 0.0} {71895 0.0 76593 0.0 130181 0.0 134372 0.0}} {1 0 0 0 0 0 0 0 0 2752 2708 7815 7156 23002 20502 68565 60540} {0 0 1.0 5 0.0 1.0 1.0 1.0 1.0 4.6 1.9 2.0 112 112 143 142 2000 1 2 2 0 0 0 0 0 0 0 0 -111111111 X 0 0} 0 {2 0 X} {-111111111 -111111111}
::rc_st::fg::map_reify_hier_drvr_info {1 . haddr_i 18} {2 -1840559247 -340034827} {{69464 0.0 71768 0.0 128520 0.0 128507 0.0} {69562 0.0 71877 0.0 128618 0.0 128616 0.0} {69743 0.0 72116 0.0 128799 0.0 128855 0.0} {70069 0.0 72579 0.0 129125 0.0 129318 0.0} {70602 0.0 73308 0.0 129658 0.0 130047 0.0} {71486 0.0 74434 0.0 130542 0.0 131173 0.0} {73255 0.0 76688 0.0 132311 0.0 133427 0.0} {76793 0.0 81194 0.0 135849 0.0 137933 0.0}} {1 0 0 0 0 0 0 0 0 2987 4695 8421 13648 24783 40506 73868 121081} {0 0 1.0 5 0.0 1.0 1.0 1.0 1.0 4.6 1.9 2.0 32 32 88 88 3000 1 3 3 0 0 0 0 0 0 0 0 -111111111 X 0 0} 0 {2 0 X} {-111111111 -111111111}
::rc_st::fg::map_reify_hier_drvr_info {1 . haddr_i 19} {2 -1840559247 -340034827} {{62889 0.0 65227 0.0 121945 0.0 121966 0.0} {63013 0.0 65304 0.0 122069 0.0 122043 0.0} {63248 0.0 65486 0.0 122304 0.0 122225 0.0} {63627 0.0 65890 0.0 122683 0.0 122629 0.0} {64175 0.0 66596 0.0 123231 0.0 123335 0.0} {65049 0.0 67711 0.0 124105 0.0 124450 0.0} {66798 0.0 69940 0.0 125854 0.0 126679 0.0} {70298 0.0 74399 0.0 129354 0.0 131138 0.0}} {1 0 0 0 0 0 0 0 0 2635 2819 7065 7725 20355 22443 60225 66597} {0 0 1.0 5 0.0 1.0 1.0 1.0 1.0 4.6 1.9 2.0 31 31 31 31 1000 1 1 1 0 0 0 0 0 0 0 0 -111111111 X 0 0} 0 {2 0 X} {-111111111 -111111111}
::rc_st::fg::map_reify_hier_drvr_info {1 . htrans_i 0} {2 -1840559247 -340034827} {{50409 0.0 47695 0.0 105388 0.0 105553 0.0} {50516 0.0 47797 0.0 105495 0.0 105655 0.0} {50726 0.0 48012 0.0 105705 0.0 105870 0.0} {51097 0.0 48455 0.0 106076 0.0 106313 0.0} {51670 0.0 49256 0.0 106649 0.0 107114 0.0} {52578 0.0 50640 0.0 107557 0.0 108498 0.0} {54396 0.0 53411 0.0 109375 0.0 111269 0.0} {58031 0.0 58952 0.0 113010 0.0 116810 0.0}} {1 0 0 0 0 0 0 0 0 3236 4556 8942 13162 26062 38980 77420 116434} {0 0 1.0 5 0.0 1.0 1.0 1.0 1.0 4.6 1.9 2.0 26 26 26 26 1000 1 1 1 0 0 0 0 0 0 0 0 -111111111 X 0 0} 0 {2 0 X} {-111111111 -111111111}
::rc_st::fg::map_reify_hier_drvr_info {1 . hreadyout_i 0} {2 -1840559247 -340034827} {{63549 0.0 63301 0.0 120288 0.0 122357 0.0} {63671 0.0 63411 0.0 120410 0.0 122467 0.0} {63900 0.0 63652 0.0 120639 0.0 122708 0.0} {64264 0.0 64079 0.0 121003 0.0 123135 0.0} {64788 0.0 64693 0.0 121527 0.0 123749 0.0} {65632 0.0 65610 0.0 122371 0.0 124666 0.0} {67320 0.0 67445 0.0 124059 0.0 126501 0.0} {70696 0.0 71114 0.0 127435 0.0 130170 0.0}} {1 0 0 0 0 0 0 0 0 2947 2387 8113 6151 23611 17444 70105 51322} {0 0 1.0 5 0.0 1.0 1.0 1.0 1.0 4.6 1.9 2.0 32 32 62 62 2000 1 2 2 0 0 0 0 0 0 0 0 -111111111 X 0 0} 0 {2 0 X} {-111111111 -111111111}
::rc_st::fg::map_reify_hier_drvr_info {1 . hreadyout_i 1} {2 -1840559247 -340034827} {{64586 0.0 59918 0.0 121325 0.0 118974 0.0} {64676 0.0 60026 0.0 121415 0.0 119082 0.0} {64854 0.0 60264 0.0 121593 0.0 119320 0.0} {65205 0.0 60722 0.0 121944 0.0 119778 0.0} {65829 0.0 61424 0.0 122568 0.0 120480 0.0} {66911 0.0 62487 0.0 123650 0.0 121543 0.0} {69075 0.0 64615 0.0 125814 0.0 123671 0.0} {73404 0.0 68869 0.0 130143 0.0 127925 0.0}} {1 0 0 0 0 0 0 0 0 3169 2582 9157 7172 27120 20942 81008 62253} {0 0 1.0 5 0.0 1.0 1.0 1.0 1.0 4.6 1.9 2.0 31 31 61 61 2000 1 2 2 0 0 0 0 0 0 0 0 -111111111 X 0 0} 0 {2 0 X} {-111111111 -111111111}
::rc_st::fg::map_reify_hier_drvr_info {1 . hreadyout_i 2} {2 -1840559247 -340034827} {{64315 0.0 63136 0.0 121054 0.0 122192 0.0} {64418 0.0 63245 0.0 121157 0.0 122301 0.0} {64639 0.0 63487 0.0 121378 0.0 122543 0.0} {65045 0.0 63917 0.0 121784 0.0 122973 0.0} {65674 0.0 64538 0.0 122413 0.0 123594 0.0} {66680 0.0 65465 0.0 123419 0.0 124521 0.0} {68692 0.0 67319 0.0 125431 0.0 126375 0.0} {72716 0.0 71027 0.0 129455 0.0 130083 0.0}} {1 0 0 0 0 0 0 0 0 2967 2412 8176 6225 23803 17664 70684 51979} {0 0 1.0 5 0.0 1.0 1.0 1.0 1.0 4.6 1.9 2.0 32 32 64 64 2000 1 2 2 0 0 0 0 0 0 0 0 -111111111 X 0 0} 0 {2 0 X} {-111111111 -111111111}
::rc_st::fg::map_reify_hier_drvr_info {1 . hreadyout_i 3} {2 -1840559247 -340034827} {{57338 0.0 56605 0.0 114077 0.0 115661 0.0} {57429 0.0 56713 0.0 114168 0.0 115769 0.0} {57622 0.0 56952 0.0 114361 0.0 116008 0.0} {58034 0.0 57376 0.0 114773 0.0 116432 0.0} {58778 0.0 57988 0.0 115517 0.0 117044 0.0} {60013 0.0 58899 0.0 116752 0.0 117955 0.0} {62484 0.0 60721 0.0 119223 0.0 119777 0.0} {67426 0.0 64365 0.0 124165 0.0 123421 0.0}} {1 0 0 0 0 0 0 0 0 3447 2037 10044 5436 29832 15636 89197 46233} {0 0 1.0 5 0.0 1.0 1.0 1.0 1.0 4.6 1.9 2.0 31 31 31 31 1000 1 1 1 0 0 0 0 0 0 0 0 -111111111 X 0 0} 0 {2 0 X} {-111111111 -111111111}
::rc_st::fg::map_reify_hier_drvr_info {1 . hreadyout_i 4} {2 -1840559247 -340034827} {{57136 0.0 56225 0.0 113875 0.0 115281 0.0} {57227 0.0 56338 0.0 113966 0.0 115394 0.0} {57420 0.0 56578 0.0 114159 0.0 115634 0.0} {57832 0.0 56999 0.0 114571 0.0 116055 0.0} {58576 0.0 57605 0.0 115315 0.0 116661 0.0} {59811 0.0 58506 0.0 116550 0.0 117562 0.0} {62282 0.0 60310 0.0 119021 0.0 119366 0.0} {67224 0.0 63916 0.0 123963 0.0 122972 0.0}} {1 0 0 0 0 0 0 0 0 3587 2199 10184 5549 29972 15600 89337 45751} {0 0 1.0 5 0.0 1.0 1.0 1.0 1.0 4.6 1.9 2.0 31 31 31 31 1000 1 1 1 0 0 0 0 0 0 0 0 -111111111 X 0 0} 0 {2 0 X} {-111111111 -111111111}
::rc_st::fg::map_reify_hier_drvr_info {1 . hreadyout_i 5} {2 -1840559247 -340034827} {{52432 0.0 50544 0.0 109171 0.0 109600 0.0} {52534 0.0 50652 0.0 109273 0.0 109708 0.0} {52756 0.0 50891 0.0 109495 0.0 109947 0.0} {53183 0.0 51341 0.0 109922 0.0 110397 0.0} {53874 0.0 52024 0.0 110613 0.0 111080 0.0} {54986 0.0 53061 0.0 111725 0.0 112117 0.0} {57207 0.0 55133 0.0 113946 0.0 114189 0.0} {61652 0.0 59278 0.0 118391 0.0 118334 0.0}} {1 0 0 0 0 0 0 0 0 3235 2681 8972 7023 26181 20047 77810 59120} {0 0 1.0 5 0.0 1.0 1.0 1.0 1.0 4.6 1.9 2.0 60 60 60 60 1000 1 1 1 0 0 0 0 0 0 0 0 -111111111 X 0 0} 0 {2 0 X} {-111111111 -111111111}
::rc_st::fg::map_reify_hier_drvr_info {1 . responder_disable_i 0} {2 -1840559247 -340034827} {{59464 0.0 61799 0.0 118520 0.0 118538 0.0} {59571 0.0 61901 0.0 118627 0.0 118640 0.0} {59783 0.0 62116 0.0 118839 0.0 118855 0.0} {60155 0.0 62556 0.0 119211 0.0 119295 0.0} {60726 0.0 63331 0.0 119782 0.0 120070 0.0} {61630 0.0 64616 0.0 120686 0.0 121355 0.0} {63438 0.0 67187 0.0 122494 0.0 123926 0.0} {67053 0.0 72328 0.0 126109 0.0 129067 0.0}} {1 0 0 0 0 0 0 0 0 3152 4283 8668 12197 25217 35940 74863 107169} {0 0 1.0 5 0.0 1.0 1.0 1.0 1.0 4.6 1.9 2.0 26 26 26 26 1000 1 1 1 0 0 0 0 0 0 0 0 -111111111 X 0 0} 0 {2 0 X} {-111111111 -111111111}
::rc_st::fg::map_reify_hier_drvr_info {1 . cb_seqi_g58_in_0 0} {2 -1840559247 -340034827} {{72570 0.0 76786 0.0 131626 0.0 133525 0.0} {72688 0.0 76880 0.0 131744 0.0 133619 0.0} {72930 0.0 77049 0.0 131986 0.0 133788 0.0} {73412 0.0 77389 0.0 132468 0.0 134128 0.0} {74218 0.0 78063 0.0 133274 0.0 134802 0.0} {75541 0.0 79352 0.0 134597 0.0 136091 0.0} {78185 0.0 81930 0.0 137241 0.0 138669 0.0} {83473 0.0 87086 0.0 142529 0.0 143825 0.0}} {1 0 0 0 0 0 0 0 0 3660 3150 11186 9577 33762 28860 101493 86706} {0 0 1.0 5 0.0 1.0 1.0 1.0 1.0 4.6 1.9 2.0 30 30 49 49 2000 1 2 2 0 0 0 0 0 0 0 0 -111111111 X 0 0} 0 {2 0 X} {-111111111 -111111111}
::rc_st::fg::map_reify_hier_drvr_info {1 . cb_seqi_g58_in_1 0} {2 -1840559247 -340034827} {{70490 0.0 72889 0.0 129546 0.0 129628 0.0} {70609 0.0 72985 0.0 129665 0.0 129724 0.0} {70850 0.0 73155 0.0 129906 0.0 129894 0.0} {71329 0.0 73486 0.0 130385 0.0 130225 0.0} {72216 0.0 74169 0.0 131272 0.0 130908 0.0} {73698 0.0 75569 0.0 132754 0.0 132308 0.0} {76662 0.0 78368 0.0 135718 0.0 135107 0.0} {82589 0.0 83964 0.0 141645 0.0 140703 0.0}} {1 0 0 0 0 0 0 0 0 3577 3409 11390 10750 34831 32774 105152 98845} {0 0 1.0 5 0.0 1.0 1.0 1.0 1.0 4.6 1.9 2.0 30 30 78 77 3000 1 3 3 0 0 0 0 0 0 0 0 -111111111 X 0 0} 0 {2 0 X} {-111111111 -111111111}
::rc_st::fg::map_reify_hier_drvr_info {1 . cb_seqi_g5710_in_0 0} {2 -1840559247 -340034827} {{74585 0.0 76528 0.0 133641 0.0 133267 0.0} {74706 0.0 76621 0.0 133762 0.0 133360 0.0} {74949 0.0 76789 0.0 134005 0.0 133528 0.0} {75394 0.0 77106 0.0 134450 0.0 133845 0.0} {76117 0.0 77678 0.0 135173 0.0 134417 0.0} {77309 0.0 78698 0.0 136365 0.0 135437 0.0} {79694 0.0 80741 0.0 138750 0.0 137480 0.0} {84463 0.0 84824 0.0 143519 0.0 141563 0.0}} {1 0 0 0 0 0 0 0 0 3871 3181 11431 9496 34114 28442 102160 85282} {0 0 1.0 5 0.0 1.0 1.0 1.0 1.0 4.6 1.9 2.0 19 19 19 19 1000 1 1 1 0 0 0 0 0 0 0 0 -111111111 X 0 0} 0 {2 0 X} {-111111111 -111111111}
::rc_st::fg::map_reify_hier_drvr_info {1 . cb_seqi_g5710_in_1 0} {2 -1840559247 -340034827} {{74479 0.0 76357 0.0 133535 0.0 133096 0.0} {74602 0.0 76434 0.0 133658 0.0 133173 0.0} {74841 0.0 76606 0.0 133897 0.0 133345 0.0} {75262 0.0 76968 0.0 134318 0.0 133707 0.0} {75927 0.0 77633 0.0 134983 0.0 134372 0.0} {77022 0.0 78788 0.0 136078 0.0 135527 0.0} {79213 0.0 81098 0.0 138269 0.0 137837 0.0} {83593 0.0 85717 0.0 142649 0.0 142456 0.0}} {1 0 0 0 0 0 0 0 0 3568 3616 10479 10774 31215 32245 93423 96661} {0 0 1.0 5 0.0 1.0 1.0 1.0 1.0 4.6 1.9 2.0 18 18 18 18 1000 1 1 1 0 0 0 0 0 0 0 0 -111111111 X 0 0} 0 {2 0 X} {-111111111 -111111111}
::rc_st::fg::map_reify_hier_drvr_info {1 . cb_seqi_g5742_in_0 0} {2 -1840559247 -340034827} {{75210 0.0 81815 0.0 134266 0.0 138554 0.0} {75328 0.0 81909 0.0 134384 0.0 138648 0.0} {75570 0.0 82078 0.0 134626 0.0 138817 0.0} {76016 0.0 82417 0.0 135072 0.0 139156 0.0} {76830 0.0 83092 0.0 135886 0.0 139831 0.0} {78164 0.0 84388 0.0 137220 0.0 141127 0.0} {80832 0.0 86984 0.0 139888 0.0 143723 0.0} {86168 0.0 92173 0.0 145224 0.0 148912 0.0}} {1 0 0 0 0 0 0 0 0 3153 3057 10163 9553 31193 29041 94282 87504} {0 0 1.0 5 0.0 1.0 1.0 1.0 1.0 4.6 1.9 2.0 30 30 90 90 3000 1 3 3 0 0 0 0 0 0 0 0 -111111111 X 0 0} 0 {2 0 X} {-111111111 -111111111}
::rc_st::fg::map_reify_hier_drvr_info {1 . cb_seqi_g5742_in_1 0} {2 -1840559247 -340034827} {{75135 0.0 81639 0.0 134191 0.0 138378 0.0} {75255 0.0 81720 0.0 134311 0.0 138459 0.0} {75494 0.0 81891 0.0 134550 0.0 138630 0.0} {75911 0.0 82276 0.0 134967 0.0 139015 0.0} {76648 0.0 83105 0.0 135704 0.0 139844 0.0} {77888 0.0 84738 0.0 136944 0.0 141477 0.0} {80368 0.0 88003 0.0 139424 0.0 144742 0.0} {85328 0.0 94534 0.0 144384 0.0 151273 0.0}} {1 0 0 0 0 0 0 0 0 2881 3571 9782 11451 30487 35122 92599 106243} {0 0 1.0 5 0.0 1.0 1.0 1.0 1.0 4.6 1.9 2.0 32 32 124 123 4000 1 4 4 0 0 0 0 0 0 0 0 -111111111 X 0 0} 0 {2 0 X} {-111111111 -111111111}
::rc_st::fg::map_reify_hier_drvr_info {1 . cb_seqi_g5801_in_1 0} {2 -1840559247 -340034827} {{60912 0.0 66556 0.0 117651 0.0 125612 0.0} {61012 0.0 66639 0.0 117751 0.0 125695 0.0} {61200 0.0 66798 0.0 117939 0.0 125854 0.0} {61568 0.0 67107 0.0 118307 0.0 126163 0.0} {62210 0.0 67725 0.0 118949 0.0 126781 0.0} {63317 0.0 68972 0.0 120056 0.0 128028 0.0} {65531 0.0 71465 0.0 122270 0.0 130521 0.0} {69959 0.0 76519 0.0 126698 0.0 135575 0.0}} {1 0 0 0 0 0 0 0 0 3019 3174 9057 9657 27173 29105 81521 87449} {0 0 1.0 5 0.0 1.0 1.0 1.0 1.0 4.6 1.9 2.0 31 30 31 30 1000 1 1 1 0 0 0 0 0 0 0 0 -111111111 X 0 0} 0 {2 0 X} {-111111111 -111111111}
::rc_st::fg::map_reify_hier_drvr_info {1 . cb_seqi_g6501_in_1 0} {2 -1840559247 -340034827} {{61805 0.0 63267 0.0 118544 0.0 122323 0.0} {61904 0.0 63378 0.0 118643 0.0 122434 0.0} {62092 0.0 63604 0.0 118831 0.0 122660 0.0} {62451 0.0 64030 0.0 119190 0.0 123086 0.0} {63088 0.0 64709 0.0 119827 0.0 123765 0.0} {64210 0.0 65754 0.0 120949 0.0 124810 0.0} {66450 0.0 67843 0.0 123189 0.0 126899 0.0} {70934 0.0 72021 0.0 127673 0.0 131077 0.0}} {1 0 0 0 0 0 0 0 0 3459 3477 10436 9923 31368 29261 94161 87274} {0 0 1.0 5 0.0 1.0 1.0 1.0 1.0 4.6 1.9 2.0 20 20 20 20 1000 1 1 1 0 0 0 0 0 0 0 0 -111111111 X 0 0} 0 {2 0 X} {-111111111 -111111111}
::rc_st::fg::map_reify_hier_drvr_info {1 . cb_seqi_g6554_in_1 0} {2 -1840559247 -340034827} {{74780 0.0 80092 0.0 133836 0.0 136831 0.0} {74899 0.0 80182 0.0 133955 0.0 136921 0.0} {75142 0.0 80355 0.0 134198 0.0 137094 0.0} {75562 0.0 80692 0.0 134618 0.0 137431 0.0} {76181 0.0 81275 0.0 135237 0.0 138014 0.0} {77173 0.0 82240 0.0 136229 0.0 138979 0.0} {79159 0.0 84168 0.0 138215 0.0 140907 0.0} {83130 0.0 88025 0.0 142186 0.0 144764 0.0}} {1 0 0 0 0 0 0 0 0 3766 4445 11453 13140 34514 39224 103696 117478} {0 0 1.0 5 0.0 1.0 1.0 1.0 1.0 4.6 1.9 2.0 57 56 148 146 4000 1 4 4 0 0 0 0 0 0 0 0 -111111111 X 0 0} 0 {2 0 X} {-111111111 -111111111}
::rc_st::fg::map_reify_hier_drvr_info {1 . cb_seqi_g6556_in_1 0} {2 -1840559247 -340034827} {{70245 0.0 72144 0.0 129301 0.0 128883 0.0} {70366 0.0 72240 0.0 129422 0.0 128979 0.0} {70612 0.0 72410 0.0 129668 0.0 129149 0.0} {71094 0.0 72730 0.0 130150 0.0 129469 0.0} {71935 0.0 73338 0.0 130991 0.0 130077 0.0} {73373 0.0 74493 0.0 132429 0.0 131232 0.0} {76251 0.0 76803 0.0 135307 0.0 133542 0.0} {82005 0.0 81423 0.0 141061 0.0 138162 0.0}} {1 0 0 0 0 0 0 0 0 4271 3443 13168 10644 39859 32248 119931 97060} {0 0 1.0 5 0.0 1.0 1.0 1.0 1.0 4.6 1.9 2.0 30 30 49 49 2000 1 2 2 0 0 0 0 0 0 0 0 -111111111 X 0 0} 0 {2 0 X} {-111111111 -111111111}
::rc_st::fg::map_reify_hier_drvr_info {1 . cb_seqi_g6580_in_0 0} {2 -1840559247 -340034827} {{65341 0.0 76169 0.0 122080 0.0 135225 0.0} {65463 0.0 76261 0.0 122202 0.0 135317 0.0} {65706 0.0 76429 0.0 122445 0.0 135485 0.0} {66153 0.0 76746 0.0 122892 0.0 135802 0.0} {66883 0.0 77300 0.0 123622 0.0 136356 0.0} {68086 0.0 78249 0.0 124825 0.0 137305 0.0} {70491 0.0 80143 0.0 127230 0.0 139199 0.0} {75300 0.0 83934 0.0 132039 0.0 142990 0.0}} {1 0 0 0 0 0 0 0 0 3838 2990 11320 8813 33766 26284 101105 78698} {0 0 1.0 5 0.0 1.0 1.0 1.0 1.0 4.6 1.9 2.0 19 19 19 19 1000 1 1 1 0 0 0 0 0 0 0 0 -111111111 X 0 0} 0 {2 0 X} {-111111111 -111111111}
::rc_st::fg::map_reify_hier_drvr_info {1 . cb_seqi_g6580_in_1 0} {2 -1840559247 -340034827} {{65241 0.0 75997 0.0 121980 0.0 135053 0.0} {65363 0.0 76075 0.0 122102 0.0 135131 0.0} {65601 0.0 76246 0.0 122340 0.0 135302 0.0} {66026 0.0 76608 0.0 122765 0.0 135664 0.0} {66701 0.0 77257 0.0 123440 0.0 136313 0.0} {67804 0.0 78340 0.0 124543 0.0 137396 0.0} {70010 0.0 80505 0.0 126749 0.0 139561 0.0} {74421 0.0 84835 0.0 131160 0.0 143891 0.0}} {1 0 0 0 0 0 0 0 0 3532 3436 10356 10125 30829 30192 92246 90391} {0 0 1.0 5 0.0 1.0 1.0 1.0 1.0 4.6 1.9 2.0 18 18 18 18 1000 1 1 1 0 0 0 0 0 0 0 0 -111111111 X 0 0} 0 {2 0 X} {-111111111 -111111111}
::rc_st::fg::map_reify_hier_drvr_info {1 . cb_seqi_g13059_in_1 0} {2 -1840559247 -340034827} {{63403 0.0 73746 0.0 120142 0.0 132802 0.0} {63525 0.0 73832 0.0 120264 0.0 132888 0.0} {63774 0.0 73984 0.0 120513 0.0 133040 0.0} {64255 0.0 74245 0.0 120994 0.0 133301 0.0} {65088 0.0 74692 0.0 121827 0.0 133748 0.0} {66505 0.0 75504 0.0 123244 0.0 134560 0.0} {69337 0.0 77128 0.0 126076 0.0 136184 0.0} {75002 0.0 80377 0.0 131741 0.0 139433 0.0}} {1 0 0 0 0 0 0 0 0 4460 2600 13313 7769 39874 23275 119556 69793} {0 0 1.0 5 0.0 1.0 1.0 1.0 1.0 4.6 1.9 2.0 19 18 19 18 1000 1 1 1 0 0 0 0 0 0 0 0 -111111111 X 0 0} 0 {2 0 X} {-111111111 -111111111}
::rc_st::fg::map_reify_hier_drvr_info {1 . cb_seqi_g13069_in_1 0} {2 -1840559247 -340034827} {{64883 0.0 76605 0.0 121622 0.0 135661 0.0} {65005 0.0 76681 0.0 121744 0.0 135737 0.0} {65250 0.0 76828 0.0 121989 0.0 135884 0.0} {65713 0.0 77112 0.0 122452 0.0 136168 0.0} {66475 0.0 77655 0.0 123214 0.0 136711 0.0} {67722 0.0 78686 0.0 124461 0.0 137742 0.0} {70216 0.0 80748 0.0 126955 0.0 139804 0.0} {75204 0.0 84874 0.0 131943 0.0 143930 0.0}} {1 0 0 0 0 0 0 0 0 3953 3147 11630 9584 34663 28892 103761 86817} {0 0 1.0 5 0.0 1.0 1.0 1.0 1.0 4.6 1.9 2.0 18 18 18 18 1000 1 1 1 0 0 0 0 0 0 0 0 -111111111 X 0 0} 0 {2 0 X} {-111111111 -111111111}
::rc_st::fg::map_reify_hier_drvr_info {1 . cb_seqi_g13769_in_1 0} {2 -1840559247 -340034827} {{74712 0.0 79912 0.0 133768 0.0 136651 0.0} {74831 0.0 79989 0.0 133887 0.0 136728 0.0} {75038 0.0 80160 0.0 134094 0.0 136899 0.0} {75371 0.0 80560 0.0 134427 0.0 137299 0.0} {75916 0.0 81266 0.0 134972 0.0 138005 0.0} {76783 0.0 82381 0.0 135839 0.0 139120 0.0} {78520 0.0 84610 0.0 137576 0.0 141349 0.0} {81993 0.0 89069 0.0 141049 0.0 145808 0.0}} {1 0 0 0 0 0 0 0 0 2632 2492 8366 7398 25567 22116 77170 66270} {0 0 1.0 5 0.0 1.0 1.0 1.0 1.0 4.6 1.9 2.0 56 56 87 87 2000 1 2 2 0 0 0 0 0 0 0 0 -111111111 X 0 0} 0 {2 0 X} {-111111111 -111111111}
::rc_st::fg::map_reify_hier_drvr_info {1 . cb_seqi_g13786_in_1 0} {2 -1840559247 -340034827} {{64945 0.0 76776 0.0 121684 0.0 135832 0.0} {65066 0.0 76867 0.0 121805 0.0 135923 0.0} {65313 0.0 77024 0.0 122052 0.0 136080 0.0} {65785 0.0 77297 0.0 122524 0.0 136353 0.0} {66586 0.0 77776 0.0 123325 0.0 136832 0.0} {67919 0.0 78648 0.0 124658 0.0 137704 0.0} {70584 0.0 80393 0.0 127323 0.0 139449 0.0} {75915 0.0 83884 0.0 132654 0.0 142940 0.0}} {1 0 0 0 0 0 0 0 0 4194 2743 12435 8197 37158 24560 111327 73646} {0 0 1.0 5 0.0 1.0 1.0 1.0 1.0 4.6 1.9 2.0 19 18 19 18 1000 1 1 1 0 0 0 0 0 0 0 0 -111111111 X 0 0} 0 {2 0 X} {-111111111 -111111111}
::rc_st::fg::map_reify_hier_drvr_info {1 . cb_seqi_g13786_in_2 0} {2 -1840559247 -340034827} {{64777 0.0 76177 0.0 121516 0.0 135233 0.0} {64900 0.0 76239 0.0 121639 0.0 135295 0.0} {65144 0.0 76379 0.0 121883 0.0 135435 0.0} {65588 0.0 76692 0.0 122327 0.0 135748 0.0} {66296 0.0 77322 0.0 123035 0.0 136378 0.0} {67453 0.0 78527 0.0 124192 0.0 137583 0.0} {69763 0.0 80937 0.0 126502 0.0 139993 0.0} {74386 0.0 85756 0.0 131125 0.0 144812 0.0}} {1 0 0 0 0 0 0 0 0 3664 3654 10733 11219 31941 33913 95565 101997} {0 0 1.0 5 0.0 1.0 1.0 1.0 1.0 4.6 1.9 2.0 18 17 18 17 1000 1 1 1 0 0 0 0 0 0 0 0 -111111111 X 0 0} 0 {2 0 X} {-111111111 -111111111}
::rc_st::fg::map_reify_hier_drvr_info {1 . cb_seqi_g13852_in_3 0} {2 -1840559247 -340034827} {{63374 0.0 73571 0.0 120113 0.0 132627 0.0} {63497 0.0 73642 0.0 120236 0.0 132698 0.0} {63743 0.0 73779 0.0 120482 0.0 132835 0.0} {64216 0.0 74030 0.0 120955 0.0 133086 0.0} {65025 0.0 74492 0.0 121764 0.0 133548 0.0} {66382 0.0 75381 0.0 123121 0.0 134437 0.0} {69096 0.0 77156 0.0 125835 0.0 136212 0.0} {74524 0.0 80708 0.0 131263 0.0 139764 0.0}} {1 0 0 0 0 0 0 0 0 4281 2748 12751 8368 38160 25226 114389 75801} {0 0 1.0 5 0.0 1.0 1.0 1.0 1.0 4.6 1.9 2.0 21 19 21 19 1000 1 1 1 0 0 0 0 0 0 0 0 -111111111 X 0 0} 0 {2 0 X} {-111111111 -111111111}
::rc_st::fg::map_slackq_result default {}
::rc_st::fg::map_slackq_result clk {{1 . cb_seqi_g58_in_0 0} 0 {1 . haddr_i 1} 0 {1 . haddr_i 17} 0 {1 . haddr_i 2} 0 {1 . haddr_i 13} 0 {1 . cb_seqi_g6580_in_0 0} 0 {1 . hreadyout_i 0} 0 {1 . cb_seqi_g6501_in_1 0} 0 {1 . cb_seqi_g13059_in_1 0} 0 {1 . haddr_i 8} 0 {1 . haddr_i 6} 0 {1 . cb_seqi_g13852_in_3 0} 0 {1 . cb_seqi_g13069_in_1 0} 0 {1 . cb_seqi_g5801_in_1 0} 0 {1 . cb_seqi_g58_in_1 0} 0 {1 . hreadyout_i 1} 0 {1 . haddr_i 10} 0 {1 . cb_seqi_g5710_in_0 0} 0 {1 . haddr_i 15} 0 {1 . haddr_i 11} 0 {1 . cb_seqi_g13769_in_1 0} 0 {1 . cb_seqi_g13786_in_1 0} 0 {1 . responder_disable_i 0} 0 {1 . haddr_i 3} 0 {1 . hreadyout_i 2} 0 {1 . force_bus_idle 0} 0 {1 . hreadyout_i 4} 0 {1 . haddr_i 16} 0 {1 . haddr_i 19} 0 {1 . haddr_i 12} 0 {1 . cb_seqi_g13786_in_2 0} 0 {1 . haddr_i 14} 0 {1 . cb_seqi_g5742_in_0 0} 0 {1 . haddr_i 9} 0 {1 . htrans_i 0} 0 {1 . hreadyout_i 3} 0 {1 . cb_seqi_g5742_in_1 0} 0 {1 . haddr_i 7} 0 {1 . cb_seqi_g5710_in_1 0} 0 {1 . cb_seqi_g6556_in_1 0} 0 {1 . cb_seqi_g6554_in_1 0} 0 {1 . haddr_i 0} 0 {1 . hreadyout_i 5} 0 {1 . haddr_i 18} 0 {1 . cb_seqi_g6580_in_1 0} 0 {1 . haddr_i 5} 0 {1 . haddr_i 4} 0}
::rc_st::fg::map_complete
