read_db -super_threading -from_tcl {4Aw+EkMzfnx0GZSZ5vCjpobOHOub5hSKk2CyHAjgSBJBWQ3JgI7XyC+IOZxegg0BMiZxq6E8E99X 47P1fAjxmydcccU9F7r0VI0JRruvhgFspQPFzAi/PtpFTIGxldZgVqDCZSrgLqhFgI8MlYq9XiQ4 p6ZAEE1A2/QTAlp4Q/q5F4SvACFq6/N6NmAYfFoE/Yd87cPBqDJz5b8mLQkcxVZWg0X0gWU6DlNn /ONx9gHFrUrQYZpQAldz2VFemRGuKgaDEwr6zauKr30t4hxqPCZNWOLH0iLtt4ol6a9zwSCE/mtK +POanMgqcEm+ZkG1Oesh7L/DZlaeEgw4aiyphLliSjQv0pGlUcjAagNThRMa9l8LJnqQBU5cBTOj 7FKbkYKh4og6AJ/+CZC0k1YrfAv/yVLuVM9vbeYGlz5d5BY4xx7ON9K4zLiLDwRPhhRliJPCgfY+ JiQu5SmWf8jfh3rC5WNRk8H2EZGVXsqarlpigG3GieAw3TFsSR6jN/XBF6ezsHZlygD9UsZx5LyG 93yOf9j57RTp3ZlrtSrSDmyedxFu+FDB16yOxBDpKQIGa0FhJn94ewjKcHTyBMoO7pwkIuQlp1CD wCQxu2keqP8dbreNxTjKvyipuC/91pqg6n9f8i6wbUf+hgpMhByy68NF2i21ra7ECs+Kqbyowi5Y ZqnISBs0EhkTl5OtqiobGy3tlMQf7Den/8EcWl0iLUqCIa2PziVvQqKLKUduJtITsFTWNYfPjL/R lYEAYlKtIwRZp+APL5lgyqwP+vo2qRCkLedWk8jps+12DLM5+pJ08A2ox/lAzXUzDwOlxfC3C/jh PNUACc9yaRcvz0nuyA0BWmuSjuD3kwrgWwNH2BCPauD0RAcNVvv+jqMN+nmWe8DyS81OwKikZKCA catiQ20a6CKFZkWV1pv6aRnZz+b8Dl/FW4tSZG/jrUWVlKxvjZLK4FD1JkZ5hVEXk64QSsOAMQvW wPCx3jW+ZDyAD2Mi/vxbDRopm4P7c6XzB69NRqaNfOAP5YtYPwTaVrh3hfiZrRb5iw8yVqet+XO4 zrg7K/0760dcdH7ttVhfS4YKRM0xREEjJ2dAXRc8UeL81ZlIegUtYf4JdKdVztqXxHX9hzRzbjfR AaCwRaS6dnzwQQdV4Z9rs7aKseifToiqprZNwMAeIX8ELLUOQFQFylcZzy/mgstjkDxPbJsZLPFh dCPqV04ZzQw4nZzta0pM0Xlp90cyMgML5GtatI1/DmdqP71N60EvAik3S+GNhRWO4toKK6XvI/1j L8dE2ipLJiUZ2AGsuN5lRBJu3Nox6n9slRRtERQKX9y0tesVS9ckJbxIecv272GLCMg/9n1l6jNv cwab/10NN4dnbodroH5LAv7l12ZekP/vHZz/MyIl94WQwfPHldD1E0pIeeeXUzpl3yVO88ilmzWu UdTcPJL0rNh3+iHHtYw+qpSTTcvwON+U/DR8IDuWaX4nuPMq2udv4CB00jXZXP73+bgskfHE8gks xcwPHOWHck5PNe6i3lghzH7RmZ1qyackyhRFYzZB3i/caAq9Jlzb+0gj1QQf5PZ2zwS1m6WU6QEe U7ZlhcTdZas7jhULvQx6L5yDpPyeKspF2b4yEU+GebYSKbZ3T/09UmluHWIjlKuU9eN+4HB4Yqw4 tYmagIdYrp4Khg7E357/iuCYgWpD2Q410Xa+y+c54Zm9TgQ0od8j/WaTn+4f4f5oNKKvf+ODb9sY lNd5XpN9ed1H+ebc4ufxA35tZYmlvEInPB15P8t5Vb4CQ4ma9uvw21ZXfxGOgYiMsArwvgOJUt5+ VMIcjegqIVCE/BTChWHfZamDMcMTy+nI8HTAGg0WSRjF3L9eEeX0rszyaj1TmpnenJC3NTE0kODa xlM9bxdWGvgLeHgmwEYsKOQoeW5f9kvEJIiKQ5+ZVo1ymqh4JjuzIz4XF+Zaz2gTQ1v+caMkPh/o cEleRqrahd0XnZS72gIDXgiqJVD4rVRowcIP1fzP3smc1Nsk4oX701xQ7Yex1FnaJxnUSkdL8dAb WAqFrKOxb25I/la8L07jHGP9omVb0X58yAq4YCsWzxFcgCBz7iEVBPAJhoJDjxqIC3QIMv04Sn1G zHVUwznLnadoTI+9Jo2WIjt+WOr0IQYNZOW8GAaA3HVXS7ZzQJCVeSuACPSflIJR+Lw9Hls0eBnG lbGor4TiUiXZtkUcJ2XbGns10OITPxDts4MaDZja8Z8t6RQ7FGFar0n6LNK3MSe6M5jVqrFq10jd 9hxADVD81g+uDr6rqRV5h7NsOlha2tQo37N+kfq7Q+hKs6gaVSzJWGiY/edWpPSkxayIvfe6ASPF sc9OfAwoVGEkYxpUEj0WoJYRg0DEdTUt9FWleTbWPCTTb50LeI5xRZzsozW1EyTqfddcZEBobyMz bIA7256AgQ32+aVjDJFIqC3jsKJPRCr7OWLvXA7iYrMOe+izNtry+UhY5pkhtmYKLQoKfvnvA1GO 2jYgDqNiVo4deJaYPta2HS9jbd6FGZGobvNrKpsCz8DfZBe/OEqMvFPID87GRAbAFdo0AePnFcVZ E9QEM0N8ns/LHx1fRVhxbeLVquC0PhKpZMfK5s7BCPca74rVv2G7XkIlR5V/2mlnFgoaAz+3akpu Eor2k96qv3wKIjcoxvRbJfPgTQxsiPCje/o6ap/2uX3PTLfELu9GXoY5ljvEOda62bJdfvm0ifWp kS+U2HhHu242EU3yZcHDeUSkuMkLsN5mjdOJ0ErbCkiofYnAAU5uWUcT8Wazn8mpqGR4ROD/4o82 +FXIv8BWS13Ewj48kXbDBwp1r6jMtusy0K0b0T1hQGcknHG9TSK0SEp7c5UTOvr1Vwa0DW6bg3uu 3hnBje9Fj1PD1L9AzlBJQLJWRC4R9vwm4ii0zdPDV26XRovqJ2ql7t0ShneqYFw/jbVecS865kFD vmhqjsitP5WAl49LHLKElEplnI3eYmwtcOeUP3wqkTxjeAebjIPSD46k9jVjnQBTfhCYnfyzfLr2 +xNMqO6vYlVdswxWaKxO2ZTegrjyeQdNqlDutFFNLDK2ey5IUWn8uBv9bI42uioR7nh8HmpTZZwE pvbK9pZfJP/4VigWGF/3xv52XwM/Vw1Ucp3+DlDmdCsCIifCzJaNeaK4g/igRHbrcu3tSEXH2RUM ejVTaTZYF0fjtS2sKxmGNtSAt+mQCLd+6InQ0IbrLpmc1qX2TcidbZTGFbzpmwTqK4MP7dYVcxn0 WV6mif2ThptrAGjoEMI4ZutvRxiNcZvFhTm/0TT84hhX9p+0nmeBsK56o7lEDRdds9g3N1RaONEB sf3hYHAetQBacYvDYERLf9p4ouw/FL6yxhEUy3yvSRkfvc00XgKoeZyRSLkH/4b40HCbCoy7Pb09 nVMtgDHIo5Ixz+udOYnATVCMTkGEUt3mEKW8p5yY/3PgMSMAZWiTNWpYC0mPBZFAZnPMsYlYVr0Z 12Qqdy8/qUnT4oW/1uS5s96Amt2Sj85vqm129v3/gX1X+vlP+afdcY7NvoSK7tCE/T5yGEc+8Rdz pIMZQ7cOL1e3hs10+ONPWPu4PnqHSgB8E5AlfwvlEFF8PPVcRgyz8e6gpqsLUAGLxFpl5j4RTkOE ayozOnQVTkyXJwBUe/d6Gz2VqFlrEks8ihHZbbDdGcugbBS1USEEkUrd7WObGnxh5hxaELVLA1W3 h8/87EaNmMXpG/0UlLzYLqtpYBqrW+jY7bfnDcz8XFUs3wjLJ4B2u1yZrvMuXJOzoOBfnDM7yEaU PxLghkNPVNPGjqi7kIc83Bkvl0uedKDWfxVOTTJMmXulxhKJJ9ZgWBNEvPyb49dgkDWTFFELZWfS dIc3XkUOWe921HNgK08m+lpY6UukHO84GQ+TG/WmDWjUCRBagRtDJ8EU6hn4xFHFHZQX9ExtEGnl cTtHFWdb0Iwt/AjM9zt0akVfuPBPXMHYi2j9lksd8E0KjDRL6PazYsfJtGNLPQY7b6eJHSdpYRnk QPzFh6faqK6z7oR0cXGcLqkSXfCsaTSqOZKvfMqKaOovDFfpFdYlgngTkSe6l/sX52YNJYbH3Caw grBMazyWCZfx6upv8b8hbSUSdbnN/Rv/AlRNhfmpDQn30GS+QZ3MB9vnS5SxOyvXKjtItCcggJUc uCyUOfznjJiOq5LKVYpvAwWyWeW+8KyWQsVndyrlH32tsg+kTkGVyR1+c02eJXsIvM2cVaA3g0dD avAthsMkPohDqJxgEiUPFq9ZCOCVrOdIBabDVfHIikjvHHOKfTdvSB9NM8ZWujoG+HpX9YzZF1xL X7Ak56SV0zzDpvcSfYDB29Y+Q+ysEj3OPHlCMsPx+FgVqF0BlMFG5RAoZxmlkXFBgjEN7966i3Jp PwkHJ/2eOgtseN7cGKGpcubl8Icq10YKQdoiLxtuBAe1d3NCz1nGHR+GviJixw3xLz7Hfw3p+TuQ eN6IZM4Ynv3iWR9JE/bhsQRfQge33pkY3z0dIkPRxe/dbKqu/kYr4iUHwTLwXEx1LbbrocUkKibA xcb+hlwfTikQ3CpP9LCRnt3mlwgOJPJUI7tuU2E/ObiqyjJUlf9ot/N2hy+7y6qXTY6MxDuoZTeh PP7n5L8HT13HZEYzjq5Xd5TbQzjiYACermNZX0JLfucOS1+Em35uu3k6K7BaErJPoxFdZdoWhU0o VwDrE+9Lig+i2MzKXDI8fQGWVZYDg92o6ibnwELy+0gO+1BfmoHy1wrYoSUB8ojFsspZR8GCx5il tmProj21bF+C6PBbzsLqyneY71/AqDbk/hURHlDY+wCPcw4K5SvsJ7Dekh3gvVcnF6mh22+KuNbz NdeslUnQX4xhE5TJowvjzT+QNDRBpctQVCDBo5kvYRi7LeK7vfnymsJZpi+8C/3Yzx31a8fuOi3I oGT1hrR3SAvUFGaZ1xGh+5H+HAsO1V/G0ahv88tolom8gXO7soGo/1+cV9AIEMToRjOlSiO8zNiq dc9NdDnNHF3P+9wh2bhSpcULOU1VcZiLB/3I9lLxpUm1+BSlefxZrUZuMeLA3cxs1YjyHZD0qX6e CeKKzbdEKzYt9YsM7xOFO2ejEOO5xbAqGZWedlGpIvr4lZefsabWwUcjmrFN3SvBhIlRLKZWZH0z BkD/R2FM/ifF8qi+2ULygY+BCzk+L0fK25KqSDIFqywpiPB77lF09BzfAcdnWoq5TPoWtKPLOU4Q 8zSgVYfFYplY+fiSCP6NIkN1eJRDD4nXJxntVZWr+ZkgqjiCzrP3NArbdjp4UWxJwby9MkSSCoyF Yb5+vRbesCCDVgD0fD+N7CC0XQoL4CyANG5y6BnWxsMDggOFR6uAm+8RiFV+Tv2aXsAgWT7N0qKC GobYxA9jkqnAMS81f7AhdwOTLVnFRZUyvugpwr3Lyb5XG41kO+TMBTOKrF+bSm4T0Orz6Qbn9iVO ZBEN0NbYxYtkc5TuejO6wWbC71+QJ8wBLPKpmfADrgybOyYqZ/i73Q/b1D2h6DvY5KXADKnkrwKc q9XZRkOKnqPTe9qor/KExE/su6auI5iiFUOmDeQplwYMfBDWOz7ufPa7idvwy4KmgeHLJRahJ7wB kjnY8feB4IOTq97iSBponsiw6nEKc7ZGqkNEcuippgbi/EGODoujWky9gi26gntVdRtcji8qHYHb YTAkb0sOCwbc+7gDIEBfB9tjw5Gp/N3zcsL6EdMojj7UG11CAQifVBZMPOH6UB5QrIEStpdB8tyn XU6vNn5aGPcNlBlNM4NgeO9ydtEE36RI7rtn3eJ3weJIRSaE9j05MgRLuWQJj9HCkhYTvZ6brKM+ KVPy1DigGfFI6YkhBMlvoO5OEVAM8qO7dnD6Mj1Z3nil29nSwOlX4KQCuf15bpQpg1C+rvNyG7Rr 0cZh0Tjp/V2S5eoi5fTF5rgN45SCkghCjPy85MwZp9ZDWGAbtiShUvx7Wr7YGkP/yB7Zv64SgR6d OLmmAnh5hzkCILu1az6OZpG5O4pikAlvq9Mo4qo5s6kGmsxA7zA5fhuV8DybibJL88YMDRk4Dnvm fdZo47RimFd8NarV7w9gBlH8Zjb7TI+abH3zt2FXOPPDR4iH4+4FocDrwnZedB+TCjkuB/N/FjdK DirFg/yy/F8Q2cqQOfnOQ7pGNFrqjQUvBrdKIf8TRvVdQMclGOQdG4CzYgAVpVI74WXtnyR0YmMD V42d0JMHXnPsvX0iGEOSzZuufiZ0NK74V8lbohVB+siWRvdKQxTSJHQPctokUJKKKhx4zwzdxiDB TDa61TdoxECIx9ApC6eYnaeuN8olYZeuD0d5wgMjwfJk4f2e/uzpwAuyFI4VmzGo9YD9ZnOCWsxo 5ZaGYQYq76T2OBnNkqQEawc+4/8AGTm4g/LF7eqVUot7JcOaczlcSXv+590TXEnvLt5ZUCjpLCXR VXyiRGEJNCbj6Q99a6JiO+7C4rKIf7c3BD9x/f7WdBhAPmddAc7iQD5XAJXfURvx+CEqvWq1euvt mGs0onUqDIZO0PdsMhoASd0KqL0MyvLHIQcYYU6miierEUEhramOhp9nZog/2QAb/s3PnrtF4LEV 5gzclWHUM0UbQytWJ0saJ1Tifnbc624dQ7UZ6/nd8chIz/Ks9zxgH3S25hgdZwDBR4+wxTzoqwXX Ms/4SdXruZszXbbW06XV1NHh4qhz8Jlfwn64s7TG6C+FqgQqNv3+M7iksJOdAh7kzw2XIFWV31sV e2/9wvqD9YSYKtklaL3CWep1wYoYO8Z6xwtIHF3nXEEWt0h5vsn2ce4wwbyuj8H7gUt1kFic9wgu hLliYgbGyNaGJ7/QSfG9rrEq/2dh/g2/Vk1BwVw1AVR3AP9PpmRzKtkkn15W5d02CDODj1aGNhlm wlq7e88McfwMVjJsOfzDJMdOTXcd8J234ek5Ceca3OlKxuScye9IEYATmjFbA238NMxCvt766zTm T47eP1I7lkpbumeMX21OqmC6uzyaZ7TW+DoBzXG5IRgy4mmzchmqyF0TVx00Qjk+Q3uaIxbXk1HO nRgK/zDvTv9qNIrutDJEBjB0/C36PLeuzg+iEG+eiXtKvkVGQa4p/jlh9BWFHfQpcP8txsT7UZWl JkEvG94mqwdBWBlgAvV+2D2cKzLnjHQ5QBK0lzqlyxAeEDiCUKi78WOUDNMl2XxRpeAhZKLBhbpY Em7DMu2QRFEntpbOUSCyI4ih2akOik4Odyf4ruRfrxXF0QbaXoaAjJkjtP2paM8pPYQzkfbeiBcR IO5xth3UZOpLkdsb6HxBFT3pT9Ayrdc3kb/k975Fh61Kkexs7K4u5MaPA7WAFaIP+OSN1JR6QhmA tah3iKSKwhcJAUob2pgYBez5JcljEHhJ79WNmnOMOr/2ir6E0DPBtEW5gXiIlnoZwKg5Y6D1bb9c n1IM5PNzxya7w5jaP2uLe6HmXgVCUSpxQoesRHyJqSRV9M7XDxnypJPgv4Cdl1VEUWz5tBni7WrA qGxCsF+qbW9EnATxXeIoNdqrJnXfePdy2KszBRZEeC9EFf1v4J4xJp3tLz9tnvJUZrlXhKEFqR1w rAbXuh7grZc+S3gTZ4DpwXMFQu/74OrVEhfgQtJxnKZ45dlWQLclvvSRqHMEBKyCW0/orzoj4iYh isBB8gXrdVYgb9dkhWMjaJP069rRBHvs/opq70gZHREOODHl8rW2xNykUJB/EfO1at/dhtJqAxRU eOoPzRd5mqN5nJYOx8jqh7OEgUuaTHYI8rGSjAo4uzvq2sIqbqc76wpoE+j97Z+Ww+aeyOwwlt3c Tz8tODV8gSjuNSNcETl+wBL7aTwL76Q6qEMVH/tP2Co3o/3M9+71awnyCwIAfweeELBJ1efFNWp+ xFtZ2cBfRoCylGPQb3jqJ9y3fZtVdqfKQbH06R2yOoKa46Hi2DTvgvzlWSgIbZOXFZtIMg+sCA8w hjBWaqCbPyQQL3D4fZ/G66ebIsUhRx8NyGzr1mPuZvrSm3l6uaCWrelzioeSVpAsrAo+vhAJQlWy SdFDn/B8km+bZGoNR0qhvnUYRQ7Wtt4eAyOHKVs0cMHyLGs8GthYPGGiQGZCbjXTECFsR9iWHURs agVh8XXZYBpR6IqiFdZn3qCIW2nQKZDb8jw1iwS8iLtZcezSv6TpQRnJzazKr33/513i/5nunb3+ UG/uB9d//RiMyD5qoOx0iSmtdGC18slb41UvZV9DTnTKL3dJgnZYUJd6vnzKmT8xj9GQvbaBtTCM PMn3HqxXcpEJrVfK3SGHGOhjfOZswipNnDIjnocIv86SaipfdLbj2KHRXXO6nczqKQco+RzUr1dF 7/c63zS7+dhi3W1UCW+gh2CXr6GUbWL02f1K96VbayvJS/bY6NIG6KQV8HO3xmuJmXBN1AbNPVLa qwzn6j6a0kdgK2JGQ6yIKY9cDyjJ6xOnQVLadyyqo/x1Pq1tdNcYmKUaRh5D}
::rc_st::fg::map_reify_receive cb_part_586 -wlm {1 0 0 1.0 5 0.0 1.0 1.0 1.0 1.0 4.6 1.9 2.0 0}
::rc_st::fg::map_sa -1840559247 {0 0 <default_clock> 0 1 0 0 0}
::rc_st::fg::map_sa -340034827 {0 0 clk 0 1 0 0 0 0 0}
::rc_st::fg::map_reify_hier_drvr_info {1 . lsu_busreq_m 0} {2 -1840559247 -340034827} {{178609 0.0 177663 0.0 152613 0.0 152140 0.0} {178711 0.0 177770 0.0 152715 0.0 152247 0.0} {178924 0.0 178009 0.0 152928 0.0 152486 0.0} {179361 0.0 178472 0.0 153365 0.0 152949 0.0} {180090 0.0 179204 0.0 154094 0.0 153681 0.0} {181276 0.0 180339 0.0 155280 0.0 154816 0.0} {183649 0.0 182609 0.0 157653 0.0 157086 0.0} {188394 0.0 187149 0.0 162398 0.0 161626 0.0}} {1 0 0 0 0 0 0 0 0 3113 2790 9263 7626 27710 22136 83053 65664} {0 0 1.0 5 0.0 1.0 1.0 1.0 1.0 4.6 1.9 2.0 60 60 60 60 1000 1 1 1 0 0 0 0 0 0 0 0 -111111111 X 0 0} 0 {2 0 X} {-111111111 -111111111}
::rc_st::fg::map_reify_hier_drvr_info {1 . {lsu_pkt_m[load]} 0} {1 -340034827} {{103863 0.0 102891 0.0} {103982 0.0 102985 0.0} {104226 0.0 103154 0.0} {104721 0.0 103491 0.0} {105553 0.0 104168 0.0} {106927 0.0 105494 0.0} {109675 0.0 108142 0.0} {115171 0.0 113442 0.0}} {1 0 0 0 0 0 0 0 0 3684 3322 10911 10047 32593 30220 97637 90739} {0 0 1.0 5 0.0 1.0 1.0 1.0 1.0 4.6 1.9 2.0 30 30 30 30 1000 1 1 1 0 0 0 0 0 0 0 0 -111111111 X 0 0} 0 {2 0 X} {-111111111 -111111111}
::rc_st::fg::map_reify_hier_drvr_info {1 . lsu_addr_m 0} {2 -1840559247 -340034827} {{187433 0.0 187433 0.0 161437 0.0 161437 0.0} {187552 0.0 187552 0.0 161556 0.0 161556 0.0} {187767 0.0 187767 0.0 161771 0.0 161771 0.0} {188113 0.0 188114 0.0 162117 0.0 162118 0.0} {188622 0.0 188632 0.0 162626 0.0 162636 0.0} {189437 0.0 189484 0.0 163441 0.0 163488 0.0} {191067 0.0 191195 0.0 165071 0.0 165199 0.0} {194326 0.0 195518 0.0 168330 0.0 169522 0.0}} {1 0 0 0 0 0 0 0 0 4044 3734 11895 11585 35449 35139 106111 105801} {0 0 1.0 5 0.0 1.0 1.0 1.0 1.0 4.6 1.9 2.0 39 39 39 39 1000 1 1 1 0 0 0 0 0 0 0 0 -111111111 X 0 0} 0 {2 0 X} {-111111111 -111111111}
::rc_st::fg::map_reify_hier_drvr_info {1 . lsu_addr_m 1} {2 -1840559247 -340034827} {{188073 0.0 188073 0.0 162077 0.0 162077 0.0} {188193 0.0 188193 0.0 162197 0.0 162197 0.0} {188408 0.0 188408 0.0 162412 0.0 162412 0.0} {188754 0.0 188755 0.0 162758 0.0 162759 0.0} {189264 0.0 189274 0.0 163268 0.0 163278 0.0} {190079 0.0 190125 0.0 164083 0.0 164129 0.0} {191708 0.0 191833 0.0 165712 0.0 165837 0.0} {194968 0.0 196152 0.0 168972 0.0 170156 0.0}} {1 0 0 0 0 0 0 0 0 4041 3731 11885 11575 35419 35109 106018 105708} {0 0 1.0 5 0.0 1.0 1.0 1.0 1.0 4.6 1.9 2.0 39 39 39 39 1000 1 1 1 0 0 0 0 0 0 0 0 -111111111 X 0 0} 0 {2 0 X} {-111111111 -111111111}
::rc_st::fg::map_reify_hier_drvr_info {1 . lsu_addr_m 2} {2 -1840559247 -340034827} {{190777 0.0 190776 0.0 164781 0.0 164780 0.0} {190897 0.0 190897 0.0 164901 0.0 164901 0.0} {191112 0.0 191112 0.0 165116 0.0 165116 0.0} {191457 0.0 191458 0.0 165461 0.0 165462 0.0} {191967 0.0 191977 0.0 165971 0.0 165981 0.0} {192782 0.0 192828 0.0 166786 0.0 166832 0.0} {194411 0.0 194542 0.0 168415 0.0 168546 0.0} {197670 0.0 198868 0.0 171674 0.0 172872 0.0}} {1 0 0 0 0 0 0 0 0 3898 3721 11749 11572 35303 35126 105965 105788} {0 0 1.0 5 0.0 1.0 1.0 1.0 1.0 4.6 1.9 2.0 39 39 39 39 1000 1 1 1 0 0 0 0 0 0 0 0 -111111111 X 0 0} 0 {2 0 X} {-111111111 -111111111}
::rc_st::fg::map_reify_hier_drvr_info {1 . lsu_addr_m 3} {2 -1840559247 -340034827} {{188909 0.0 188002 0.0 162913 0.0 162006 0.0} {189013 0.0 188085 0.0 163017 0.0 162089 0.0} {189230 0.0 188244 0.0 163234 0.0 162248 0.0} {189684 0.0 188555 0.0 163688 0.0 162559 0.0} {190499 0.0 189170 0.0 164503 0.0 163174 0.0} {191855 0.0 190379 0.0 165859 0.0 164383 0.0} {194566 0.0 192797 0.0 168570 0.0 166801 0.0} {199989 0.0 197664 0.0 173993 0.0 171668 0.0}} {1 0 0 0 0 0 0 0 0 3724 3065 10982 9231 32755 27729 98073 83223} {0 0 1.0 5 0.0 1.0 1.0 1.0 1.0 4.6 1.9 2.0 31 31 62 61 2000 1 2 2 0 0 0 0 0 0 0 0 -111111111 X 0 0} 0 {2 0 X} {-111111111 -111111111}
::rc_st::fg::map_reify_hier_drvr_info {1 . lsu_addr_m 4} {2 -1840559247 -340034827} {{188011 0.0 188319 0.0 162015 0.0 162323 0.0} {188116 0.0 188418 0.0 162120 0.0 162422 0.0} {188284 0.0 188596 0.0 162288 0.0 162600 0.0} {188564 0.0 188906 0.0 162568 0.0 162910 0.0} {188965 0.0 189456 0.0 162969 0.0 163460 0.0} {189606 0.0 190479 0.0 163610 0.0 164483 0.0} {190891 0.0 192526 0.0 164895 0.0 166530 0.0} {193460 0.0 196644 0.0 167464 0.0 170648 0.0}} {1 0 0 0 0 0 0 0 0 3314 2791 9993 8287 30031 25516 90146 77704} {0 0 1.0 5 0.0 1.0 1.0 1.0 1.0 4.6 1.9 2.0 58 58 88 87 2000 1 2 2 0 0 0 0 0 0 0 0 -111111111 X 0 0} 0 {2 0 X} {-111111111 -111111111}
::rc_st::fg::map_reify_hier_drvr_info {1 . lsu_addr_m 5} {2 -1840559247 -340034827} {{189057 0.0 188267 0.0 163061 0.0 162271 0.0} {189162 0.0 188366 0.0 163166 0.0 162370 0.0} {189356 0.0 188544 0.0 163360 0.0 162548 0.0} {189726 0.0 188855 0.0 163730 0.0 162859 0.0} {190389 0.0 189404 0.0 164393 0.0 163408 0.0} {191561 0.0 190425 0.0 165565 0.0 164429 0.0} {193929 0.0 192468 0.0 167933 0.0 166472 0.0} {198741 0.0 196574 0.0 172745 0.0 170578 0.0}} {1 0 0 0 0 0 0 0 0 3372 2995 10051 8827 30089 26322 90204 78809} {0 0 1.0 5 0.0 1.0 1.0 1.0 1.0 4.6 1.9 2.0 30 29 60 58 2000 1 2 2 0 0 0 0 0 0 0 0 -111111111 X 0 0} 0 {2 0 X} {-111111111 -111111111}
::rc_st::fg::map_reify_hier_drvr_info {1 . lsu_addr_m 6} {2 -1840559247 -340034827} {{189855 0.0 189469 0.0 163859 0.0 163473 0.0} {189959 0.0 189575 0.0 163963 0.0 163579 0.0} {190176 0.0 189811 0.0 164180 0.0 163815 0.0} {190628 0.0 190229 0.0 164632 0.0 164233 0.0} {191439 0.0 190820 0.0 165443 0.0 164824 0.0} {192781 0.0 191700 0.0 166785 0.0 165704 0.0} {195467 0.0 193458 0.0 169471 0.0 167462 0.0} {200836 0.0 196977 0.0 174840 0.0 170981 0.0}} {1 0 0 0 0 0 0 0 0 3696 2453 10883 7041 32444 20805 97125 62097} {0 0 1.0 5 0.0 1.0 1.0 1.0 1.0 4.6 1.9 2.0 31 31 61 61 2000 1 2 2 0 0 0 0 0 0 0 0 -111111111 X 0 0} 0 {2 0 X} {-111111111 -111111111}
::rc_st::fg::map_reify_hier_drvr_info {1 . lsu_addr_m 7} {2 -1840559247 -340034827} {{190003 0.0 189602 0.0 164007 0.0 163606 0.0} {190108 0.0 189708 0.0 164112 0.0 163712 0.0} {190301 0.0 189944 0.0 164305 0.0 163948 0.0} {190670 0.0 190359 0.0 164674 0.0 164363 0.0} {191331 0.0 190943 0.0 165335 0.0 164947 0.0} {192498 0.0 191813 0.0 166502 0.0 165817 0.0} {194853 0.0 193551 0.0 168857 0.0 167555 0.0} {199638 0.0 197028 0.0 173642 0.0 171032 0.0}} {1 0 0 0 0 0 0 0 0 3302 2969 9873 8742 29586 26059 88726 78010} {0 0 1.0 5 0.0 1.0 1.0 1.0 1.0 4.6 1.9 2.0 30 30 60 59 2000 1 2 2 0 0 0 0 0 0 0 0 -111111111 X 0 0} 0 {2 0 X} {-111111111 -111111111}
::rc_st::fg::map_reify_hier_drvr_info {1 . lsu_addr_m 8} {2 -1840559247 -340034827} {{191214 0.0 191214 0.0 165218 0.0 165218 0.0} {191333 0.0 191333 0.0 165337 0.0 165337 0.0} {191548 0.0 191548 0.0 165552 0.0 165552 0.0} {191894 0.0 191895 0.0 165898 0.0 165899 0.0} {192404 0.0 192414 0.0 166408 0.0 166418 0.0} {193219 0.0 193266 0.0 167223 0.0 167270 0.0} {194848 0.0 194973 0.0 168852 0.0 168977 0.0} {198108 0.0 199293 0.0 172112 0.0 173297 0.0}} {1 0 0 0 0 0 0 0 0 3895 3719 11739 11563 35273 35097 105872 105696} {0 0 1.0 5 0.0 1.0 1.0 1.0 1.0 4.6 1.9 2.0 39 39 39 39 1000 1 1 1 0 0 0 0 0 0 0 0 -111111111 X 0 0} 0 {2 0 X} {-111111111 -111111111}
::rc_st::fg::map_reify_hier_drvr_info {1 . lsu_addr_m 9} {2 -1840559247 -340034827} {{191609 0.0 191609 0.0 165613 0.0 165613 0.0} {191728 0.0 191728 0.0 165732 0.0 165732 0.0} {191943 0.0 191943 0.0 165947 0.0 165947 0.0} {192289 0.0 192290 0.0 166293 0.0 166294 0.0} {192799 0.0 192809 0.0 166803 0.0 166813 0.0} {193614 0.0 193661 0.0 167618 0.0 167665 0.0} {195243 0.0 195368 0.0 169247 0.0 169372 0.0} {198503 0.0 199688 0.0 172507 0.0 173692 0.0}} {1 0 0 0 0 0 0 0 0 3895 3719 11739 11563 35273 35097 105872 105696} {0 0 1.0 5 0.0 1.0 1.0 1.0 1.0 4.6 1.9 2.0 39 39 39 39 1000 1 1 1 0 0 0 0 0 0 0 0 -111111111 X 0 0} 0 {2 0 X} {-111111111 -111111111}
::rc_st::fg::map_reify_hier_drvr_info {1 . lsu_addr_m 10} {2 -1840559247 -340034827} {{188360 0.0 187772 0.0 162364 0.0 161776 0.0} {188479 0.0 187881 0.0 162483 0.0 161885 0.0} {188705 0.0 188103 0.0 162709 0.0 162107 0.0} {189079 0.0 188541 0.0 163083 0.0 162545 0.0} {189644 0.0 189321 0.0 163648 0.0 163325 0.0} {190675 0.0 190675 0.0 164679 0.0 164679 0.0} {193383 0.0 193383 0.0 167387 0.0 167387 0.0} {198799 0.0 198799 0.0 172803 0.0 172803 0.0}} {1 0 0 0 0 0 0 0 0 4570 4360 13484 12834 40229 39579 120462 119812} {0 0 1.0 5 0.0 1.0 1.0 1.0 1.0 4.6 1.9 2.0 18 18 18 18 1000 1 1 1 0 0 0 0 0 0 0 0 -111111111 X 0 0} 0 {2 0 X} {-111111111 -111111111}
::rc_st::fg::map_reify_hier_drvr_info {1 . lsu_addr_m 11} {2 -1840559247 -340034827} {{188754 0.0 188166 0.0 162758 0.0 162170 0.0} {188873 0.0 188275 0.0 162877 0.0 162279 0.0} {189099 0.0 188497 0.0 163103 0.0 162501 0.0} {189473 0.0 188935 0.0 163477 0.0 162939 0.0} {190038 0.0 189715 0.0 164042 0.0 163719 0.0} {191069 0.0 191069 0.0 165073 0.0 165073 0.0} {193777 0.0 193777 0.0 167781 0.0 167781 0.0} {199193 0.0 199193 0.0 173197 0.0 173197 0.0}} {1 0 0 0 0 0 0 0 0 4570 4360 13484 12834 40229 39579 120462 119812} {0 0 1.0 5 0.0 1.0 1.0 1.0 1.0 4.6 1.9 2.0 18 18 18 18 1000 1 1 1 0 0 0 0 0 0 0 0 -111111111 X 0 0} 0 {2 0 X} {-111111111 -111111111}
::rc_st::fg::map_reify_hier_drvr_info {1 . lsu_addr_m 12} {2 -1840559247 -340034827} {{187719 0.0 187131 0.0 161723 0.0 161135 0.0} {187838 0.0 187240 0.0 161842 0.0 161244 0.0} {188064 0.0 187462 0.0 162068 0.0 161466 0.0} {188438 0.0 187900 0.0 162442 0.0 161904 0.0} {189003 0.0 188680 0.0 163007 0.0 162684 0.0} {190035 0.0 190035 0.0 164039 0.0 164039 0.0} {192744 0.0 192744 0.0 166748 0.0 166748 0.0} {198163 0.0 198163 0.0 172167 0.0 172167 0.0}} {1 0 0 0 0 0 0 0 0 4572 4362 13492 12842 40253 39603 120535 119885} {0 0 1.0 5 0.0 1.0 1.0 1.0 1.0 4.6 1.9 2.0 18 18 18 18 1000 1 1 1 0 0 0 0 0 0 0 0 -111111111 X 0 0} 0 {2 0 X} {-111111111 -111111111}
::rc_st::fg::map_reify_hier_drvr_info {1 . lsu_addr_m 13} {2 -1840559247 -340034827} {{188933 0.0 188345 0.0 162937 0.0 162349 0.0} {189052 0.0 188454 0.0 163056 0.0 162458 0.0} {189278 0.0 188676 0.0 163282 0.0 162680 0.0} {189652 0.0 189114 0.0 163656 0.0 163118 0.0} {190217 0.0 189894 0.0 164221 0.0 163898 0.0} {191248 0.0 191248 0.0 165252 0.0 165252 0.0} {193956 0.0 193956 0.0 167960 0.0 167960 0.0} {199372 0.0 199372 0.0 173376 0.0 173376 0.0}} {1 0 0 0 0 0 0 0 0 4568 4360 13477 12827 40206 39556 120390 119740} {0 0 1.0 5 0.0 1.0 1.0 1.0 1.0 4.6 1.9 2.0 18 18 18 18 1000 1 1 1 0 0 0 0 0 0 0 0 -111111111 X 0 0} 0 {2 0 X} {-111111111 -111111111}
::rc_st::fg::map_reify_hier_drvr_info {1 . lsu_addr_m 14} {2 -1840559247 -340034827} {{191387 0.0 191387 0.0 165391 0.0 165391 0.0} {191507 0.0 191507 0.0 165511 0.0 165511 0.0} {191722 0.0 191722 0.0 165726 0.0 165726 0.0} {192068 0.0 192069 0.0 166072 0.0 166073 0.0} {192578 0.0 192588 0.0 166582 0.0 166592 0.0} {193393 0.0 193439 0.0 167397 0.0 167443 0.0} {195022 0.0 195147 0.0 169026 0.0 169151 0.0} {198282 0.0 199466 0.0 172286 0.0 173470 0.0}} {1 0 0 0 0 0 0 0 0 4041 3731 11885 11575 35419 35109 106018 105708} {0 0 1.0 5 0.0 1.0 1.0 1.0 1.0 4.6 1.9 2.0 39 39 39 39 1000 1 1 1 0 0 0 0 0 0 0 0 -111111111 X 0 0} 0 {2 0 X} {-111111111 -111111111}
::rc_st::fg::map_reify_hier_drvr_info {1 . lsu_addr_m 15} {2 -1840559247 -340034827} {{191565 0.0 191565 0.0 165569 0.0 165569 0.0} {191685 0.0 191685 0.0 165689 0.0 165689 0.0} {191900 0.0 191900 0.0 165904 0.0 165904 0.0} {192246 0.0 192247 0.0 166250 0.0 166251 0.0} {192756 0.0 192766 0.0 166760 0.0 166770 0.0} {193571 0.0 193617 0.0 167575 0.0 167621 0.0} {195200 0.0 195325 0.0 169204 0.0 169329 0.0} {198460 0.0 199644 0.0 172464 0.0 173648 0.0}} {1 0 0 0 0 0 0 0 0 4039 3729 11876 11566 35389 35079 105927 105617} {0 0 1.0 5 0.0 1.0 1.0 1.0 1.0 4.6 1.9 2.0 39 39 39 39 1000 1 1 1 0 0 0 0 0 0 0 0 -111111111 X 0 0} 0 {2 0 X} {-111111111 -111111111}
::rc_st::fg::map_reify_hier_drvr_info {1 . lsu_addr_m 16} {2 -1840559247 -340034827} {{190350 0.0 190350 0.0 164354 0.0 164354 0.0} {190469 0.0 190469 0.0 164473 0.0 164473 0.0} {190684 0.0 190684 0.0 164688 0.0 164688 0.0} {191030 0.0 191031 0.0 165034 0.0 165035 0.0} {191539 0.0 191549 0.0 165543 0.0 165553 0.0} {192354 0.0 192401 0.0 166358 0.0 166405 0.0} {193984 0.0 194112 0.0 167988 0.0 168116 0.0} {197243 0.0 198435 0.0 171247 0.0 172439 0.0}} {1 0 0 0 0 0 0 0 0 4044 3734 11895 11585 35449 35139 106111 105801} {0 0 1.0 5 0.0 1.0 1.0 1.0 1.0 4.6 1.9 2.0 39 39 39 39 1000 1 1 1 0 0 0 0 0 0 0 0 -111111111 X 0 0} 0 {2 0 X} {-111111111 -111111111}
::rc_st::fg::map_reify_hier_drvr_info {1 . lsu_addr_m 17} {2 -1840559247 -340034827} {{188468 0.0 188468 0.0 162472 0.0 162472 0.0} {188588 0.0 188588 0.0 162592 0.0 162592 0.0} {188803 0.0 188803 0.0 162807 0.0 162807 0.0} {189149 0.0 189150 0.0 163153 0.0 163154 0.0} {189659 0.0 189669 0.0 163663 0.0 163673 0.0} {190474 0.0 190520 0.0 164478 0.0 164524 0.0} {192103 0.0 192228 0.0 166107 0.0 166232 0.0} {195363 0.0 196547 0.0 169367 0.0 170551 0.0}} {1 0 0 0 0 0 0 0 0 4041 3731 11885 11575 35419 35109 106018 105708} {0 0 1.0 5 0.0 1.0 1.0 1.0 1.0 4.6 1.9 2.0 39 39 39 39 1000 1 1 1 0 0 0 0 0 0 0 0 -111111111 X 0 0} 0 {2 0 X} {-111111111 -111111111}
::rc_st::fg::map_reify_hier_drvr_info {1 . lsu_addr_m 18} {2 -1840559247 -340034827} {{192511 0.0 192511 0.0 166515 0.0 166515 0.0} {192632 0.0 192632 0.0 166636 0.0 166636 0.0} {192847 0.0 192847 0.0 166851 0.0 166851 0.0} {193192 0.0 193193 0.0 167196 0.0 167197 0.0} {193702 0.0 193712 0.0 167706 0.0 167716 0.0} {194518 0.0 194565 0.0 168522 0.0 168569 0.0} {196150 0.0 196269 0.0 170154 0.0 170273 0.0} {199413 0.0 200516 0.0 173417 0.0 174520 0.0}} {1 0 0 0 0 0 0 0 0 4008 3700 11770 11462 35056 34748 104914 104606} {0 0 1.0 5 0.0 1.0 1.0 1.0 1.0 4.6 1.9 2.0 39 39 39 39 1000 1 1 1 0 0 0 0 0 0 0 0 -111111111 X 0 0} 0 {2 0 X} {-111111111 -111111111}
::rc_st::fg::map_reify_hier_drvr_info {1 . lsu_addr_m 19} {2 -1840559247 -340034827} {{188487 0.0 188487 0.0 162491 0.0 162491 0.0} {188607 0.0 188607 0.0 162611 0.0 162611 0.0} {188822 0.0 188822 0.0 162826 0.0 162826 0.0} {189168 0.0 189169 0.0 163172 0.0 163173 0.0} {189678 0.0 189688 0.0 163682 0.0 163692 0.0} {190493 0.0 190539 0.0 164497 0.0 164543 0.0} {192122 0.0 192247 0.0 166126 0.0 166251 0.0} {195382 0.0 196566 0.0 169386 0.0 170570 0.0}} {1 0 0 0 0 0 0 0 0 4041 3731 11885 11575 35419 35109 106018 105708} {0 0 1.0 5 0.0 1.0 1.0 1.0 1.0 4.6 1.9 2.0 39 39 39 39 1000 1 1 1 0 0 0 0 0 0 0 0 -111111111 X 0 0} 0 {2 0 X} {-111111111 -111111111}
::rc_st::fg::map_reify_hier_drvr_info {1 . lsu_addr_m 20} {2 -1840559247 -340034827} {{188665 0.0 188665 0.0 162669 0.0 162669 0.0} {188785 0.0 188785 0.0 162789 0.0 162789 0.0} {189000 0.0 189000 0.0 163004 0.0 163004 0.0} {189346 0.0 189347 0.0 163350 0.0 163351 0.0} {189856 0.0 189866 0.0 163860 0.0 163870 0.0} {190671 0.0 190717 0.0 164675 0.0 164721 0.0} {192300 0.0 192425 0.0 166304 0.0 166429 0.0} {195560 0.0 196744 0.0 169564 0.0 170748 0.0}} {1 0 0 0 0 0 0 0 0 4039 3729 11876 11566 35389 35079 105927 105617} {0 0 1.0 5 0.0 1.0 1.0 1.0 1.0 4.6 1.9 2.0 39 39 39 39 1000 1 1 1 0 0 0 0 0 0 0 0 -111111111 X 0 0} 0 {2 0 X} {-111111111 -111111111}
::rc_st::fg::map_reify_hier_drvr_info {1 . lsu_addr_m 21} {2 -1840559247 -340034827} {{188646 0.0 188646 0.0 162650 0.0 162650 0.0} {188766 0.0 188766 0.0 162770 0.0 162770 0.0} {188981 0.0 188981 0.0 162985 0.0 162985 0.0} {189327 0.0 189328 0.0 163331 0.0 163332 0.0} {189837 0.0 189847 0.0 163841 0.0 163851 0.0} {190652 0.0 190698 0.0 164656 0.0 164702 0.0} {192281 0.0 192406 0.0 166285 0.0 166410 0.0} {195541 0.0 196725 0.0 169545 0.0 170729 0.0}} {1 0 0 0 0 0 0 0 0 4039 3729 11876 11566 35389 35079 105927 105617} {0 0 1.0 5 0.0 1.0 1.0 1.0 1.0 4.6 1.9 2.0 39 39 39 39 1000 1 1 1 0 0 0 0 0 0 0 0 -111111111 X 0 0} 0 {2 0 X} {-111111111 -111111111}
::rc_st::fg::map_reify_hier_drvr_info {1 . lsu_addr_m 22} {2 -1840559247 -340034827} {{193793 0.0 193203 0.0 167797 0.0 167207 0.0} {193912 0.0 193312 0.0 167916 0.0 167316 0.0} {194138 0.0 193534 0.0 168142 0.0 167538 0.0} {194513 0.0 193974 0.0 168517 0.0 167978 0.0} {195077 0.0 194751 0.0 169081 0.0 168755 0.0} {196096 0.0 196096 0.0 170100 0.0 170100 0.0} {198786 0.0 198786 0.0 172790 0.0 172790 0.0} {204165 0.0 204165 0.0 178169 0.0 178169 0.0}} {1 0 0 0 0 0 0 0 0 4550 4341 13410 12758 39991 39339 119735 119083} {0 0 1.0 5 0.0 1.0 1.0 1.0 1.0 4.6 1.9 2.0 18 18 18 18 1000 1 1 1 0 0 0 0 0 0 0 0 -111111111 X 0 0} 0 {2 0 X} {-111111111 -111111111}
::rc_st::fg::map_reify_hier_drvr_info {1 . lsu_addr_m 23} {2 -1840559247 -340034827} {{192631 0.0 192040 0.0 166635 0.0 166044 0.0} {192750 0.0 192150 0.0 166754 0.0 166154 0.0} {192976 0.0 192372 0.0 166980 0.0 166376 0.0} {193350 0.0 192810 0.0 167354 0.0 166814 0.0} {193914 0.0 193587 0.0 167918 0.0 167591 0.0} {194931 0.0 194931 0.0 168935 0.0 168935 0.0} {197617 0.0 197617 0.0 171621 0.0 171621 0.0} {202991 0.0 202991 0.0 176995 0.0 176995 0.0}} {1 0 0 0 0 0 0 0 0 4547 4337 13402 12750 39967 39315 119662 119010} {0 0 1.0 5 0.0 1.0 1.0 1.0 1.0 4.6 1.9 2.0 18 18 18 18 1000 1 1 1 0 0 0 0 0 0 0 0 -111111111 X 0 0} 0 {2 0 X} {-111111111 -111111111}
::rc_st::fg::map_reify_hier_drvr_info {1 . lsu_addr_m 24} {2 -1840559247 -340034827} {{193335 0.0 192744 0.0 167339 0.0 166748 0.0} {193454 0.0 192854 0.0 167458 0.0 166858 0.0} {193680 0.0 193076 0.0 167684 0.0 167080 0.0} {194055 0.0 193515 0.0 168059 0.0 167519 0.0} {194619 0.0 194291 0.0 168623 0.0 168295 0.0} {195634 0.0 195634 0.0 169638 0.0 169638 0.0} {198319 0.0 198319 0.0 172323 0.0 172323 0.0} {203689 0.0 203689 0.0 177693 0.0 177693 0.0}} {1 0 0 0 0 0 0 0 0 4543 4336 13387 12738 39920 39268 119517 118865} {0 0 1.0 5 0.0 1.0 1.0 1.0 1.0 4.6 1.9 2.0 18 18 18 18 1000 1 1 1 0 0 0 0 0 0 0 0 -111111111 X 0 0} 0 {2 0 X} {-111111111 -111111111}
::rc_st::fg::map_reify_hier_drvr_info {1 . lsu_addr_m 25} {2 -1840559247 -340034827} {{193983 0.0 193392 0.0 167987 0.0 167396 0.0} {194102 0.0 193501 0.0 168106 0.0 167505 0.0} {194328 0.0 193724 0.0 168332 0.0 167728 0.0} {194703 0.0 194163 0.0 168707 0.0 168167 0.0} {195266 0.0 194940 0.0 169270 0.0 168944 0.0} {196284 0.0 196284 0.0 170288 0.0 170288 0.0} {198973 0.0 198973 0.0 172977 0.0 172977 0.0} {204349 0.0 204349 0.0 178353 0.0 178353 0.0}} {1 0 0 0 0 0 0 0 0 4546 4340 13395 12751 39944 39292 119590 118938} {0 0 1.0 5 0.0 1.0 1.0 1.0 1.0 4.6 1.9 2.0 18 18 18 18 1000 1 1 1 0 0 0 0 0 0 0 0 -111111111 X 0 0} 0 {2 0 X} {-111111111 -111111111}
::rc_st::fg::map_reify_hier_drvr_info {1 . lsu_addr_m 26} {2 -1840559247 -340034827} {{190992 0.0 190992 0.0 164996 0.0 164996 0.0} {191112 0.0 191112 0.0 165116 0.0 165116 0.0} {191327 0.0 191327 0.0 165331 0.0 165331 0.0} {191673 0.0 191674 0.0 165677 0.0 165678 0.0} {192183 0.0 192193 0.0 166187 0.0 166197 0.0} {192998 0.0 193044 0.0 167002 0.0 167048 0.0} {194627 0.0 194752 0.0 168631 0.0 168756 0.0} {197887 0.0 199071 0.0 171891 0.0 173075 0.0}} {1 0 0 0 0 0 0 0 0 4041 3731 11885 11575 35419 35109 106018 105708} {0 0 1.0 5 0.0 1.0 1.0 1.0 1.0 4.6 1.9 2.0 39 39 39 39 1000 1 1 1 0 0 0 0 0 0 0 0 -111111111 X 0 0} 0 {2 0 X} {-111111111 -111111111}
::rc_st::fg::map_reify_hier_drvr_info {1 . lsu_addr_m 27} {2 -1840559247 -340034827} {{192318 0.0 192318 0.0 166322 0.0 166322 0.0} {192439 0.0 192439 0.0 166443 0.0 166443 0.0} {192654 0.0 192654 0.0 166658 0.0 166658 0.0} {192999 0.0 193000 0.0 167003 0.0 167004 0.0} {193509 0.0 193519 0.0 167513 0.0 167523 0.0} {194325 0.0 194372 0.0 168329 0.0 168376 0.0} {195957 0.0 196076 0.0 169961 0.0 170080 0.0} {199220 0.0 200323 0.0 173224 0.0 174327 0.0}} {1 0 0 0 0 0 0 0 0 4005 3697 11761 11453 35026 34718 104822 104514} {0 0 1.0 5 0.0 1.0 1.0 1.0 1.0 4.6 1.9 2.0 39 39 39 39 1000 1 1 1 0 0 0 0 0 0 0 0 -111111111 X 0 0} 0 {2 0 X} {-111111111 -111111111}
::rc_st::fg::map_reify_hier_drvr_info {1 . lsu_addr_m 28} {2 -1840559247 -340034827} {{191858 0.0 191858 0.0 165862 0.0 165862 0.0} {191978 0.0 191978 0.0 165982 0.0 165982 0.0} {192193 0.0 192193 0.0 166197 0.0 166197 0.0} {192538 0.0 192539 0.0 166542 0.0 166543 0.0} {193048 0.0 193059 0.0 167052 0.0 167063 0.0} {193864 0.0 193911 0.0 167868 0.0 167915 0.0} {195496 0.0 195615 0.0 169500 0.0 169619 0.0} {198760 0.0 199856 0.0 172764 0.0 173860 0.0}} {1 0 0 0 0 0 0 0 0 4005 3697 11761 11453 35026 34718 104822 104514} {0 0 1.0 5 0.0 1.0 1.0 1.0 1.0 4.6 1.9 2.0 39 39 39 39 1000 1 1 1 0 0 0 0 0 0 0 0 -111111111 X 0 0} 0 {2 0 X} {-111111111 -111111111}
::rc_st::fg::map_reify_hier_drvr_info {1 . lsu_addr_m 29} {2 -1840559247 -340034827} {{181069 0.0 181069 0.0 155073 0.0 155073 0.0} {181189 0.0 181189 0.0 155193 0.0 155193 0.0} {181404 0.0 181404 0.0 155408 0.0 155408 0.0} {181750 0.0 181751 0.0 155754 0.0 155755 0.0} {182259 0.0 182269 0.0 156263 0.0 156273 0.0} {183073 0.0 183116 0.0 157077 0.0 157120 0.0} {184884 0.0 184910 0.0 159080 0.0 159072 0.0} {190073 0.0 190065 0.0 164269 0.0 164261 0.0}} {1 0 0 0 0 0 0 0 0 4105 3791 12116 11802 36151 35837 108255 107941} {0 0 1.0 5 0.0 1.0 1.0 1.0 1.0 4.6 1.9 2.0 39 39 39 39 1000 1 1 1 0 0 0 0 0 0 0 0 -111111111 X 0 0} 0 {2 0 X} {-111111111 -111111111}
::rc_st::fg::map_reify_hier_drvr_info {1 . lsu_addr_r 0} {2 -1840559247 -340034827} {{187804 0.0 187216 0.0 161808 0.0 161220 0.0} {187923 0.0 187325 0.0 161927 0.0 161329 0.0} {188149 0.0 187547 0.0 162153 0.0 161551 0.0} {188523 0.0 187985 0.0 162527 0.0 161989 0.0} {189088 0.0 188765 0.0 163092 0.0 162769 0.0} {190120 0.0 190120 0.0 164124 0.0 164124 0.0} {192829 0.0 192829 0.0 166833 0.0 166833 0.0} {198248 0.0 198248 0.0 172252 0.0 172252 0.0}} {1 0 0 0 0 0 0 0 0 4202 4338 13122 12819 39883 39580 120165 119862} {0 0 1.0 5 0.0 1.0 1.0 1.0 1.0 4.6 1.9 2.0 18 18 18 18 1000 1 1 1 0 0 0 0 0 0 0 0 -111111111 X 0 0} 0 {2 0 X} {-111111111 -111111111}
::rc_st::fg::map_reify_hier_drvr_info {1 . lsu_addr_r 1} {2 -1840559247 -340034827} {{188445 0.0 187857 0.0 162449 0.0 161861 0.0} {188564 0.0 187966 0.0 162568 0.0 161970 0.0} {188790 0.0 188188 0.0 162794 0.0 162192 0.0} {189164 0.0 188626 0.0 163168 0.0 162630 0.0} {189729 0.0 189406 0.0 163733 0.0 163410 0.0} {190760 0.0 190760 0.0 164764 0.0 164764 0.0} {193468 0.0 193468 0.0 167472 0.0 167472 0.0} {198884 0.0 198884 0.0 172888 0.0 172888 0.0}} {1 0 0 0 0 0 0 0 0 4200 4336 13114 12811 39859 39556 120092 119789} {0 0 1.0 5 0.0 1.0 1.0 1.0 1.0 4.6 1.9 2.0 18 18 18 18 1000 1 1 1 0 0 0 0 0 0 0 0 -111111111 X 0 0} 0 {2 0 X} {-111111111 -111111111}
::rc_st::fg::map_reify_hier_drvr_info {1 . lsu_addr_r 2} {2 -1840559247 -340034827} {{191149 0.0 190560 0.0 165153 0.0 164564 0.0} {191268 0.0 190670 0.0 165272 0.0 164674 0.0} {191494 0.0 190892 0.0 165498 0.0 164896 0.0} {191868 0.0 191330 0.0 165872 0.0 165334 0.0} {192433 0.0 192111 0.0 166437 0.0 166115 0.0} {193465 0.0 193465 0.0 167469 0.0 167469 0.0} {196177 0.0 196177 0.0 170181 0.0 170181 0.0} {201599 0.0 201599 0.0 175603 0.0 175603 0.0}} {1 0 0 0 0 0 0 0 0 4404 4382 13324 12861 40085 39622 120367 119904} {0 0 1.0 5 0.0 1.0 1.0 1.0 1.0 4.6 1.9 2.0 18 18 18 18 1000 1 1 1 0 0 0 0 0 0 0 0 -111111111 X 0 0} 0 {2 0 X} {-111111111 -111111111}
::rc_st::fg::map_reify_hier_drvr_info {1 . lsu_addr_r 3} {2 -1840559247 -340034827} {{188452 0.0 190055 0.0 162456 0.0 164059 0.0} {188570 0.0 190162 0.0 162574 0.0 164166 0.0} {188812 0.0 190399 0.0 162816 0.0 164403 0.0} {189252 0.0 190874 0.0 163256 0.0 164878 0.0} {189922 0.0 191651 0.0 163926 0.0 165655 0.0} {191003 0.0 192867 0.0 165007 0.0 166871 0.0} {193161 0.0 195297 0.0 167165 0.0 169301 0.0} {197480 0.0 200159 0.0 171484 0.0 174163 0.0}} {1 0 0 0 0 0 0 0 0 2934 2985 8485 8255 25139 24062 75102 71486} {0 0 1.0 5 0.0 1.0 1.0 1.0 1.0 4.6 1.9 2.0 30 30 30 30 1000 1 1 1 0 0 0 0 0 0 0 0 -111111111 X 0 0} 0 {2 0 X} {-111111111 -111111111}
::rc_st::fg::map_reify_hier_drvr_info {1 . lsu_addr_r 4} {2 -1840559247 -340034827} {{188384 0.0 187951 0.0 162388 0.0 161955 0.0} {188489 0.0 188033 0.0 162493 0.0 162037 0.0} {188657 0.0 188192 0.0 162661 0.0 162196 0.0} {188936 0.0 188504 0.0 162940 0.0 162508 0.0} {189337 0.0 189118 0.0 163341 0.0 163122 0.0} {189979 0.0 190322 0.0 163983 0.0 164326 0.0} {191264 0.0 192729 0.0 165268 0.0 166733 0.0} {193833 0.0 197572 0.0 167837 0.0 171576 0.0}} {1 0 0 0 0 0 0 0 0 2880 3024 8622 9153 25849 27538 77527 82694} {0 0 1.0 5 0.0 1.0 1.0 1.0 1.0 4.6 1.9 2.0 58 58 89 88 2000 1 2 2 0 0 0 0 0 0 0 0 -111111111 X 0 0} 0 {2 0 X} {-111111111 -111111111}
::rc_st::fg::map_reify_hier_drvr_info {1 . lsu_addr_r 5} {2 -1840559247 -340034827} {{188733 0.0 190177 0.0 162737 0.0 164181 0.0} {188852 0.0 190284 0.0 162856 0.0 164288 0.0} {189093 0.0 190521 0.0 163097 0.0 164525 0.0} {189531 0.0 190996 0.0 163535 0.0 165000 0.0} {190198 0.0 191773 0.0 164202 0.0 165777 0.0} {191272 0.0 192989 0.0 165276 0.0 166993 0.0} {193421 0.0 195419 0.0 167425 0.0 169423 0.0} {197718 0.0 200281 0.0 171722 0.0 174285 0.0}} {1 0 0 0 0 0 0 0 0 2919 2985 8441 8255 25006 24062 74702 71486} {0 0 1.0 5 0.0 1.0 1.0 1.0 1.0 4.6 1.9 2.0 30 30 30 30 1000 1 1 1 0 0 0 0 0 0 0 0 -111111111 X 0 0} 0 {2 0 X} {-111111111 -111111111}
::rc_st::fg::map_reify_hier_drvr_info {1 . lsu_addr_r 6} {2 -1840559247 -340034827} {{188476 0.0 190244 0.0 162480 0.0 164248 0.0} {188582 0.0 190347 0.0 162586 0.0 164351 0.0} {188799 0.0 190540 0.0 162803 0.0 164544 0.0} {189239 0.0 190853 0.0 163243 0.0 164857 0.0} {189990 0.0 191257 0.0 163994 0.0 165261 0.0} {191199 0.0 191838 0.0 165203 0.0 165842 0.0} {193619 0.0 193001 0.0 167623 0.0 167005 0.0} {198457 0.0 195328 0.0 172461 0.0 169332 0.0}} {1 0 0 0 0 0 0 0 0 3271 2807 9649 8111 28783 24023 86184 71758} {0 0 1.0 5 0.0 1.0 1.0 1.0 1.0 4.6 1.9 2.0 58 58 89 89 2000 1 2 2 0 0 0 0 0 0 0 0 -111111111 X 0 0} 0 {2 0 X} {-111111111 -111111111}
::rc_st::fg::map_reify_hier_drvr_info {1 . lsu_addr_r 7} {2 -1840559247 -340034827} {{188630 0.0 190400 0.0 162634 0.0 164404 0.0} {188738 0.0 190503 0.0 162742 0.0 164507 0.0} {188930 0.0 190697 0.0 162934 0.0 164701 0.0} {189290 0.0 191010 0.0 163294 0.0 165014 0.0} {189917 0.0 191413 0.0 163921 0.0 165417 0.0} {191002 0.0 191995 0.0 165006 0.0 165999 0.0} {193201 0.0 193158 0.0 167205 0.0 167162 0.0} {197661 0.0 195485 0.0 171665 0.0 169584 0.0}} {1 0 0 0 0 0 0 0 0 3012 3478 9054 10372 27183 31052 81568 93093} {0 0 1.0 5 0.0 1.0 1.0 1.0 1.0 4.6 1.9 2.0 58 58 89 88 2000 1 2 2 0 0 0 0 0 0 0 0 -111111111 X 0 0} 0 {2 0 X} {-111111111 -111111111}
::rc_st::fg::map_reify_hier_drvr_info {1 . lsu_addr_r 8} {2 -1840559247 -340034827} {{191585 0.0 190997 0.0 165589 0.0 165001 0.0} {191704 0.0 191106 0.0 165708 0.0 165110 0.0} {191930 0.0 191328 0.0 165934 0.0 165332 0.0} {192304 0.0 191766 0.0 166308 0.0 165770 0.0} {192869 0.0 192546 0.0 166873 0.0 166550 0.0} {193900 0.0 193900 0.0 167904 0.0 167904 0.0} {196608 0.0 196608 0.0 170612 0.0 170612 0.0} {202024 0.0 202024 0.0 176028 0.0 176028 0.0}} {1 0 0 0 0 0 0 0 0 4402 4379 13316 12853 40061 39598 120294 119831} {0 0 1.0 5 0.0 1.0 1.0 1.0 1.0 4.6 1.9 2.0 18 18 18 18 1000 1 1 1 0 0 0 0 0 0 0 0 -111111111 X 0 0} 0 {2 0 X} {-111111111 -111111111}
::rc_st::fg::map_reify_hier_drvr_info {1 . lsu_addr_r 9} {2 -1840559247 -340034827} {{191980 0.0 191392 0.0 165984 0.0 165396 0.0} {192099 0.0 191501 0.0 166103 0.0 165505 0.0} {192325 0.0 191723 0.0 166329 0.0 165727 0.0} {192699 0.0 192161 0.0 166703 0.0 166165 0.0} {193264 0.0 192941 0.0 167268 0.0 166945 0.0} {194295 0.0 194295 0.0 168299 0.0 168299 0.0} {197003 0.0 197003 0.0 171007 0.0 171007 0.0} {202419 0.0 202419 0.0 176423 0.0 176423 0.0}} {1 0 0 0 0 0 0 0 0 4402 4379 13316 12853 40061 39598 120294 119831} {0 0 1.0 5 0.0 1.0 1.0 1.0 1.0 4.6 1.9 2.0 18 18 18 18 1000 1 1 1 0 0 0 0 0 0 0 0 -111111111 X 0 0} 0 {2 0 X} {-111111111 -111111111}
::rc_st::fg::map_reify_hier_drvr_info {1 . lsu_addr_r 10} {2 -1840559247 -340034827} {{187989 0.0 187988 0.0 161993 0.0 161992 0.0} {188108 0.0 188108 0.0 162112 0.0 162112 0.0} {188323 0.0 188323 0.0 162327 0.0 162327 0.0} {188669 0.0 188670 0.0 162673 0.0 162674 0.0} {189179 0.0 189189 0.0 163183 0.0 163193 0.0} {189994 0.0 190040 0.0 163998 0.0 164044 0.0} {191623 0.0 191748 0.0 165627 0.0 165752 0.0} {194883 0.0 196067 0.0 168887 0.0 170071 0.0}} {1 0 0 0 0 0 0 0 0 3976 3739 11820 11583 35354 35117 105953 105716} {0 0 1.0 5 0.0 1.0 1.0 1.0 1.0 4.6 1.9 2.0 39 39 39 39 1000 1 1 1 0 0 0 0 0 0 0 0 -111111111 X 0 0} 0 {2 0 X} {-111111111 -111111111}
::rc_st::fg::map_reify_hier_drvr_info {1 . lsu_addr_r 11} {2 -1840559247 -340034827} {{188383 0.0 188382 0.0 162387 0.0 162386 0.0} {188502 0.0 188502 0.0 162506 0.0 162506 0.0} {188717 0.0 188717 0.0 162721 0.0 162721 0.0} {189063 0.0 189064 0.0 163067 0.0 163068 0.0} {189573 0.0 189583 0.0 163577 0.0 163587 0.0} {190388 0.0 190434 0.0 164392 0.0 164438 0.0} {192017 0.0 192142 0.0 166021 0.0 166146 0.0} {195277 0.0 196461 0.0 169281 0.0 170465 0.0}} {1 0 0 0 0 0 0 0 0 3976 3739 11820 11583 35354 35117 105953 105716} {0 0 1.0 5 0.0 1.0 1.0 1.0 1.0 4.6 1.9 2.0 39 39 39 39 1000 1 1 1 0 0 0 0 0 0 0 0 -111111111 X 0 0} 0 {2 0 X} {-111111111 -111111111}
::rc_st::fg::map_reify_hier_drvr_info {1 . lsu_addr_r 12} {2 -1840559247 -340034827} {{187348 0.0 187348 0.0 161352 0.0 161352 0.0} {187468 0.0 187467 0.0 161472 0.0 161471 0.0} {187682 0.0 187682 0.0 161686 0.0 161686 0.0} {188028 0.0 188029 0.0 162032 0.0 162033 0.0} {188537 0.0 188547 0.0 162541 0.0 162551 0.0} {189352 0.0 189399 0.0 163356 0.0 163403 0.0} {190982 0.0 191110 0.0 164986 0.0 165114 0.0} {194241 0.0 195433 0.0 168245 0.0 169437 0.0}} {1 0 0 0 0 0 0 0 0 3979 3742 11830 11593 35384 35147 106046 105809} {0 0 1.0 5 0.0 1.0 1.0 1.0 1.0 4.6 1.9 2.0 39 39 39 39 1000 1 1 1 0 0 0 0 0 0 0 0 -111111111 X 0 0} 0 {2 0 X} {-111111111 -111111111}
::rc_st::fg::map_reify_hier_drvr_info {1 . lsu_addr_r 13} {2 -1840559247 -340034827} {{188562 0.0 188561 0.0 162566 0.0 162565 0.0} {188681 0.0 188681 0.0 162685 0.0 162685 0.0} {188896 0.0 188896 0.0 162900 0.0 162900 0.0} {189242 0.0 189243 0.0 163246 0.0 163247 0.0} {189752 0.0 189762 0.0 163756 0.0 163766 0.0} {190567 0.0 190613 0.0 164571 0.0 164617 0.0} {192196 0.0 192321 0.0 166200 0.0 166325 0.0} {195456 0.0 196640 0.0 169460 0.0 170644 0.0}} {1 0 0 0 0 0 0 0 0 3974 3737 11811 11574 35324 35087 105862 105625} {0 0 1.0 5 0.0 1.0 1.0 1.0 1.0 4.6 1.9 2.0 39 39 39 39 1000 1 1 1 0 0 0 0 0 0 0 0 -111111111 X 0 0} 0 {2 0 X} {-111111111 -111111111}
::rc_st::fg::map_reify_hier_drvr_info {1 . lsu_addr_r 14} {2 -1840559247 -340034827} {{191759 0.0 191171 0.0 165763 0.0 165175 0.0} {191878 0.0 191280 0.0 165882 0.0 165284 0.0} {192104 0.0 191502 0.0 166108 0.0 165506 0.0} {192478 0.0 191940 0.0 166482 0.0 165944 0.0} {193043 0.0 192720 0.0 167047 0.0 166724 0.0} {194074 0.0 194074 0.0 168078 0.0 168078 0.0} {196782 0.0 196782 0.0 170786 0.0 170786 0.0} {202198 0.0 202198 0.0 176202 0.0 176202 0.0}} {1 0 0 0 0 0 0 0 0 4369 4378 13283 12852 40028 39597 120261 119830} {0 0 1.0 5 0.0 1.0 1.0 1.0 1.0 4.6 1.9 2.0 18 18 18 18 1000 1 1 1 0 0 0 0 0 0 0 0 -111111111 X 0 0} 0 {2 0 X} {-111111111 -111111111}
::rc_st::fg::map_reify_hier_drvr_info {1 . lsu_addr_r 15} {2 -1840559247 -340034827} {{191937 0.0 191349 0.0 165941 0.0 165353 0.0} {192056 0.0 191458 0.0 166060 0.0 165462 0.0} {192282 0.0 191680 0.0 166286 0.0 165684 0.0} {192656 0.0 192118 0.0 166660 0.0 166122 0.0} {193221 0.0 192898 0.0 167225 0.0 166902 0.0} {194252 0.0 194252 0.0 168256 0.0 168256 0.0} {196960 0.0 196960 0.0 170964 0.0 170964 0.0} {202376 0.0 202376 0.0 176380 0.0 176380 0.0}} {1 0 0 0 0 0 0 0 0 4367 4378 13276 12845 40005 39574 120189 119758} {0 0 1.0 5 0.0 1.0 1.0 1.0 1.0 4.6 1.9 2.0 18 18 18 18 1000 1 1 1 0 0 0 0 0 0 0 0 -111111111 X 0 0} 0 {2 0 X} {-111111111 -111111111}
::rc_st::fg::map_reify_hier_drvr_info {1 . lsu_addr_r 16} {2 -1840559247 -340034827} {{190721 0.0 190133 0.0 164725 0.0 164137 0.0} {190840 0.0 190242 0.0 164844 0.0 164246 0.0} {191066 0.0 190464 0.0 165070 0.0 164468 0.0} {191440 0.0 190902 0.0 165444 0.0 164906 0.0} {192005 0.0 191682 0.0 166009 0.0 165686 0.0} {193037 0.0 193037 0.0 167041 0.0 167041 0.0} {195746 0.0 195746 0.0 169750 0.0 169750 0.0} {201165 0.0 201165 0.0 175169 0.0 175169 0.0}} {1 0 0 0 0 0 0 0 0 4202 4338 13122 12819 39883 39580 120165 119862} {0 0 1.0 5 0.0 1.0 1.0 1.0 1.0 4.6 1.9 2.0 18 18 18 18 1000 1 1 1 0 0 0 0 0 0 0 0 -111111111 X 0 0} 0 {2 0 X} {-111111111 -111111111}
::rc_st::fg::map_reify_hier_drvr_info {1 . lsu_addr_r 17} {2 -1840559247 -340034827} {{188840 0.0 188252 0.0 162844 0.0 162256 0.0} {188959 0.0 188361 0.0 162963 0.0 162365 0.0} {189185 0.0 188583 0.0 163189 0.0 162587 0.0} {189559 0.0 189021 0.0 163563 0.0 163025 0.0} {190124 0.0 189801 0.0 164128 0.0 163805 0.0} {191155 0.0 191155 0.0 165159 0.0 165159 0.0} {193863 0.0 193863 0.0 167867 0.0 167867 0.0} {199279 0.0 199279 0.0 173283 0.0 173283 0.0}} {1 0 0 0 0 0 0 0 0 4200 4336 13114 12811 39859 39556 120092 119789} {0 0 1.0 5 0.0 1.0 1.0 1.0 1.0 4.6 1.9 2.0 18 18 18 18 1000 1 1 1 0 0 0 0 0 0 0 0 -111111111 X 0 0} 0 {2 0 X} {-111111111 -111111111}
::rc_st::fg::map_reify_hier_drvr_info {1 . lsu_addr_r 18} {2 -1840559247 -340034827} {{192884 0.0 192293 0.0 166888 0.0 166297 0.0} {193003 0.0 192402 0.0 167007 0.0 166406 0.0} {193229 0.0 192625 0.0 167233 0.0 166629 0.0} {193604 0.0 193064 0.0 167608 0.0 167068 0.0} {194167 0.0 193841 0.0 168171 0.0 167845 0.0} {195185 0.0 195185 0.0 169189 0.0 169189 0.0} {197874 0.0 197874 0.0 171878 0.0 171878 0.0} {203250 0.0 203250 0.0 177254 0.0 177254 0.0}} {1 0 0 0 0 0 0 0 0 4345 4358 13194 12769 39743 39310 119389 118956} {0 0 1.0 5 0.0 1.0 1.0 1.0 1.0 4.6 1.9 2.0 18 18 18 18 1000 1 1 1 0 0 0 0 0 0 0 0 -111111111 X 0 0} 0 {2 0 X} {-111111111 -111111111}
::rc_st::fg::map_reify_hier_drvr_info {1 . lsu_addr_r 19} {2 -1840559247 -340034827} {{188859 0.0 188271 0.0 162863 0.0 162275 0.0} {188978 0.0 188380 0.0 162982 0.0 162384 0.0} {189204 0.0 188602 0.0 163208 0.0 162606 0.0} {189578 0.0 189040 0.0 163582 0.0 163044 0.0} {190143 0.0 189820 0.0 164147 0.0 163824 0.0} {191174 0.0 191174 0.0 165178 0.0 165178 0.0} {193882 0.0 193882 0.0 167886 0.0 167886 0.0} {199298 0.0 199298 0.0 173302 0.0 173302 0.0}} {1 0 0 0 0 0 0 0 0 4369 4378 13283 12852 40028 39597 120261 119830} {0 0 1.0 5 0.0 1.0 1.0 1.0 1.0 4.6 1.9 2.0 18 18 18 18 1000 1 1 1 0 0 0 0 0 0 0 0 -111111111 X 0 0} 0 {2 0 X} {-111111111 -111111111}
::rc_st::fg::map_reify_hier_drvr_info {1 . lsu_addr_r 20} {2 -1840559247 -340034827} {{189037 0.0 188449 0.0 163041 0.0 162453 0.0} {189156 0.0 188558 0.0 163160 0.0 162562 0.0} {189382 0.0 188780 0.0 163386 0.0 162784 0.0} {189756 0.0 189218 0.0 163760 0.0 163222 0.0} {190321 0.0 189998 0.0 164325 0.0 164002 0.0} {191352 0.0 191352 0.0 165356 0.0 165356 0.0} {194060 0.0 194060 0.0 168064 0.0 168064 0.0} {199476 0.0 199476 0.0 173480 0.0 173480 0.0}} {1 0 0 0 0 0 0 0 0 4367 4378 13276 12845 40005 39574 120189 119758} {0 0 1.0 5 0.0 1.0 1.0 1.0 1.0 4.6 1.9 2.0 18 18 18 18 1000 1 1 1 0 0 0 0 0 0 0 0 -111111111 X 0 0} 0 {2 0 X} {-111111111 -111111111}
::rc_st::fg::map_reify_hier_drvr_info {1 . lsu_addr_r 21} {2 -1840559247 -340034827} {{189018 0.0 188430 0.0 163022 0.0 162434 0.0} {189137 0.0 188539 0.0 163141 0.0 162543 0.0} {189363 0.0 188761 0.0 163367 0.0 162765 0.0} {189737 0.0 189199 0.0 163741 0.0 163203 0.0} {190302 0.0 189979 0.0 164306 0.0 163983 0.0} {191333 0.0 191333 0.0 165337 0.0 165337 0.0} {194041 0.0 194041 0.0 168045 0.0 168045 0.0} {199457 0.0 199457 0.0 173461 0.0 173461 0.0}} {1 0 0 0 0 0 0 0 0 4367 4378 13276 12845 40005 39574 120189 119758} {0 0 1.0 5 0.0 1.0 1.0 1.0 1.0 4.6 1.9 2.0 18 18 18 18 1000 1 1 1 0 0 0 0 0 0 0 0 -111111111 X 0 0} 0 {2 0 X} {-111111111 -111111111}
::rc_st::fg::map_reify_hier_drvr_info {1 . lsu_addr_r 22} {2 -1840559247 -340034827} {{193421 0.0 193421 0.0 167425 0.0 167425 0.0} {193541 0.0 193541 0.0 167545 0.0 167545 0.0} {193757 0.0 193757 0.0 167761 0.0 167761 0.0} {194102 0.0 194103 0.0 168106 0.0 168107 0.0} {194611 0.0 194621 0.0 168615 0.0 168625 0.0} {195427 0.0 195474 0.0 169431 0.0 169478 0.0} {197059 0.0 197178 0.0 171063 0.0 171182 0.0} {200322 0.0 201432 0.0 174326 0.0 175436 0.0}} {1 0 0 0 0 0 0 0 0 3950 3714 11725 11489 35052 34816 105034 104798} {0 0 1.0 5 0.0 1.0 1.0 1.0 1.0 4.6 1.9 2.0 39 39 39 39 1000 1 1 1 0 0 0 0 0 0 0 0 -111111111 X 0 0} 0 {2 0 X} {-111111111 -111111111}
::rc_st::fg::map_reify_hier_drvr_info {1 . lsu_addr_r 23} {2 -1840559247 -340034827} {{192259 0.0 192259 0.0 166263 0.0 166263 0.0} {192379 0.0 192379 0.0 166383 0.0 166383 0.0} {192594 0.0 192594 0.0 166598 0.0 166598 0.0} {192939 0.0 192940 0.0 166943 0.0 166944 0.0} {193449 0.0 193460 0.0 167453 0.0 167464 0.0} {194265 0.0 194312 0.0 168269 0.0 168316 0.0} {195897 0.0 196016 0.0 169901 0.0 170020 0.0} {199161 0.0 200257 0.0 173165 0.0 174261 0.0}} {1 0 0 0 0 0 0 0 0 3947 3711 11715 11479 35022 34786 104941 104705} {0 0 1.0 5 0.0 1.0 1.0 1.0 1.0 4.6 1.9 2.0 39 39 39 39 1000 1 1 1 0 0 0 0 0 0 0 0 -111111111 X 0 0} 0 {2 0 X} {-111111111 -111111111}
::rc_st::fg::map_reify_hier_drvr_info {1 . lsu_addr_r 24} {2 -1840559247 -340034827} {{192963 0.0 192963 0.0 166967 0.0 166967 0.0} {193083 0.0 193083 0.0 167087 0.0 167087 0.0} {193298 0.0 193298 0.0 167302 0.0 167302 0.0} {193644 0.0 193645 0.0 167648 0.0 167649 0.0} {194153 0.0 194163 0.0 168157 0.0 168167 0.0} {194969 0.0 195016 0.0 168973 0.0 169020 0.0} {196602 0.0 196721 0.0 170606 0.0 170725 0.0} {199866 0.0 200955 0.0 173870 0.0 174959 0.0}} {1 0 0 0 0 0 0 0 0 3941 3705 11697 11461 34962 34726 104758 104522} {0 0 1.0 5 0.0 1.0 1.0 1.0 1.0 4.6 1.9 2.0 39 39 39 39 1000 1 1 1 0 0 0 0 0 0 0 0 -111111111 X 0 0} 0 {2 0 X} {-111111111 -111111111}
::rc_st::fg::map_reify_hier_drvr_info {1 . lsu_addr_r 25} {2 -1840559247 -340034827} {{193610 0.0 193610 0.0 167614 0.0 167614 0.0} {193731 0.0 193731 0.0 167735 0.0 167735 0.0} {193946 0.0 193946 0.0 167950 0.0 167950 0.0} {194291 0.0 194292 0.0 168295 0.0 168296 0.0} {194801 0.0 194811 0.0 168805 0.0 168815 0.0} {195617 0.0 195664 0.0 169621 0.0 169668 0.0} {197249 0.0 197368 0.0 171253 0.0 171372 0.0} {200512 0.0 201615 0.0 174516 0.0 175619 0.0}} {1 0 0 0 0 0 0 0 0 3943 3708 11705 11470 34991 34756 104849 104614} {0 0 1.0 5 0.0 1.0 1.0 1.0 1.0 4.6 1.9 2.0 39 39 39 39 1000 1 1 1 0 0 0 0 0 0 0 0 -111111111 X 0 0} 0 {2 0 X} {-111111111 -111111111}
::rc_st::fg::map_reify_hier_drvr_info {1 . lsu_addr_r 26} {2 -1840559247 -340034827} {{191364 0.0 190776 0.0 165368 0.0 164780 0.0} {191483 0.0 190885 0.0 165487 0.0 164889 0.0} {191709 0.0 191107 0.0 165713 0.0 165111 0.0} {192083 0.0 191545 0.0 166087 0.0 165549 0.0} {192648 0.0 192325 0.0 166652 0.0 166329 0.0} {193679 0.0 193679 0.0 167683 0.0 167683 0.0} {196387 0.0 196387 0.0 170391 0.0 170391 0.0} {201803 0.0 201803 0.0 175807 0.0 175807 0.0}} {1 0 0 0 0 0 0 0 0 4200 4336 13114 12811 39859 39556 120092 119789} {0 0 1.0 5 0.0 1.0 1.0 1.0 1.0 4.6 1.9 2.0 18 18 18 18 1000 1 1 1 0 0 0 0 0 0 0 0 -111111111 X 0 0} 0 {2 0 X} {-111111111 -111111111}
::rc_st::fg::map_reify_hier_drvr_info {1 . lsu_addr_r 27} {2 -1840559247 -340034827} {{192691 0.0 192100 0.0 166695 0.0 166104 0.0} {192810 0.0 192209 0.0 166814 0.0 166213 0.0} {193036 0.0 192432 0.0 167040 0.0 166436 0.0} {193410 0.0 192871 0.0 167414 0.0 166875 0.0} {193974 0.0 193648 0.0 167978 0.0 167652 0.0} {194992 0.0 194992 0.0 168996 0.0 168996 0.0} {197680 0.0 197681 0.0 171684 0.0 171685 0.0} {203056 0.0 203057 0.0 177060 0.0 177061 0.0}} {1 0 0 0 0 0 0 0 0 4173 4316 13017 12727 39550 39245 119147 118842} {0 0 1.0 5 0.0 1.0 1.0 1.0 1.0 4.6 1.9 2.0 18 18 18 18 1000 1 1 1 0 0 0 0 0 0 0 0 -111111111 X 0 0} 0 {2 0 X} {-111111111 -111111111}
::rc_st::fg::map_reify_hier_drvr_info {1 . lsu_addr_r 28} {2 -1840559247 -340034827} {{192230 0.0 191639 0.0 166234 0.0 165643 0.0} {192349 0.0 191749 0.0 166353 0.0 165753 0.0} {192575 0.0 191971 0.0 166579 0.0 165975 0.0} {192949 0.0 192410 0.0 166953 0.0 166414 0.0} {193513 0.0 193187 0.0 167517 0.0 167191 0.0} {194530 0.0 194530 0.0 168534 0.0 168534 0.0} {197216 0.0 197216 0.0 171220 0.0 171220 0.0} {202590 0.0 202590 0.0 176594 0.0 176594 0.0}} {1 0 0 0 0 0 0 0 0 4173 4314 13017 12721 39550 39245 119147 118842} {0 0 1.0 5 0.0 1.0 1.0 1.0 1.0 4.6 1.9 2.0 18 18 18 18 1000 1 1 1 0 0 0 0 0 0 0 0 -111111111 X 0 0} 0 {2 0 X} {-111111111 -111111111}
::rc_st::fg::map_reify_hier_drvr_info {1 . lsu_addr_r 29} {2 -1840559247 -340034827} {{181441 0.0 180859 0.0 155445 0.0 154863 0.0} {181560 0.0 180969 0.0 155564 0.0 154973 0.0} {181786 0.0 181191 0.0 155790 0.0 155195 0.0} {182160 0.0 181630 0.0 156164 0.0 155634 0.0} {182725 0.0 182414 0.0 156729 0.0 156418 0.0} {183789 0.0 183790 0.0 157793 0.0 157794 0.0} {186541 0.0 186541 0.0 160545 0.0 160545 0.0} {192043 0.0 192044 0.0 166047 0.0 166048 0.0}} {1 0 0 0 0 0 0 0 0 4247 4387 13288 12990 40412 40114 121784 121486} {0 0 1.0 5 0.0 1.0 1.0 1.0 1.0 4.6 1.9 2.0 18 18 18 18 1000 1 1 1 0 0 0 0 0 0 0 0 -111111111 X 0 0} 0 {2 0 X} {-111111111 -111111111}
::rc_st::fg::map_reify_hier_drvr_info {1 . ldst_dual_r 0} {1 -340034827} {{98992 0.0 102917 0.0} {99112 0.0 103005 0.0} {99362 0.0 103162 0.0} {99830 0.0 103447 0.0} {100552 0.0 103963 0.0} {101717 0.0 104906 0.0} {104048 0.0 106793 0.0} {108710 0.0 110566 0.0}} {1 0 0 0 0 0 0 0 0 3217 2398 9392 7106 27916 21233 83488 63611} {0 0 1.0 5 0.0 1.0 1.0 1.0 1.0 4.6 1.9 2.0 110 111 140 141 2000 1 2 2 0 0 0 0 0 0 0 0 -111111111 X 0 0} 0 {2 0 X} {-111111111 -111111111}
::rc_st::fg::map_reify_hier_drvr_info {1 . bus_buffer_lsu_busreq_r 0} {2 -1840559247 -340034827} {{178689 0.0 177768 0.0 152693 0.0 152245 0.0} {178786 0.0 177875 0.0 152790 0.0 152352 0.0} {178967 0.0 178104 0.0 152971 0.0 152581 0.0} {179320 0.0 178584 0.0 153324 0.0 153061 0.0} {179933 0.0 179371 0.0 153937 0.0 153848 0.0} {180997 0.0 180615 0.0 155001 0.0 155092 0.0} {183123 0.0 183102 0.0 157127 0.0 157579 0.0} {187375 0.0 188076 0.0 161379 0.0 162553 0.0}} {1 0 0 0 0 0 0 0 0 2808 2951 8594 8466 25952 25011 78026 74646} {0 0 1.0 5 0.0 1.0 1.0 1.0 1.0 4.6 1.9 2.0 57 56 57 56 1000 1 1 1 0 0 0 0 0 0 0 0 -111111111 X 0 0} 0 {2 0 X} {-111111111 -111111111}
::rc_st::fg::map_slackq_result default {}
::rc_st::fg::map_slackq_result clk {{1 . lsu_addr_r 8} 0 {1 . lsu_addr_r 0} 0 {1 . lsu_addr_r 1} 0 {1 . lsu_addr_r 17} 0 {1 . lsu_addr_r 29} 0 {1 . lsu_addr_r 28} 0 {1 . ldst_dual_r 0} 0 {1 . lsu_addr_m 21} 0 {1 . lsu_addr_m 27} 0 {1 . lsu_addr_r 7} 0 {1 . lsu_addr_m 4} 0 {1 . lsu_addr_r 11} 0 {1 . lsu_addr_r 23} 0 {1 . lsu_addr_m 9} 0 {1 . lsu_addr_m 26} 0 {1 . lsu_addr_m 17} 0 {1 . lsu_addr_r 2} 0 {1 . bus_buffer_lsu_busreq_r 0} 0 {1 . lsu_addr_r 9} 0 {1 . lsu_addr_m 14} 0 {1 . lsu_addr_r 22} 0 {1 . lsu_addr_m 15} 0 {1 . lsu_addr_m 22} 0 {1 . lsu_addr_m 28} 0 {1 . lsu_addr_r 14} 0 {1 . lsu_addr_r 24} 0 {1 . lsu_addr_r 5} 0 {1 . lsu_addr_r 19} 0 {1 . lsu_addr_m 13} 0 {1 . lsu_addr_r 12} 0 {1 . lsu_addr_m 1} 0 {1 . lsu_addr_m 3} 0 {1 . lsu_addr_r 18} 0 {1 . lsu_addr_m 23} 0 {1 . lsu_addr_m 19} 0 {1 . lsu_addr_r 26} 0 {1 . {lsu_pkt_m[load]} 0} 0 {1 . lsu_addr_m 7} 0 {1 . lsu_addr_r 16} 0 {1 . lsu_addr_r 3} 0 {1 . lsu_addr_r 10} 0 {1 . lsu_addr_m 25} 0 {1 . lsu_addr_r 4} 0 {1 . lsu_addr_m 12} 0 {1 . lsu_addr_m 18} 0 {1 . lsu_addr_r 20} 0 {1 . lsu_addr_r 15} 0 {1 . lsu_addr_m 6} 0 {1 . lsu_addr_m 16} 0 {1 . lsu_busreq_m 0} 0 {1 . lsu_addr_r 25} 0 {1 . lsu_addr_r 27} 0 {1 . lsu_addr_m 5} 0 {1 . lsu_addr_m 29} 0 {1 . lsu_addr_m 8} 0 {1 . lsu_addr_m 20} 0 {1 . lsu_addr_m 11} 0 {1 . lsu_addr_m 2} 0 {1 . lsu_addr_r 6} 0 {1 . lsu_addr_r 21} 0 {1 . lsu_addr_r 13} 0 {1 . lsu_addr_m 0} 0 {1 . lsu_addr_m 10} 0 {1 . lsu_addr_m 24} 0}
::rc_st::fg::map_complete
