read_db -super_threading -from_tcl {4Aw+EkMzfnx0GZyriMHMHDhq2ZQ9klXjdPeyrkI6r8GfUK3kw1d9HF/EvOODcBTAXN/Ko7625VN7 qC1V3sqHXRSExJcSvzvpn63G4f00fbKUVXZ1NGCO2/Vj24fX+TERnz1pz910/a/xyTygESIOky6u 7xbSXLSrczxXYdXd9Je+epI+Qo8zChL49UDbD9o8BHfxoqCV0K3ck0Bc45EhJKcrLNpA5z/ny1lz bGon4tT3Ryl+BkAVw2iOc+TcSIiA/i6fff6LwGhZ3ArKx7R0L7f5vpX/uO1DHPEqK6bkzJLDw6fC s3jbst519CayNp8A1mkGv0+2cim9b8933xAVXNvQHcJniYBOE05BUwSQsQ6im9HdGKrr86OTGrcA YFfgo2E+QnyXgrKd/2Arp8A3YuB2og+mFXd2u98i6MWQJVd5Zp9fpFsOfsWZvdvdlKR9frWl46yS Pj8TFG7FYKsOMT0Xc4tjsQ/FVESuyRnTrdH4W0VzjjU4s3ExBuTPQv8s/bbdTlwIYo+hqTUK9Rkj ilTz4sDQvZes76jT0Qis7yeTU07MNajqXfOT/58S0xwUdYTBOCKo/RhN76YxZ70w2ViPvlJhlRbV jh/HG0gSvtXsVQtVbCGj8OuhGnRfoYV0N0f9pi3dV5wC/ZQcNKtOUTwzWMYfs5gFYjpVYxSA4cjC Dyjizvhjwzbb36TrYnGAMg/qO53pqd45qSQIC9PS/X5EHEzU2udX1Z9xrVYftNMHW+OiEXC88/5w G6BBIw6qQI1S7lUwKs/ek1U+BhGW5UThNck3runZGxl50q/l5+2kfA3xIbZQhqvK9i7zQXRn+cs6 OrXjeBtlM1c0Zw5HJAm3aeOfHrrA8pVpvTl0K4gnghBA7b+YNk3T0jarHPNFLSjObrwu442M8RLp cx8DDlKKC9XoUjAk05XndYyQJXLNLv5ugCqm7iPQ6X2+S4pxGtSxh3NnxwbfAKXmcz8DR7WS3Wz6 PlYIqb8dEsyxKMZ4dnJMZPX2EMeux3mGWH5yIOG9G6tiHhKaQkq1mck+W/PuRvay9I5kT7hxRKY6 Gz4hvKEsLue3REKjbguFzVWJ1v7Q7uSI6cuavchiTfP8GAjJIz7+4cH85Fh4QRnb9G7Z4eoxHcJI hZDbN7jZ/xZDdn/9mAXOtiWfMPvGuMFEx5DSVC4BDJqHh4SDjKhn1PFEuJkfeusaIEafXUQBh9Pd vh2YsEzchuZGnnR5qr7UbUEH9z0ATruZajANm8jKt/OwzKTq4A07lw2hJ5g9VUT5PxCl7nByhdFl x2wb9OHyRgL2hE12TWiMtgve5WXaoQSYkubA8RDhntpackYgfdOeSjDBgi4PJspHQED7FBsIdbhK Lfg6rMtkJo4ymKwjDCvm3DxivtSHPjajKIybQ0eFYy0sbe5DImrFzEM78L8o3Krh3YM4q5pCbHpS pdDjiYIAXwCGw17cs4nsW+ZrJAAK7hBmdHo0R5j0+yghYZAQSE84iuH2Ld7rkM68zVElRdTeRdRw zuLcn5QQCbCBK8vJsA2g6vGjV88o+iSc2ia46nr++E23f9BEyQER+k66gahfnSIX8ouyy31Q6RHh foAvUIfcrwKEG9+fHqosRjau32kzs6/57ZxZLmmw8nlnR89rK2sicpgdH9ODgxuVy/M0IgNRdYwq RloVkeTMujw6bxRQcmmMgrUY2bOrh52cP7nu7ikYev3aEKvtXFNza/CT05RHtNDylmHMPEC6Cjwd YgdWhQ77V31KlwO/1ml+2gBWgfq+rXKwT5NM3xjHpqYIXAhLJuCx8HYLWBxF62DHo4KFduT0HOTK 3n1ZveJXdq3r/fYQn1jUzvN2tjWbRlvz6fcjprN1+Rp0kXtnjQgUxhkTaAweK8RXgSVWl2mZsBmq v4VeaEcEp/VnRxutufk6Nb4HF/c6hpaxueymaB8NHiTeYgzpBZDFGSVoNjR8j79BR9ukeqls1jx/ DQ3vpLOtdL+30FuLFS5QUI4582cWQDjZKWv/gLjH/BFuMQBbQLXRtCvHDdLmyKIg7gs7jHes5rKB giKALetULHs8MDTeegvc60J0tJJmyBLx6Dz71jnbvNYgB2Qdw/haXo27IXUsQVCBdXpXTZuKQ4eA HIU0T02UkcbjC159ktlrXDR5Whf8tlob0k+HG/SpwpqBNwwg7BNXWf3c+uAIT/Gj3r7ZHXqDihrn EAERCCPGfJVdxmnFcahVuKZ9VZ5WUHBznMdhp031LJVI50C85D2diAlJPVWs7YU5mDIenUW3Z8yM VIspbTiLTPLXcA4RAkFgvQhaL+5wz3ipMqbQ6yxsgt6n5a0V8n9KyHEPY+33eaUl+8GDPx9e5Cl3 Yr83cD+jyFtqNCRc6FvQXbDQCr6Sqym5j5JoqGTGJ29hndubNd+FZm28+Lit1yFVVj1w2eaq4sn8 Ic317X0FLMcw5zY2nexYWNJ3eeiHWf6GFtthFklUV+zd9BLTKxAJWn13OQ5Op6IFcY+D9FmtN/zP 3kOkWfqQ8UUGxqaqDFELuzvlbbRA7M7zMsktnIyi9zfmgNNMIxR4ufVVLIg6djttk5k+t1Gt0h2a kACJj3AX+NYw1w1JI9buCE8EMSfsT1sfn/PGHKCdrKB0b5saKxh57+ZWW9rTB8n9nRmR7xtW2jmZ OB45XkIdXQ/4ywiNOE6euQpYjSl9aERi7CPTVcZChcymuvnK+WD+XDq3SXE/rMsptZZfCwqWM+Vb 1RF1eOqol9tKOSf2Cw95dbkP1AyR6nwdxo6/0njiQsnJaQ6ETx+ApKFq01ZA9o2QlpQz+Xo4zFNw V5dprAR8ynWoiy+barZTcvJiI6x9OU54tbUwiNlJ83kHUex3yYcU6vB0AcrlNR1PrteoHMgU0/Da /KuK9PG5JVhDT90ab6Yvg/Q/+XyFwLxWulXYNASg59AKbaCHvaxLiYsSZxZZYJmtfLgRMh1Sh25b wzw6ZpMdiSZgqlRSQ1xMPlQS2FHQD/fVHwROesr9DvYHSk1/p6bTmrop27T/8NZcfJe1mkuX5XS4 uKis53oyo8bM4ZUaq+Ai5tn0WGtsfoBq/HeXBeuwpzo0I3LL0yLygWhP+y2mYRIVZI3lto24SnQ6 IUWcKyTzF0AKKfcrdQh1vN9qxrLSuF7r44fZ2FlWeCvJRrf92Yfey2S+Jyp8JaQ9ZA34F8ZQ7q9p xTALjQj3qYxZkCO1WksCESWMBMJKpIkoZSx2SkjcmI57tMMxoyYtm/IEXaPyWwMsUMp/EUaMUWkV TkQCgjGKym+RohZP6Bg3pcZk3qP7vBPDNmWf9Tgi+Fd0S1XFw0bM+uh3h+foYK4UTIyd4XwKkGnp GSSA8x79sNsppOOi0leqU/yvtpVNiBNFGaqgcp4JS5DVP+bkWzCXeTDDSGrNg/WtFadbMuXKW1/e ms3RSpYHaq/NUrJC8CADPX8tYVPKEQ/u+7C7a6nm3rvQNewV/CQzgrGf9KBjGTABrNRq71Z9P1UO 0sj/0w7G1SiTYlxtPi8btHDz5OXh1oG1vT6fOAtCkSXSmQ3/nmSU5DnwsVsGAPl8KbyylHtk5JSe 1zq3DZgSdKFIEVLDbS4RzNYJstPKUW/2dLzCdRD0LLLq8YZct1BQNn3X9Hyj4MZEJBzzBIiozLA0 knJjCGfiXRUyR7de7gcPybnQseL/LS1PscCIaJ1lREZxJvkXKPIyFntx0I3shfE9UZg8g64wQhfw 0r8JnYSbt4eVRREuFje0x6tS0GJ52JxzhTirvQ6fUP6KmLFuctsNBTVhSsEeRusmfYuKQaAv3uWB kGyUopxZow2cBgI2fBfxrH2bQ/lbQUKlziv2bTXyyDTrZxxF5Q/aW2iOrKf4Su0+23xbKnZ4btLF TTDIZWZHHAN6srAFsKbtmHPd1yW5Fp9SpIvbnfBMciAcvv57Mo99qn7a8X17t7u5ymxixG/7bSHP KUTlX1Z4hFlQMy/4Dsm6inab9ZyqLW2U/6fdB1s2WDpnNnYBvrQBaTtvgmcIZKm3Y1bBYBnN6H8U Vyo9jGBpZe8pLKkxUGHTkVn3OxhbaZy1kJSY4eEljXAv8WuskyXrxzEcUUWHe9zUeIRvmwRPFuxQ UoEtxSxGdboHQ5TxiwzuCQU4234rkPKyeh92jmEedeMRP+zN6/ARQc6RC99FJFFcTE2z6lEW4Hb1 qFAac1QSfXUAarQjHVI1SuFHE9rPeci+YaS27oHqj2Q88FgXKC6zV/+Ur9NqjZpSo/nQuzPRovhU PsQlKuGKEQYOwfh9BMyxWC0vVDAE7fQ2AEjoAfjFRBnGjEWbB4TA2u4eBUaSlS/qbbx8PzxyHufB UiIRbNytNW76PGXPh5IPbOUx9bTvJnJ/EEsKlRQPbXZYq2uZ0ilpqJOGF/zrSc6/6Xim9hWsPw9L NdXXov/k5BE20sQ4LPuSxNj7YQeITKv1IzKSNtG6BpvXoTegWD715Ba1b7KDEPvQBuFcT4zbaGDH FQWDKUABK5qgzRZ5GYUtmfMyktJYrxw7IAsDR/MFGkwWBigHKlE5pmMf4fw1bhngGJ4f2XcAgXc0 pzlsMzmnhUwft4QRRn68ZPlVdXJ0I91zmZwgwKND4nYzi60JPkW+wE1hon3LRTm8T72sZehL1zGp KvV9oUk9DMAkoJlfKK0CyS2yyFgb7O0GpZxsJe3Sgjg3w79cjFfHtozdHI6vgwjJghXQ7IralOuZ POZBaUYHbitwoV6RxM5P7J3xHuEjpe9Hp29BatVhr2poitKDiudB9VgozA0LDm+iUYH77uy6KTmD wny5BQhF594jHTBHU1fz5uu6sjj0fa96yOpv9jYeN1rXxZFIQzc5KSu3vbEx0y3AUBiEJWHriwdh gV1rSY/URW6h0L+6B9RUjBvXv2HM1qCLaFAbA8XAcZFQ+RTggiU4502ORx2IOHVCrdFx/XsPZkcy Vt7FuPavxhF1mvL/WsjX06nCmGe1MSaLUB/XC234whx+8UZ6XoKjTkWekYxDUnnKWWZPSuka6cKQ 75W+9YvHiiy/eEAcCBz2z7w/x4wi6M1JWj/rBCZj8ssNDbAGywWXbgcDh/KquC6XSck8Pu5w73Bb vuVq/jXJJbnG9L1Fi9XOS3IHIC/lizoUUs67ofihNSf6SG+bnE9y4FR44DK1cA2tTYXo7ors6RUr 5T7DTn7zVlkBWFpNUhT9spu6IijwozPpZAA/U8rgy9IILPNoxEp4HlOUlGeph8Q4xixvOXwP3nR5 +U/Jz7bngW/sHi82gO2X6/AD93ZKsQpgjuti8OKeeUWHL8o8eYF+G5WoqEzSWX09X0hxceRioNv6 m3tJf0FKdpR1mO+ODZbjPJ8YKNZzwG6Z7V1hN6xYZWsZvVWiTwx7RoO5P9DD7Bj0UX6VHkGg7E8L 5yQvrR69fQBsnv3yBlEKpvohrfs0uVYL2VpKuNXMdoN7CzW0dnZmL5hFAWWbJUdD5Li+TAHcQa3R 85ufTSoiText79ohUUFJOe6v5eQIuttjxVX5qmVfm5pnbJvOAXvwgpVy66OTMGzu0GcdwDjE9gSr ES+xd06V4TAsp7kraSjctzUeFb8WwXx8xiiSTlYMsCsm571rqU0LgZ/iMHz32PRtJO+a8rgITzwq fmeteQJv5c+zLeWSH8Zr/30F7t8usNJxTkEsVkGEbo7wtRjRPsd4arXggrs/2peDtTOzv9fd9Z85 8plQkNOhCmwss1n/CLtXqdrnJhc3TN8xI9MLRip40PINohqZbFWPRlFRILPNZu+0u5LK9lwJm1sn +2e7FO8At+e8eI02doDlUnksw/ThIfEvb1uzjzwHVreDZEw4QSoXHZRJHCUoomDezHz7v3TcBWkC nxziCvKEbkEGMfqsXQ2+yUhmpoy6IQbN9iIxsgb0oCaVsOKBsT4bdIVz87E0PR7SdEtDgEVJ6h4I r4cH7O2P7DblxB2jel77lgWAGejPKzUsmelVdKOCofAPD3MUZgmSJztiaLNQIG2C2rQCkb00+Qh4 AZShPsPwZxpR8b3wQ4OccGtQpmpvWCA63KIhIdKEOrsMkIhCIpCNmJrXivaYm/Hp70OwlPnXRMK1 9RVgS7b6rjI7WfR0B8ixyO0Yf2KZUNf7WlsQ2J+ZTodZ9mZkKP2afVntLpMgrq6gJN8hra/uideL ZDyNrp/0Uo+r+d3J3U20cX6Jq5+saJovqSqzyTAoOXDpVM5YzUKTWjQZPgWhC88GPWNouGlDc7mW bl5zLcW/zTMJyUv4TB6xPA3pZBQbbF1Vxl/Jp39+i3NsatxOi1C97LidvH3c97meV/I80RSUF4OP HaKXbo6heEDh9qCYMtetHBMGy6wEOhtQ0uSvkaGsJS8Bab3ejDf2tVqGxMu5hH5PM6cr/cZ1qK5K ZzVClquaVggouT2QGMb7C20qlXxgdARQ+POa4jfPYCvyJ4T5Y6yZecwfuNAr9kszsQ7iKpmZ+Ver fqUeAoxNAAkhO9q5FtsBHQRWAbK1zzBsEBo0lzdOLhdNJK42fUEn78XlM6kw4d2T1FurcNEhLUQX CO84b8rnDNxY4aHxR4Q6U0bx0bURe4QAUH3fkRjH2ZfbxvhLhDeM10A25gBE43pYLfdL1nrfdPWh WXcbFjLohZnA2KTkNq0IfHaAi/6j5jHuuToGRYzT/AqO2+z1Fx7PsnR+IwSJgRMR862sVeIt+Sod C1VhmNbf00qRk3eE3miWcohujEOOUDWjsOWxhPHXfe4n9VZL//1f4RPpUx7Vq3wnnrkUz1F+PzAN Q4LDLWjOL8GBFR8dR5yOQHg/v81TIJdaLY9mlMFmvx3vU05EYnJloReYatjbrZz3QR3blRWEd1BD WvX4VJMux5LkEX2w3WLER6YB7s8AzlEzPYEdiOwFjZYmJZPoa4MPSXn95JLVV0PvZVZasmRhaslG qZfrrRZ5L9742CPCkzB7B24L8IgR/cT0xJ4eMmo9v8tcg0axluNUyrfhIDB+xwaAH6SHa0k7LmXk zR7KorDIKFxnk55FQ/tNfs1lZh+ivi4sCTmSNoifAW7JTZ+sNdsg+PMWaqHBZAFYH+vcb6Ksd5kz rHqDA8X3bUkvPAdqmklguQekuY3J4OAcEH+mqBk9LpYtieEpXaF2qfGOXScmeb3l4o/X2nvsK5JB BiRk5PJBQxEdQUD8hzNMyvgyt84V8FBcTise94RsNEtQOKRPmwvhHjpfNqv1gLwwWnSm5xvxZsse mBENECsEO2EpLupttFZJmvF/b6OK7FGDH7+TN1P6YNEiALSVbSyHRpW0qh0kOK8vi33vcXdtJpxt XxGRJbO0lTywV8zZLTyEhvuJ9FrY2BaZnMBlB6Kpk4cSgGy+YpFb7eK+2zieMTGF+hhoJ2H8Z7p0 gH238ClVLpSmMlUpjLGb/oTMMFIasVzsLepPSIVvJl7N49o9mSi/l1607Oab2YPpqQJWw9DRfmD4 ggfvSWt4O6sPdOueBMjFNalKiyR4A4EUGeKRSfxFEOAJwrNEmEWSaKF6MPpTVYQDg/f420CEAkXk 6/oypU1Uwmy7gIKuVN5L/47llfOdevg3d1lTchHCZXkT/PV6KKn19aLXPNIaNdRWzRfMYRbpyaWd yxG82GV1BOROtNG5/GEK63NFbgzG48hk2O+OE2OCv64if1K+1IUGxvMf1ivfNJv4p0YQKhF9BpuE At/vs+g7uTBrKISLmonPGlybzmd2LuPyu/Few8Il0vY8GlvgzvAJ8h0t0d6Wn3suxmvI4RT4cs+R tYHe5uKMgKgB//Hm8H8Vf56naZ4expYYRHvoQ3Obw09BncVmDtHsCaOw+90Wo80jWgtBqtZU7D3f 0obqUVOk2F8NIEX3TG/DccX9lR4Mkn+KeWRVDlKwAPgLW6eWtRJeoL/erIL5G0QUdRzq+Mlxg9YA 0a0GDNTAzs4OzWw7kVfBxzyGDNZQCX0r+4f8/PleN+JuzFdQkAw+xRBdjmcPEQOC+9QZo2gxD6/1 Xu3x4WWdu4c4NQ1lZSViKJsTVJWxa1yHkVnh8kQwFLLRB4bTMOB/hWy/EckopS1tCrkPk7JMQT4Z gbClzTxPmSDCR7E7wGrpPQ0+JuPSh2t0ZWS7CtJjec8A4CpZqY8qnnk4ihNfZOQ5vGHzzjaJA3sK qt7/Nq4Oo7dfTks0glKlE/neetYaAt4zpB5Z10v+mLTmCqBII4aZZ24HfSmAAS703FoBNnyZCI6y lGNHjHGe/ISAsza+U9pLeR/D+8T1PEAwW1Rdh7aOLPXyA/DDmN4mlYl7trSeRQzk0vpQ1I7kvGx/ tiRk9/+9JPjhKRRDpy7ur2ly4A/hQoRx9bDsBLjOPn1Rs2MABqvsny/yGcEVYTVv8yZ14KIlDGik 3RQ8f+KgS7BkziD0OmSk9Sq7KrMd2yAye3B9OsyTJoDRddQnr6hyAOKCoHRhoaUXlDa5V3pT4SvF gpvmtHTYlW4ariLI+3xbfHKlWKpjE1H7QgvHmU/9IEAcBgCmCiyLhUEevhP7k7ORfEY6OXTCNgbD aRy5tTuyvYPRt9+P3zEPVqaRe63pD8KlD+MgGdRonr+UUvOF60nyjHzSKRGmYJV9PiTtccCdkRtr OgvOcIxJazLdCfy62flHaPV3zA3IknK5z0VypcB9NUf1lFmmTCZFA3bSQOq7EhDjyzooKlyypeqR l+mayRu6yROT48eJcSRD0TNsW4zinVAuedO+FwAi1ayTqV40NFF8+T2xMiYZtEteVevfMNrUR9th F6uDQxymoaeSwcqg+Ai92xvK9pkvg3/J3Ltdv+ptANu7eOkTTha4k/ZH4IRHt28do1NyIHNQmi3M GFaTJg6LmEJCQW/hkau5Dk8jizHPcg6NSJESKKtoG2nIlulz3S7hifeOXGRJSGTN2ty6lCy9RciA EiupEcM3IabHxIG8kRS9I6MMje0wsPpg2IulO5OMJ2KolyUXNz2Enhd26zJQHEoSYDmdmlL5090T 0BCQE0Q93JXLphiGcsozjAkh8NyxDCOIvAk8cPk4FoI68bvTHn8M6uBDC39T2P632c3kqhIXP/BT 1GnfhfsVEHddBPEMP56d5OKYlRsvHXYTTVS8BaxRgFdtr/g+6u6eLUWfWDaM6GwPe38+nq9LcV7z 2GqZEBlB5uYh5im/a9mB1gxbn0iYmZ6R6iya2+QpDATR0MY97u75QOgvmtdnkcKBKHHUW+cVDr2Y YuxiNKBMnotDHtoncBWKq6/gqO7oH1XYSUW7Lw/V5dohn24PpLRPjnp5orwRi4o3sS0T6/jzg5VB QxuT8+XngyhbLPOZe9g2vKW/UaNGHHl2uU2KBZC2QaGqF0pA9RYmYrIPPX0ob0M5f46LjilJPD9m NTBT8TPcKirnHDTlX7tunMWZ21NgcehzCb0E3XcnRTlrNHq4E07uheMY3Wjj3+2Lp6t41YmkvgdT Re6aE03NUtD+AKvEtkliBFDQJlrQ5FEDW/z3LAdR3khnjOBXpO1gGIswlFmXmr1jwOipyHFlX2UJ ULf9HWhqm7EpjGI+nmH7+zdoQvU8UtRk8ZtvgiUwGQdb1HGjQSJmZh7PAkEZyk1knF7kW/Bg2orq kmd08rxbgNq8XecWeVHJ4oO/T1UyLomeLcCNdvLTyO70wFOUvyGpLdIdemV8Hk0Rs87gdPAMiK7V wcPkefVzxBKC4lKTHrzpVvN2KSKE9Hwdc25JNQIPLAVD2raGKtKbGHJEpDZ/fzz7MXezEiwY2a8U z7v1GNiRSOrXxVm13PL0Rr/xAIZ8Pt3CztVu0D8idJsejH4TLtuJmpDNMC7M4ZevOCbxj4BLc23I XsIZQnsnTiYwNdZMsoVqeioiiOJXpiggBZO/oq1VQOOHzLMxpFJRUsPBn7jH7GSZOBd7nyD8TDr6 YpXMJv6AvTzIKTKaZ2OKIwOcaQxokZFbmmJSMrPGpIa5gu/Ib3yPT6Wts3A4WPi/gtP2ghnU8+7o 8CxrxAq41tDTvDXWKZXQZd4Ke+t2F4isGNyKUrE0JhxHZbO9Koy3B7VdpQDRXr0j6mQSCXFCti8X T7VoAgVpbVxTxYpwK1BKm2GUydZ0yJBPd4SogDso8WJmmxjAEkz4zjpwboMOaqsBxcuO+Ti/o//1 23Wc33iC6rWmgv2+JWknaWGhnSd/vnZ79G/oxjEh3KXapZxWd4H1D9Ew2iOOIv0gkoBOwZDgrvsT ti402cvSYDptolRd2SBL2lsda+SdLICKUY0B6ZoqeNv0ybvDksaKnWLpLZMo0Cuw8MBeZj+oe3yT 3mhz+cB91vd00oKnjtA5p8UPJA/dtW3ud3MzvQKlA56XihlszbQA6+AVvhOKiQJXfjr8u+kt4IFn 40L9UEx0eYncNocQ2L40gceovO/oySKbDPkOqdb7YOnBOUBdnqPCg45ZP6Hu}
::rc_st::fg::map_reify_receive cb_part_197 -wlm {1 0 0 1.0 5 0.0 1.0 1.0 1.0 1.0 4.6 1.9 2.0 0}
::rc_st::fg::map_sa -1840559247 {0 0 <default_clock> 0 1 0 0 0}
::rc_st::fg::map_sa -340034827 {0 0 clk 0 1 0 0 0 0 0}
::rc_st::fg::map_reify_hier_drvr_info {1 . A 0} {2 -1840559247 -340034827} {{27865 0.0 27865 0.0 12071 0.0 12071 0.0} {27986 0.0 27986 0.0 12192 0.0 12192 0.0} {28200 0.0 28201 0.0 12406 0.0 12407 0.0} {28546 0.0 28548 0.0 12752 0.0 12754 0.0} {29055 0.0 29065 0.0 13261 0.0 13271 0.0} {29869 0.0 29916 0.0 14075 0.0 14122 0.0} {31779 0.0 31772 0.0 16318 0.0 16311 0.0} {36927 0.0 36919 0.0 21466 0.0 21458 0.0}} {1 0 0 0 0 0 0 0 0 3890 3663 11790 11563 35488 35261 106582 106355} {0 0 1.0 5 0.0 1.0 1.0 1.0 1.0 4.6 1.9 2.0 39 39 39 39 1000 1 1 1 0 0 0 0 0 0 0 0 -111111111 X 0 0} 0 {2 0 X} {-111111111 -111111111}
::rc_st::fg::map_reify_hier_drvr_info {1 . A 1} {2 -1840559247 -340034827} {{27888 0.0 28868 0.0 11828 0.0 12126 0.0} {27990 0.0 28949 0.0 11936 0.0 12207 0.0} {28165 0.0 29116 0.0 12153 0.0 12374 0.0} {28477 0.0 29468 0.0 12594 0.0 12726 0.0} {29056 0.0 30175 0.0 13432 0.0 13433 0.0} {30484 0.0 31558 0.0 14977 0.0 14816 0.0} {33596 0.0 34323 0.0 18089 0.0 17581 0.0} {39826 0.0 39854 0.0 24319 0.0 23112 0.0}} {1 0 0 0 0 0 0 0 0 4549 4696 14270 14463 43571 43764 131476 131669} {0 0 1.0 5 0.0 1.0 1.0 1.0 1.0 4.6 1.9 2.0 63 62 63 62 1000 1 1 1 0 0 0 0 0 0 0 0 -111111111 X 0 0} 0 {2 0 X} {-111111111 -111111111}
::rc_st::fg::map_reify_hier_drvr_info {1 . A 2} {2 -1840559247 -340034827} {{31039 0.0 32779 0.0 15072 0.0 16037 0.0} {31147 0.0 32859 0.0 15180 0.0 16117 0.0} {31364 0.0 33026 0.0 15397 0.0 16284 0.0} {31803 0.0 33378 0.0 15836 0.0 16636 0.0} {32644 0.0 34091 0.0 16677 0.0 17349 0.0} {34219 0.0 35492 0.0 18252 0.0 18750 0.0} {37371 0.0 38296 0.0 21404 0.0 21554 0.0} {43674 0.0 43904 0.0 27707 0.0 27162 0.0}} {1 0 0 0 0 0 0 0 0 4603 4696 14437 14463 43936 43764 132435 131669} {0 0 1.0 5 0.0 1.0 1.0 1.0 1.0 4.6 1.9 2.0 63 62 63 62 1000 1 1 1 0 0 0 0 0 0 0 0 -111111111 X 0 0} 0 {2 0 X} {-111111111 -111111111}
::rc_st::fg::map_reify_hier_drvr_info {1 . A 3} {2 -1840559247 -340034827} {{34281 0.0 36689 0.0 18314 0.0 19947 0.0} {34389 0.0 36769 0.0 18422 0.0 20027 0.0} {34606 0.0 36936 0.0 18639 0.0 20194 0.0} {35045 0.0 37288 0.0 19078 0.0 20546 0.0} {35886 0.0 38001 0.0 19919 0.0 21259 0.0} {37461 0.0 39402 0.0 21494 0.0 22660 0.0} {40613 0.0 42206 0.0 24646 0.0 25464 0.0} {46916 0.0 47814 0.0 30949 0.0 31072 0.0}} {1 0 0 0 0 0 0 0 0 4603 4696 14437 14463 43936 43764 132435 131669} {0 0 1.0 5 0.0 1.0 1.0 1.0 1.0 4.6 1.9 2.0 63 62 63 62 1000 1 1 1 0 0 0 0 0 0 0 0 -111111111 X 0 0} 0 {2 0 X} {-111111111 -111111111}
::rc_st::fg::map_reify_hier_drvr_info {1 . A 4} {2 -1840559247 -340034827} {{37523 0.0 40599 0.0 21556 0.0 23857 0.0} {37631 0.0 40679 0.0 21664 0.0 23937 0.0} {37848 0.0 40846 0.0 21881 0.0 24104 0.0} {38287 0.0 41198 0.0 22320 0.0 24456 0.0} {39128 0.0 41911 0.0 23161 0.0 25169 0.0} {40703 0.0 43312 0.0 24736 0.0 26570 0.0} {43855 0.0 46116 0.0 27888 0.0 29374 0.0} {50158 0.0 51724 0.0 34191 0.0 34982 0.0}} {1 0 0 0 0 0 0 0 0 4603 4696 14437 14463 43936 43764 132435 131669} {0 0 1.0 5 0.0 1.0 1.0 1.0 1.0 4.6 1.9 2.0 63 62 63 62 1000 1 1 1 0 0 0 0 0 0 0 0 -111111111 X 0 0} 0 {2 0 X} {-111111111 -111111111}
::rc_st::fg::map_reify_hier_drvr_info {1 . A 5} {2 -1840559247 -340034827} {{40765 0.0 44509 0.0 24798 0.0 27767 0.0} {40873 0.0 44589 0.0 24906 0.0 27847 0.0} {41090 0.0 44756 0.0 25123 0.0 28014 0.0} {41529 0.0 45108 0.0 25562 0.0 28366 0.0} {42370 0.0 45821 0.0 26403 0.0 29079 0.0} {43945 0.0 47222 0.0 27978 0.0 30480 0.0} {47097 0.0 50026 0.0 31130 0.0 33284 0.0} {53400 0.0 55634 0.0 37433 0.0 38892 0.0}} {1 0 0 0 0 0 0 0 0 4603 4696 14437 14463 43936 43764 132435 131669} {0 0 1.0 5 0.0 1.0 1.0 1.0 1.0 4.6 1.9 2.0 63 62 63 62 1000 1 1 1 0 0 0 0 0 0 0 0 -111111111 X 0 0} 0 {2 0 X} {-111111111 -111111111}
::rc_st::fg::map_reify_hier_drvr_info {1 . A 6} {2 -1840559247 -340034827} {{45567 0.0 50883 0.0 29600 0.0 34141 0.0} {45686 0.0 50978 0.0 29719 0.0 34236 0.0} {45928 0.0 51147 0.0 29961 0.0 34405 0.0} {46418 0.0 51484 0.0 30451 0.0 34742 0.0} {47247 0.0 52161 0.0 31280 0.0 35419 0.0} {48613 0.0 53480 0.0 32646 0.0 36738 0.0} {51345 0.0 56119 0.0 35378 0.0 39377 0.0} {56809 0.0 61397 0.0 40842 0.0 44655 0.0}} {1 0 0 0 0 0 0 0 0 3576 3268 10759 9947 32310 29983 96964 90091} {0 0 1.0 5 0.0 1.0 1.0 1.0 1.0 4.6 1.9 2.0 31 30 61 60 2000 1 2 2 0 0 0 0 0 0 0 0 -111111111 X 0 0} 0 {2 0 X} {-111111111 -111111111}
::rc_st::fg::map_reify_hier_drvr_info {1 . A 7} {2 -1840559247 -340034827} {{48874 0.0 51774 0.0 32907 0.0 35032 0.0} {48992 0.0 51866 0.0 33025 0.0 35124 0.0} {49228 0.0 52035 0.0 33261 0.0 35293 0.0} {49682 0.0 52377 0.0 33715 0.0 35635 0.0} {50390 0.0 53017 0.0 34423 0.0 36275 0.0} {51529 0.0 54146 0.0 35562 0.0 37404 0.0} {53810 0.0 56406 0.0 37843 0.0 39664 0.0} {58372 0.0 61716 0.0 42405 0.0 44974 0.0}} {1 0 0 0 0 0 0 0 0 3293 3713 10123 10922 30614 32548 92086 97428} {0 0 1.0 5 0.0 1.0 1.0 1.0 1.0 4.6 1.9 2.0 31 30 61 60 2000 1 2 2 0 0 0 0 0 0 0 0 -111111111 X 0 0} 0 {2 0 X} {-111111111 -111111111}
::rc_st::fg::map_reify_hier_drvr_info {1 . A 8} {2 -1840559247 -340034827} {{55436 0.0 60089 0.0 39469 0.0 43347 0.0} {55554 0.0 60182 0.0 39587 0.0 43440 0.0} {55795 0.0 60351 0.0 39828 0.0 43609 0.0} {56279 0.0 60691 0.0 40312 0.0 43949 0.0} {57084 0.0 61365 0.0 41117 0.0 44623 0.0} {58403 0.0 62651 0.0 42436 0.0 45909 0.0} {61039 0.0 65224 0.0 45072 0.0 48482 0.0} {66310 0.0 70369 0.0 50343 0.0 53627 0.0}} {1 0 0 0 0 0 0 0 0 3435 3337 10358 9666 31128 28774 93436 86415} {0 0 1.0 5 0.0 1.0 1.0 1.0 1.0 4.6 1.9 2.0 30 30 50 50 2000 1 2 2 0 0 0 0 0 0 0 0 -111111111 X 0 0} 0 {2 0 X} {-111111111 -111111111}
::rc_st::fg::map_reify_hier_drvr_info {1 . A 9} {2 -1840559247 -340034827} {{55952 0.0 61004 0.0 39985 0.0 44262 0.0} {56071 0.0 61099 0.0 40104 0.0 44357 0.0} {56313 0.0 61269 0.0 40346 0.0 44527 0.0} {56815 0.0 61600 0.0 40848 0.0 44858 0.0} {57698 0.0 62284 0.0 41731 0.0 45542 0.0} {59172 0.0 63678 0.0 43205 0.0 46936 0.0} {62120 0.0 66465 0.0 46153 0.0 49723 0.0} {68016 0.0 72040 0.0 52049 0.0 55298 0.0}} {1 0 0 0 0 0 0 0 0 3845 3738 11615 11006 34925 32812 104856 98345} {0 0 1.0 5 0.0 1.0 1.0 1.0 1.0 4.6 1.9 2.0 31 30 61 60 2000 1 2 2 0 0 0 0 0 0 0 0 -111111111 X 0 0} 0 {2 0 X} {-111111111 -111111111}
::rc_st::fg::map_reify_hier_drvr_info {1 . A 10} {2 -1840559247 -340034827} {{56205 0.0 60851 0.0 40238 0.0 44109 0.0} {56304 0.0 60945 0.0 40337 0.0 44203 0.0} {56492 0.0 61114 0.0 40525 0.0 44372 0.0} {56851 0.0 61454 0.0 40884 0.0 44712 0.0} {57487 0.0 62128 0.0 41520 0.0 45386 0.0} {58601 0.0 63417 0.0 42634 0.0 46675 0.0} {61158 0.0 65995 0.0 45191 0.0 49253 0.0} {66446 0.0 71151 0.0 50479 0.0 54409 0.0}} {1 0 0 0 0 0 0 0 0 3446 3332 10391 9648 31225 28874 93728 86720} {0 0 1.0 5 0.0 1.0 1.0 1.0 1.0 4.6 1.9 2.0 30 30 50 50 2000 1 2 2 0 0 0 0 0 0 0 0 -111111111 X 0 0} 0 {2 0 X} {-111111111 -111111111}
::rc_st::fg::map_reify_hier_drvr_info {1 . A 11} {2 -1840559247 -340034827} {{56365 0.0 60149 0.0 40398 0.0 43407 0.0} {56465 0.0 60242 0.0 40498 0.0 43500 0.0} {56652 0.0 60411 0.0 40685 0.0 43669 0.0} {57011 0.0 60837 0.0 41044 0.0 44095 0.0} {57648 0.0 61515 0.0 41681 0.0 44773 0.0} {58768 0.0 62711 0.0 42801 0.0 45969 0.0} {61169 0.0 65284 0.0 45202 0.0 48542 0.0} {66440 0.0 70429 0.0 50473 0.0 53687 0.0}} {1 0 0 0 0 0 0 0 0 3435 3375 10358 9794 31199 29050 93895 86819} {0 0 1.0 5 0.0 1.0 1.0 1.0 1.0 4.6 1.9 2.0 30 30 50 50 2000 1 2 2 0 0 0 0 0 0 0 0 -111111111 X 0 0} 0 {2 0 X} {-111111111 -111111111}
::rc_st::fg::map_reify_hier_drvr_info {1 . A 12} {2 -1840559247 -340034827} {{57809 0.0 62475 0.0 41842 0.0 45733 0.0} {57928 0.0 62568 0.0 41961 0.0 45826 0.0} {58169 0.0 62737 0.0 42202 0.0 45995 0.0} {58654 0.0 63077 0.0 42687 0.0 46335 0.0} {59456 0.0 63751 0.0 43489 0.0 47009 0.0} {60770 0.0 65037 0.0 44803 0.0 48295 0.0} {63398 0.0 67610 0.0 47431 0.0 50868 0.0} {68655 0.0 72755 0.0 52688 0.0 56013 0.0}} {1 0 0 0 0 0 0 0 0 3445 3167 10346 9569 31051 28783 93163 86424} {0 0 1.0 5 0.0 1.0 1.0 1.0 1.0 4.6 1.9 2.0 31 30 61 60 2000 1 2 2 0 0 0 0 0 0 0 0 -111111111 X 0 0} 0 {2 0 X} {-111111111 -111111111}
::rc_st::fg::map_reify_hier_drvr_info {1 . A 13} {2 -1840559247 -340034827} {{58273 0.0 63467 0.0 42306 0.0 46725 0.0} {58392 0.0 63562 0.0 42425 0.0 46820 0.0} {58633 0.0 63732 0.0 42666 0.0 46990 0.0} {59135 0.0 64063 0.0 43168 0.0 47321 0.0} {60016 0.0 64747 0.0 44049 0.0 48005 0.0} {61486 0.0 66141 0.0 45519 0.0 49399 0.0} {64426 0.0 68928 0.0 48459 0.0 52186 0.0} {70305 0.0 74503 0.0 54338 0.0 57761 0.0}} {1 0 0 0 0 0 0 0 0 3836 3738 11584 11006 34829 32812 104564 98345} {0 0 1.0 5 0.0 1.0 1.0 1.0 1.0 4.6 1.9 2.0 31 30 61 60 2000 1 2 2 0 0 0 0 0 0 0 0 -111111111 X 0 0} 0 {2 0 X} {-111111111 -111111111}
::rc_st::fg::map_reify_hier_drvr_info {1 . A 14} {2 -1840559247 -340034827} {{61037 0.0 64809 0.0 45070 0.0 48067 0.0} {61156 0.0 64902 0.0 45189 0.0 48160 0.0} {61397 0.0 65071 0.0 45430 0.0 48329 0.0} {61883 0.0 65410 0.0 45916 0.0 48668 0.0} {62692 0.0 66085 0.0 46725 0.0 49343 0.0} {64018 0.0 67380 0.0 48051 0.0 50638 0.0} {66670 0.0 69968 0.0 50703 0.0 53226 0.0} {71974 0.0 75147 0.0 56007 0.0 58405 0.0}} {1 0 0 0 0 0 0 0 0 3475 3191 10442 9664 31341 29083 94040 87341} {0 0 1.0 5 0.0 1.0 1.0 1.0 1.0 4.6 1.9 2.0 31 30 61 60 2000 1 2 2 0 0 0 0 0 0 0 0 -111111111 X 0 0} 0 {2 0 X} {-111111111 -111111111}
::rc_st::fg::map_reify_hier_drvr_info {1 . A 15} {2 -1840559247 -340034827} {{62396 0.0 65021 0.0 46429 0.0 48279 0.0} {62517 0.0 65113 0.0 46550 0.0 48371 0.0} {62760 0.0 65281 0.0 46793 0.0 48539 0.0} {63208 0.0 65598 0.0 47241 0.0 48856 0.0} {63937 0.0 66152 0.0 47970 0.0 49410 0.0} {65140 0.0 67102 0.0 49173 0.0 50360 0.0} {67545 0.0 69491 0.0 51578 0.0 52749 0.0} {72354 0.0 75502 0.0 56387 0.0 58760 0.0}} {1 0 0 0 0 0 0 0 0 3677 3549 11161 10400 33611 30953 100963 92613} {0 0 1.0 5 0.0 1.0 1.0 1.0 1.0 4.6 1.9 2.0 31 30 50 49 2000 1 2 2 0 0 0 0 0 0 0 0 -111111111 X 0 0} 0 {2 0 X} {-111111111 -111111111}
::rc_st::fg::map_reify_hier_drvr_info {1 . A 16} {2 -1840559247 -340034827} {{63899 0.0 66157 0.0 47932 0.0 49415 0.0} {64007 0.0 66237 0.0 48040 0.0 49495 0.0} {64224 0.0 66404 0.0 48257 0.0 49662 0.0} {64663 0.0 66756 0.0 48696 0.0 50014 0.0} {65504 0.0 67469 0.0 49537 0.0 50727 0.0} {67083 0.0 68876 0.0 51116 0.0 52134 0.0} {70240 0.0 71690 0.0 54273 0.0 54948 0.0} {76555 0.0 77318 0.0 60588 0.0 60576 0.0}} {1 0 0 0 0 0 0 0 0 4610 4692 14458 14446 44005 43707 132644 131488} {0 0 1.0 5 0.0 1.0 1.0 1.0 1.0 4.6 1.9 2.0 63 62 63 62 1000 1 1 1 0 0 0 0 0 0 0 0 -111111111 X 0 0} 0 {2 0 X} {-111111111 -111111111}
::rc_st::fg::map_reify_hier_drvr_info {1 . A 17} {2 -1840559247 -340034827} {{67141 0.0 70074 0.0 51174 0.0 53332 0.0} {67249 0.0 70154 0.0 51282 0.0 53412 0.0} {67466 0.0 70321 0.0 51499 0.0 53579 0.0} {67905 0.0 70673 0.0 51938 0.0 53931 0.0} {68746 0.0 71386 0.0 52779 0.0 54644 0.0} {70321 0.0 72787 0.0 54354 0.0 56045 0.0} {73473 0.0 75591 0.0 57506 0.0 58849 0.0} {79776 0.0 81199 0.0 63809 0.0 64457 0.0}} {1 0 0 0 0 0 0 0 0 4603 4692 14437 14446 43936 43707 132435 131488} {0 0 1.0 5 0.0 1.0 1.0 1.0 1.0 4.6 1.9 2.0 63 62 63 62 1000 1 1 1 0 0 0 0 0 0 0 0 -111111111 X 0 0} 0 {2 0 X} {-111111111 -111111111}
::rc_st::fg::map_reify_hier_drvr_info {1 . A 18} {2 -1840559247 -340034827} {{70383 0.0 73984 0.0 54416 0.0 57242 0.0} {70491 0.0 74064 0.0 54524 0.0 57322 0.0} {70708 0.0 74231 0.0 54741 0.0 57489 0.0} {71147 0.0 74583 0.0 55180 0.0 57841 0.0} {71988 0.0 75296 0.0 56021 0.0 58554 0.0} {73563 0.0 76697 0.0 57596 0.0 59955 0.0} {76715 0.0 79501 0.0 60748 0.0 62759 0.0} {83018 0.0 85109 0.0 67051 0.0 68367 0.0}} {1 0 0 0 0 0 0 0 0 4603 4692 14437 14446 43936 43707 132435 131488} {0 0 1.0 5 0.0 1.0 1.0 1.0 1.0 4.6 1.9 2.0 63 62 63 62 1000 1 1 1 0 0 0 0 0 0 0 0 -111111111 X 0 0} 0 {2 0 X} {-111111111 -111111111}
::rc_st::fg::map_reify_hier_drvr_info {1 . A 19} {2 -1840559247 -340034827} {{73625 0.0 77894 0.0 57658 0.0 61152 0.0} {73733 0.0 77974 0.0 57766 0.0 61232 0.0} {73950 0.0 78141 0.0 57983 0.0 61399 0.0} {74389 0.0 78493 0.0 58422 0.0 61751 0.0} {75230 0.0 79206 0.0 59263 0.0 62464 0.0} {76805 0.0 80607 0.0 60838 0.0 63865 0.0} {79957 0.0 83411 0.0 63990 0.0 66669 0.0} {86260 0.0 89019 0.0 70293 0.0 72277 0.0}} {1 0 0 0 0 0 0 0 0 4603 4692 14437 14446 43936 43707 132435 131488} {0 0 1.0 5 0.0 1.0 1.0 1.0 1.0 4.6 1.9 2.0 63 62 63 62 1000 1 1 1 0 0 0 0 0 0 0 0 -111111111 X 0 0} 0 {2 0 X} {-111111111 -111111111}
::rc_st::fg::map_reify_hier_drvr_info {1 . A 20} {2 -1840559247 -340034827} {{76867 0.0 81804 0.0 60900 0.0 65062 0.0} {76975 0.0 81884 0.0 61008 0.0 65142 0.0} {77192 0.0 82051 0.0 61225 0.0 65309 0.0} {77631 0.0 82403 0.0 61664 0.0 65661 0.0} {78472 0.0 83116 0.0 62505 0.0 66374 0.0} {80047 0.0 84517 0.0 64080 0.0 67775 0.0} {83199 0.0 87321 0.0 67232 0.0 70579 0.0} {89502 0.0 92929 0.0 73535 0.0 76187 0.0}} {1 0 0 0 0 0 0 0 0 4603 4692 14437 14446 43936 43707 132435 131488} {0 0 1.0 5 0.0 1.0 1.0 1.0 1.0 4.6 1.9 2.0 63 62 63 62 1000 1 1 1 0 0 0 0 0 0 0 0 -111111111 X 0 0} 0 {2 0 X} {-111111111 -111111111}
::rc_st::fg::map_reify_hier_drvr_info {1 . A 21} {2 -1840559247 -340034827} {{80109 0.0 85714 0.0 64142 0.0 68972 0.0} {80217 0.0 85794 0.0 64250 0.0 69052 0.0} {80434 0.0 85961 0.0 64467 0.0 69219 0.0} {80873 0.0 86313 0.0 64906 0.0 69571 0.0} {81714 0.0 87026 0.0 65747 0.0 70284 0.0} {83289 0.0 88427 0.0 67322 0.0 71685 0.0} {86441 0.0 91231 0.0 70474 0.0 74489 0.0} {92744 0.0 96839 0.0 76777 0.0 80097 0.0}} {1 0 0 0 0 0 0 0 0 4603 4692 14437 14446 43936 43707 132435 131488} {0 0 1.0 5 0.0 1.0 1.0 1.0 1.0 4.6 1.9 2.0 63 62 63 62 1000 1 1 1 0 0 0 0 0 0 0 0 -111111111 X 0 0} 0 {2 0 X} {-111111111 -111111111}
::rc_st::fg::map_reify_hier_drvr_info {1 . A 22} {2 -1840559247 -340034827} {{84911 0.0 92088 0.0 68944 0.0 75346 0.0} {85030 0.0 92183 0.0 69063 0.0 75441 0.0} {85272 0.0 92352 0.0 69305 0.0 75610 0.0} {85762 0.0 92689 0.0 69795 0.0 75947 0.0} {86591 0.0 93366 0.0 70624 0.0 76624 0.0} {87957 0.0 94685 0.0 71990 0.0 77943 0.0} {90689 0.0 97324 0.0 74722 0.0 80582 0.0} {96153 0.0 102602 0.0 80186 0.0 85860 0.0}} {1 0 0 0 0 0 0 0 0 3576 3268 10759 9947 32310 29983 96964 90091} {0 0 1.0 5 0.0 1.0 1.0 1.0 1.0 4.6 1.9 2.0 31 30 61 60 2000 1 2 2 0 0 0 0 0 0 0 0 -111111111 X 0 0} 0 {2 0 X} {-111111111 -111111111}
::rc_st::fg::map_reify_hier_drvr_info {1 . A 23} {2 -1840559247 -340034827} {{87038 0.0 92859 0.0 71071 0.0 76117 0.0} {87159 0.0 92951 0.0 71192 0.0 76209 0.0} {87402 0.0 93119 0.0 71435 0.0 76377 0.0} {87850 0.0 93436 0.0 71883 0.0 76694 0.0} {88579 0.0 93990 0.0 72612 0.0 77248 0.0} {89782 0.0 94940 0.0 73815 0.0 78198 0.0} {92187 0.0 96838 0.0 76220 0.0 80096 0.0} {96996 0.0 102367 0.0 81029 0.0 85625 0.0}} {1 0 0 0 0 0 0 0 0 3677 3561 11161 10442 33611 31085 100963 93013} {0 0 1.0 5 0.0 1.0 1.0 1.0 1.0 4.6 1.9 2.0 31 30 50 49 2000 1 2 2 0 0 0 0 0 0 0 0 -111111111 X 0 0} 0 {2 0 X} {-111111111 -111111111}
::rc_st::fg::map_reify_hier_drvr_info {1 . B 0} {2 -1840559247 -340034827} {{28237 0.0 27650 0.0 12443 0.0 12009 0.0} {28356 0.0 27759 0.0 12562 0.0 12118 0.0} {28582 0.0 27981 0.0 12788 0.0 12336 0.0} {28956 0.0 28419 0.0 13162 0.0 12708 0.0} {29520 0.0 29200 0.0 13726 0.0 13406 0.0} {30562 0.0 30562 0.0 14768 0.0 14768 0.0} {33285 0.0 33285 0.0 17491 0.0 17491 0.0} {38729 0.0 38729 0.0 23016 0.0 23016 0.0}} {1 0 0 0 0 0 0 0 0 4472 4369 13430 12889 40305 39764 120930 120389} {0 0 1.0 5 0.0 1.0 1.0 1.0 1.0 4.6 1.9 2.0 18 18 18 18 1000 1 1 1 0 0 0 0 0 0 0 0 -111111111 X 0 0} 0 {2 0 X} {-111111111 -111111111}
::rc_st::fg::map_reify_hier_drvr_info {1 . B 1} {2 -1840559247 -340034827} {{27693 0.0 28894 0.0 11769 0.0 12152 0.0} {27796 0.0 28990 0.0 11869 0.0 12248 0.0} {27980 0.0 29164 0.0 12070 0.0 12422 0.0} {28315 0.0 29489 0.0 12453 0.0 12747 0.0} {28940 0.0 30098 0.0 13163 0.0 13356 0.0} {30136 0.0 31246 0.0 14480 0.0 14504 0.0} {32620 0.0 33543 0.0 17113 0.0 16801 0.0} {37888 0.0 38140 0.0 22381 0.0 21398 0.0}} {1 0 0 0 0 0 0 0 0 4043 4070 12339 12363 37227 37243 111889 111882} {0 0 1.0 5 0.0 1.0 1.0 1.0 1.0 4.6 1.9 2.0 64 64 64 64 1000 1 1 1 0 0 0 0 0 0 0 0 -111111111 X 0 0} 0 {2 0 X} {-111111111 -111111111}
::rc_st::fg::map_reify_hier_drvr_info {1 . B 2} {2 -1840559247 -340034827} {{30981 0.0 32804 0.0 15014 0.0 16062 0.0} {31077 0.0 32900 0.0 15110 0.0 16158 0.0} {31279 0.0 33073 0.0 15312 0.0 16331 0.0} {31663 0.0 33399 0.0 15696 0.0 16657 0.0} {32376 0.0 34013 0.0 16409 0.0 17271 0.0} {33708 0.0 35174 0.0 17741 0.0 18432 0.0} {36371 0.0 37503 0.0 20404 0.0 20761 0.0} {41698 0.0 42161 0.0 25731 0.0 25419 0.0}} {1 0 0 0 0 0 0 0 0 4054 4070 12365 12363 37298 37243 112098 111882} {0 0 1.0 5 0.0 1.0 1.0 1.0 1.0 4.6 1.9 2.0 64 64 64 64 1000 1 1 1 0 0 0 0 0 0 0 0 -111111111 X 0 0} 0 {2 0 X} {-111111111 -111111111}
::rc_st::fg::map_reify_hier_drvr_info {1 . B 3} {2 -1840559247 -340034827} {{34223 0.0 36714 0.0 18256 0.0 19972 0.0} {34319 0.0 36810 0.0 18352 0.0 20068 0.0} {34521 0.0 36983 0.0 18554 0.0 20241 0.0} {34905 0.0 37309 0.0 18938 0.0 20567 0.0} {35618 0.0 37923 0.0 19651 0.0 21181 0.0} {36950 0.0 39084 0.0 20983 0.0 22342 0.0} {39613 0.0 41413 0.0 23646 0.0 24671 0.0} {44940 0.0 46071 0.0 28973 0.0 29329 0.0}} {1 0 0 0 0 0 0 0 0 4054 4070 12365 12363 37298 37243 112098 111882} {0 0 1.0 5 0.0 1.0 1.0 1.0 1.0 4.6 1.9 2.0 64 64 64 64 1000 1 1 1 0 0 0 0 0 0 0 0 -111111111 X 0 0} 0 {2 0 X} {-111111111 -111111111}
::rc_st::fg::map_reify_hier_drvr_info {1 . B 4} {2 -1840559247 -340034827} {{37465 0.0 40624 0.0 21498 0.0 23882 0.0} {37561 0.0 40720 0.0 21594 0.0 23978 0.0} {37763 0.0 40893 0.0 21796 0.0 24151 0.0} {38147 0.0 41219 0.0 22180 0.0 24477 0.0} {38860 0.0 41833 0.0 22893 0.0 25091 0.0} {40192 0.0 42994 0.0 24225 0.0 26252 0.0} {42855 0.0 45323 0.0 26888 0.0 28581 0.0} {48182 0.0 49981 0.0 32215 0.0 33239 0.0}} {1 0 0 0 0 0 0 0 0 4054 4070 12365 12363 37298 37243 112098 111882} {0 0 1.0 5 0.0 1.0 1.0 1.0 1.0 4.6 1.9 2.0 64 64 64 64 1000 1 1 1 0 0 0 0 0 0 0 0 -111111111 X 0 0} 0 {2 0 X} {-111111111 -111111111}
::rc_st::fg::map_reify_hier_drvr_info {1 . B 5} {2 -1840559247 -340034827} {{40707 0.0 44534 0.0 24740 0.0 27792 0.0} {40803 0.0 44630 0.0 24836 0.0 27888 0.0} {41005 0.0 44803 0.0 25038 0.0 28061 0.0} {41389 0.0 45129 0.0 25422 0.0 28387 0.0} {42102 0.0 45743 0.0 26135 0.0 29001 0.0} {43434 0.0 46904 0.0 27467 0.0 30162 0.0} {46097 0.0 49233 0.0 30130 0.0 32491 0.0} {51424 0.0 53891 0.0 35457 0.0 37149 0.0}} {1 0 0 0 0 0 0 0 0 4054 4070 12365 12363 37298 37243 112098 111882} {0 0 1.0 5 0.0 1.0 1.0 1.0 1.0 4.6 1.9 2.0 64 64 64 64 1000 1 1 1 0 0 0 0 0 0 0 0 -111111111 X 0 0} 0 {2 0 X} {-111111111 -111111111}
::rc_st::fg::map_reify_hier_drvr_info {1 . B 6} {2 -1840559247 -340034827} {{45492 0.0 50708 0.0 29525 0.0 33966 0.0} {45613 0.0 50789 0.0 29646 0.0 34047 0.0} {45860 0.0 50960 0.0 29893 0.0 34218 0.0} {46339 0.0 51346 0.0 30372 0.0 34604 0.0} {47125 0.0 52176 0.0 31158 0.0 35434 0.0} {48400 0.0 53840 0.0 32433 0.0 37098 0.0} {50949 0.0 57168 0.0 34982 0.0 40426 0.0} {56049 0.0 63822 0.0 40082 0.0 47080 0.0}} {1 0 0 0 0 0 0 0 0 3467 3972 10092 12099 29965 36481 89586 109625} {0 0 1.0 5 0.0 1.0 1.0 1.0 1.0 4.6 1.9 2.0 32 32 63 63 2000 1 2 2 0 0 0 0 0 0 0 0 -111111111 X 0 0} 0 {2 0 X} {-111111111 -111111111}
::rc_st::fg::map_reify_hier_drvr_info {1 . B 7} {2 -1840559247 -340034827} {{48802 0.0 51596 0.0 32835 0.0 34854 0.0} {48922 0.0 51674 0.0 32955 0.0 34932 0.0} {49163 0.0 51849 0.0 33196 0.0 35107 0.0} {49591 0.0 52253 0.0 33624 0.0 35511 0.0} {50238 0.0 53039 0.0 34271 0.0 36297 0.0} {51270 0.0 54410 0.0 35303 0.0 37668 0.0} {53333 0.0 57153 0.0 37366 0.0 40411 0.0} {57696 0.0 62639 0.0 41729 0.0 45897 0.0}} {1 0 0 0 0 0 0 0 0 3873 3539 11525 10205 34483 30205 103355 90204} {0 0 1.0 5 0.0 1.0 1.0 1.0 1.0 4.6 1.9 2.0 32 32 63 63 2000 1 2 2 0 0 0 0 0 0 0 0 -111111111 X 0 0} 0 {2 0 X} {-111111111 -111111111}
::rc_st::fg::map_reify_hier_drvr_info {1 . B 8} {2 -1840559247 -340034827} {{55361 0.0 59912 0.0 39394 0.0 43170 0.0} {55481 0.0 59993 0.0 39514 0.0 43251 0.0} {55719 0.0 60164 0.0 39752 0.0 43422 0.0} {56181 0.0 60555 0.0 40214 0.0 43813 0.0} {56938 0.0 61384 0.0 40971 0.0 44642 0.0} {58160 0.0 63001 0.0 42193 0.0 46259 0.0} {60606 0.0 66236 0.0 44639 0.0 49494 0.0} {65495 0.0 72704 0.0 49528 0.0 55962 0.0}} {1 0 0 0 0 0 0 0 0 3606 3899 11150 11655 33780 34925 101670 104735} {0 0 1.0 5 0.0 1.0 1.0 1.0 1.0 4.6 1.9 2.0 31 31 49 49 2000 1 2 2 0 0 0 0 0 0 0 0 -111111111 X 0 0} 0 {2 0 X} {-111111111 -111111111}
::rc_st::fg::map_reify_hier_drvr_info {1 . B 9} {2 -1840559247 -340034827} {{55875 0.0 60829 0.0 39908 0.0 44087 0.0} {55996 0.0 60911 0.0 40029 0.0 44169 0.0} {56237 0.0 61083 0.0 40270 0.0 44341 0.0} {56728 0.0 61459 0.0 40761 0.0 44717 0.0} {57577 0.0 62291 0.0 41610 0.0 45549 0.0} {58970 0.0 64060 0.0 43003 0.0 47318 0.0} {61756 0.0 67597 0.0 45789 0.0 50855 0.0} {67328 0.0 74673 0.0 51361 0.0 57931 0.0}} {1 0 0 0 0 0 0 0 0 3744 4348 11509 13309 34802 40192 104684 120841} {0 0 1.0 5 0.0 1.0 1.0 1.0 1.0 4.6 1.9 2.0 32 32 63 63 2000 1 2 2 0 0 0 0 0 0 0 0 -111111111 X 0 0} 0 {2 0 X} {-111111111 -111111111}
::rc_st::fg::map_reify_hier_drvr_info {1 . B 10} {2 -1840559247 -340034827} {{56128 0.0 60675 0.0 40161 0.0 43933 0.0} {56231 0.0 60756 0.0 40264 0.0 44014 0.0} {56445 0.0 60927 0.0 40478 0.0 44185 0.0} {56865 0.0 61318 0.0 40898 0.0 44576 0.0} {57590 0.0 62147 0.0 41623 0.0 45405 0.0} {58806 0.0 63767 0.0 42839 0.0 47025 0.0} {61239 0.0 67010 0.0 45272 0.0 50268 0.0} {66106 0.0 73494 0.0 50139 0.0 56752 0.0}} {1 0 0 0 0 0 0 0 0 3603 3911 11137 11698 33739 35061 101546 105148} {0 0 1.0 5 0.0 1.0 1.0 1.0 1.0 4.6 1.9 2.0 31 31 49 49 2000 1 2 2 0 0 0 0 0 0 0 0 -111111111 X 0 0} 0 {2 0 X} {-111111111 -111111111}
::rc_st::fg::map_reify_hier_drvr_info {1 . B 11} {2 -1840559247 -340034827} {{56287 0.0 59972 0.0 40320 0.0 43230 0.0} {56391 0.0 60082 0.0 40424 0.0 43340 0.0} {56605 0.0 60304 0.0 40638 0.0 43562 0.0} {57024 0.0 60715 0.0 41057 0.0 43973 0.0} {57749 0.0 61444 0.0 41782 0.0 44702 0.0} {58971 0.0 63061 0.0 43004 0.0 46319 0.0} {61414 0.0 66296 0.0 45447 0.0 49554 0.0} {66300 0.0 72764 0.0 50333 0.0 56022 0.0}} {1 0 0 0 0 0 0 0 0 3628 3899 11225 11655 34017 34925 102394 104735} {0 0 1.0 5 0.0 1.0 1.0 1.0 1.0 4.6 1.9 2.0 31 31 49 49 2000 1 2 2 0 0 0 0 0 0 0 0 -111111111 X 0 0} 0 {2 0 X} {-111111111 -111111111}
::rc_st::fg::map_reify_hier_drvr_info {1 . B 12} {2 -1840559247 -340034827} {{57734 0.0 62298 0.0 41767 0.0 45556 0.0} {57855 0.0 62379 0.0 41888 0.0 45637 0.0} {58103 0.0 62550 0.0 42136 0.0 45808 0.0} {58575 0.0 62941 0.0 42608 0.0 46199 0.0} {59329 0.0 63770 0.0 43362 0.0 47028 0.0} {60547 0.0 65387 0.0 44580 0.0 48645 0.0} {62983 0.0 68622 0.0 47016 0.0 51880 0.0} {67856 0.0 75090 0.0 51889 0.0 58348 0.0}} {1 0 0 0 0 0 0 0 0 3394 3833 9933 11589 29551 34859 88403 104669} {0 0 1.0 5 0.0 1.0 1.0 1.0 1.0 4.6 1.9 2.0 32 32 63 63 2000 1 2 2 0 0 0 0 0 0 0 0 -111111111 X 0 0} 0 {2 0 X} {-111111111 -111111111}
::rc_st::fg::map_reify_hier_drvr_info {1 . B 13} {2 -1840559247 -340034827} {{58195 0.0 63292 0.0 42228 0.0 46550 0.0} {58317 0.0 63374 0.0 42350 0.0 46632 0.0} {58558 0.0 63546 0.0 42591 0.0 46804 0.0} {59048 0.0 63922 0.0 43081 0.0 47180 0.0} {59894 0.0 64754 0.0 43927 0.0 48012 0.0} {61283 0.0 66523 0.0 45316 0.0 49781 0.0} {64060 0.0 70060 0.0 48093 0.0 53318 0.0} {69742 0.0 77136 0.0 53775 0.0 60394 0.0}} {1 0 0 0 0 0 0 0 0 3744 4348 11509 13309 34802 40192 104684 120841} {0 0 1.0 5 0.0 1.0 1.0 1.0 1.0 4.6 1.9 2.0 32 32 63 63 2000 1 2 2 0 0 0 0 0 0 0 0 -111111111 X 0 0} 0 {2 0 X} {-111111111 -111111111}
::rc_st::fg::map_reify_hier_drvr_info {1 . B 14} {2 -1840559247 -340034827} {{60962 0.0 64633 0.0 44995 0.0 47891 0.0} {61083 0.0 64713 0.0 45116 0.0 47971 0.0} {61331 0.0 64885 0.0 45364 0.0 48143 0.0} {61804 0.0 65274 0.0 45837 0.0 48532 0.0} {62565 0.0 66103 0.0 46598 0.0 49361 0.0} {63797 0.0 67731 0.0 47830 0.0 50989 0.0} {66259 0.0 70989 0.0 50292 0.0 54247 0.0} {71184 0.0 77505 0.0 55217 0.0 60763 0.0}} {1 0 0 0 0 0 0 0 0 3409 3867 9982 11717 29702 35264 88861 105908} {0 0 1.0 5 0.0 1.0 1.0 1.0 1.0 4.6 1.9 2.0 32 32 63 63 2000 1 2 2 0 0 0 0 0 0 0 0 -111111111 X 0 0} 0 {2 0 X} {-111111111 -111111111}
::rc_st::fg::map_reify_hier_drvr_info {1 . B 15} {2 -1840559247 -340034827} {{62296 0.0 64849 0.0 46329 0.0 48107 0.0} {62417 0.0 64926 0.0 46450 0.0 48184 0.0} {62655 0.0 65097 0.0 46688 0.0 48355 0.0} {63081 0.0 65459 0.0 47114 0.0 48717 0.0} {63755 0.0 66109 0.0 47788 0.0 49367 0.0} {64878 0.0 67194 0.0 48911 0.0 50452 0.0} {67689 0.0 69361 0.0 51722 0.0 52619 0.0} {73311 0.0 74788 0.0 57344 0.0 58046 0.0}} {1 0 0 0 0 0 0 0 0 3785 3437 11157 10135 33274 30228 99624 90506} {0 0 1.0 5 0.0 1.0 1.0 1.0 1.0 4.6 1.9 2.0 32 32 50 50 2000 1 2 2 0 0 0 0 0 0 0 0 -111111111 X 0 0} 0 {2 0 X} {-111111111 -111111111}
::rc_st::fg::map_reify_hier_drvr_info {1 . B 16} {2 -1840559247 -340034827} {{63841 0.0 66182 0.0 47874 0.0 49440 0.0} {63937 0.0 66278 0.0 47970 0.0 49536 0.0} {64139 0.0 66452 0.0 48172 0.0 49710 0.0} {64522 0.0 66777 0.0 48555 0.0 50035 0.0} {65235 0.0 67391 0.0 49268 0.0 50649 0.0} {66569 0.0 68557 0.0 50602 0.0 51815 0.0} {69237 0.0 70892 0.0 53270 0.0 54150 0.0} {74572 0.0 75564 0.0 58605 0.0 58822 0.0}} {1 0 0 0 0 0 0 0 0 4060 4067 12388 12346 37372 37185 112324 111701} {0 0 1.0 5 0.0 1.0 1.0 1.0 1.0 4.6 1.9 2.0 64 64 64 64 1000 1 1 1 0 0 0 0 0 0 0 0 -111111111 X 0 0} 0 {2 0 X} {-111111111 -111111111}
::rc_st::fg::map_reify_hier_drvr_info {1 . B 17} {2 -1840559247 -340034827} {{67083 0.0 70099 0.0 51116 0.0 53357 0.0} {67179 0.0 70195 0.0 51212 0.0 53453 0.0} {67381 0.0 70368 0.0 51414 0.0 53626 0.0} {67765 0.0 70694 0.0 51798 0.0 53952 0.0} {68478 0.0 71308 0.0 52511 0.0 54566 0.0} {69810 0.0 72469 0.0 53843 0.0 55727 0.0} {72473 0.0 74798 0.0 56506 0.0 58056 0.0} {77800 0.0 79456 0.0 61833 0.0 62714 0.0}} {1 0 0 0 0 0 0 0 0 4054 4067 12365 12346 37298 37185 112098 111701} {0 0 1.0 5 0.0 1.0 1.0 1.0 1.0 4.6 1.9 2.0 64 64 64 64 1000 1 1 1 0 0 0 0 0 0 0 0 -111111111 X 0 0} 0 {2 0 X} {-111111111 -111111111}
::rc_st::fg::map_reify_hier_drvr_info {1 . B 18} {2 -1840559247 -340034827} {{70325 0.0 74009 0.0 54358 0.0 57267 0.0} {70421 0.0 74105 0.0 54454 0.0 57363 0.0} {70623 0.0 74278 0.0 54656 0.0 57536 0.0} {71007 0.0 74604 0.0 55040 0.0 57862 0.0} {71720 0.0 75218 0.0 55753 0.0 58476 0.0} {73052 0.0 76379 0.0 57085 0.0 59637 0.0} {75715 0.0 78708 0.0 59748 0.0 61966 0.0} {81042 0.0 83366 0.0 65075 0.0 66624 0.0}} {1 0 0 0 0 0 0 0 0 4054 4067 12365 12346 37298 37185 112098 111701} {0 0 1.0 5 0.0 1.0 1.0 1.0 1.0 4.6 1.9 2.0 64 64 64 64 1000 1 1 1 0 0 0 0 0 0 0 0 -111111111 X 0 0} 0 {2 0 X} {-111111111 -111111111}
::rc_st::fg::map_reify_hier_drvr_info {1 . B 19} {2 -1840559247 -340034827} {{73567 0.0 77919 0.0 57600 0.0 61177 0.0} {73663 0.0 78015 0.0 57696 0.0 61273 0.0} {73865 0.0 78188 0.0 57898 0.0 61446 0.0} {74249 0.0 78514 0.0 58282 0.0 61772 0.0} {74962 0.0 79128 0.0 58995 0.0 62386 0.0} {76294 0.0 80289 0.0 60327 0.0 63547 0.0} {78957 0.0 82618 0.0 62990 0.0 65876 0.0} {84284 0.0 87276 0.0 68317 0.0 70534 0.0}} {1 0 0 0 0 0 0 0 0 4054 4067 12365 12346 37298 37185 112098 111701} {0 0 1.0 5 0.0 1.0 1.0 1.0 1.0 4.6 1.9 2.0 64 64 64 64 1000 1 1 1 0 0 0 0 0 0 0 0 -111111111 X 0 0} 0 {2 0 X} {-111111111 -111111111}
::rc_st::fg::map_reify_hier_drvr_info {1 . B 20} {2 -1840559247 -340034827} {{76809 0.0 81829 0.0 60842 0.0 65087 0.0} {76905 0.0 81925 0.0 60938 0.0 65183 0.0} {77107 0.0 82098 0.0 61140 0.0 65356 0.0} {77491 0.0 82424 0.0 61524 0.0 65682 0.0} {78204 0.0 83038 0.0 62237 0.0 66296 0.0} {79536 0.0 84199 0.0 63569 0.0 67457 0.0} {82199 0.0 86528 0.0 66232 0.0 69786 0.0} {87526 0.0 91186 0.0 71559 0.0 74444 0.0}} {1 0 0 0 0 0 0 0 0 4054 4067 12365 12346 37298 37185 112098 111701} {0 0 1.0 5 0.0 1.0 1.0 1.0 1.0 4.6 1.9 2.0 64 64 64 64 1000 1 1 1 0 0 0 0 0 0 0 0 -111111111 X 0 0} 0 {2 0 X} {-111111111 -111111111}
::rc_st::fg::map_reify_hier_drvr_info {1 . B 21} {2 -1840559247 -340034827} {{80051 0.0 85739 0.0 64084 0.0 68997 0.0} {80147 0.0 85835 0.0 64180 0.0 69093 0.0} {80349 0.0 86008 0.0 64382 0.0 69266 0.0} {80733 0.0 86334 0.0 64766 0.0 69592 0.0} {81446 0.0 86948 0.0 65479 0.0 70206 0.0} {82778 0.0 88109 0.0 66811 0.0 71367 0.0} {85441 0.0 90438 0.0 69474 0.0 73696 0.0} {90768 0.0 95096 0.0 74801 0.0 78354 0.0}} {1 0 0 0 0 0 0 0 0 4054 4067 12365 12346 37298 37185 112098 111701} {0 0 1.0 5 0.0 1.0 1.0 1.0 1.0 4.6 1.9 2.0 64 64 64 64 1000 1 1 1 0 0 0 0 0 0 0 0 -111111111 X 0 0} 0 {2 0 X} {-111111111 -111111111}
::rc_st::fg::map_reify_hier_drvr_info {1 . B 22} {2 -1840559247 -340034827} {{84836 0.0 91913 0.0 68869 0.0 75171 0.0} {84957 0.0 91994 0.0 68990 0.0 75252 0.0} {85204 0.0 92165 0.0 69237 0.0 75423 0.0} {85683 0.0 92551 0.0 69716 0.0 75809 0.0} {86469 0.0 93381 0.0 70502 0.0 76639 0.0} {87744 0.0 95045 0.0 71777 0.0 78303 0.0} {90293 0.0 98373 0.0 74326 0.0 81631 0.0} {95393 0.0 105027 0.0 79426 0.0 88285 0.0}} {1 0 0 0 0 0 0 0 0 3467 3972 10092 12099 29965 36481 89586 109625} {0 0 1.0 5 0.0 1.0 1.0 1.0 1.0 4.6 1.9 2.0 32 32 63 63 2000 1 2 2 0 0 0 0 0 0 0 0 -111111111 X 0 0} 0 {2 0 X} {-111111111 -111111111}
::rc_st::fg::map_reify_hier_drvr_info {1 . B 23} {2 -1840559247 -340034827} {{86938 0.0 92687 0.0 70971 0.0 75945 0.0} {87059 0.0 92764 0.0 71092 0.0 76022 0.0} {87297 0.0 92935 0.0 71330 0.0 76193 0.0} {87723 0.0 93297 0.0 71756 0.0 76555 0.0} {88397 0.0 93947 0.0 72430 0.0 77205 0.0} {89500 0.0 95032 0.0 73533 0.0 78290 0.0} {91705 0.0 97199 0.0 75738 0.0 80457 0.0} {96569 0.0 101655 0.0 80602 0.0 84913 0.0}} {1 0 0 0 0 0 0 0 0 3786 3437 11158 10135 33275 30228 99625 90506} {0 0 1.0 5 0.0 1.0 1.0 1.0 1.0 4.6 1.9 2.0 32 32 50 50 2000 1 2 2 0 0 0 0 0 0 0 0 -111111111 X 0 0} 0 {2 0 X} {-111111111 -111111111}
::rc_st::fg::map_reify_hier_drvr_info {1 . cb_parti_g1886_in_0 0} {2 -1840559247 -340034827} {{93378 0.0 89729 0.0 76636 0.0 73762 0.0} {93479 0.0 89823 0.0 76737 0.0 73856 0.0} {93669 0.0 89996 0.0 76927 0.0 74029 0.0} {94023 0.0 90341 0.0 77281 0.0 74374 0.0} {94637 0.0 90972 0.0 77895 0.0 75005 0.0} {95698 0.0 92067 0.0 78956 0.0 76100 0.0} {97819 0.0 94258 0.0 81077 0.0 78291 0.0} {102061 0.0 98638 0.0 85319 0.0 82671 0.0}} {1 0 0 0 0 0 0 0 0 3077 2859 8951 8082 26574 23752 79444 70762} {0 0 1.0 5 0.0 1.0 1.0 1.0 1.0 4.6 1.9 2.0 30 30 30 30 1000 1 1 1 0 0 0 0 0 0 0 0 -111111111 X 0 0} 1 {2 0 X} {-111111111 -111111111}
::rc_st::fg::map_reify_hier_drvr_info {1 . cb_parti_g1886_in_1 0} {2 -1840559247 -340034827} {{90301 0.0 95323 0.0 74334 0.0 78581 0.0} {90421 0.0 95401 0.0 74454 0.0 78659 0.0} {90651 0.0 95575 0.0 74684 0.0 78833 0.0} {91038 0.0 95979 0.0 75071 0.0 79237 0.0} {91603 0.0 96745 0.0 75636 0.0 80003 0.0} {92503 0.0 98026 0.0 76536 0.0 81284 0.0} {94303 0.0 100587 0.0 78336 0.0 83845 0.0} {97903 0.0 105709 0.0 81936 0.0 88967 0.0}} {1 0 0 0 0 0 0 0 0 2404 3096 6851 8978 20191 26625 60214 79565} {0 0 1.0 5 0.0 1.0 1.0 1.0 1.0 4.6 1.9 2.0 31 31 31 31 1000 1 1 1 0 0 0 0 0 0 0 0 -111111111 X 0 0} 0 {2 0 X} {-111111111 -111111111}
::rc_st::fg::map_reify_hier_drvr_info {1 . cb_parti_g1886_in_2 0} {2 -1840559247 -340034827} {{90758 0.0 95325 0.0 74791 0.0 78583 0.0} {90860 0.0 95420 0.0 74893 0.0 78678 0.0} {91084 0.0 95596 0.0 75117 0.0 78854 0.0} {91523 0.0 95935 0.0 75556 0.0 79193 0.0} {92253 0.0 96528 0.0 76286 0.0 79786 0.0} {93425 0.0 97516 0.0 77458 0.0 80774 0.0} {95769 0.0 99492 0.0 79802 0.0 82750 0.0} {100459 0.0 103442 0.0 84492 0.0 86700 0.0}} {1 0 0 0 0 0 0 0 0 3303 2483 9474 7006 27989 20576 83531 61287} {0 0 1.0 5 0.0 1.0 1.0 1.0 1.0 4.6 1.9 2.0 30 30 30 30 1000 1 1 1 0 0 0 0 0 0 0 0 -111111111 X 0 0} 0 {2 0 X} {-111111111 -111111111}
::rc_st::fg::map_reify_hier_drvr_info {1 . cb_parti_g1886_in_3 0} {2 -1840559247 -340034827} {{90823 0.0 95560 0.0 74856 0.0 78818 0.0} {90919 0.0 95659 0.0 74952 0.0 78917 0.0} {91110 0.0 95837 0.0 75143 0.0 79095 0.0} {91474 0.0 96180 0.0 75507 0.0 79438 0.0} {92099 0.0 96798 0.0 76132 0.0 80056 0.0} {93172 0.0 97862 0.0 77205 0.0 81120 0.0} {95318 0.0 99989 0.0 79351 0.0 83247 0.0} {99610 0.0 104245 0.0 83643 0.0 87503 0.0}} {1 0 0 0 0 0 0 0 0 3071 2795 8974 7880 26684 23134 79811 68897} {0 0 1.0 5 0.0 1.0 1.0 1.0 1.0 4.6 1.9 2.0 30 29 30 29 1000 1 1 1 0 0 0 0 0 0 0 0 -111111111 X 0 0} 1 {2 0 X} {-111111111 -111111111}
::rc_st::fg::map_reify_hier_drvr_info {1 . cb_parti_g1897_in_0 0} {2 -1840559247 -340034827} {{91054 0.0 86369 0.0 74312 0.0 70402 0.0} {91150 0.0 86477 0.0 74408 0.0 70510 0.0} {91339 0.0 86714 0.0 74597 0.0 70747 0.0} {91700 0.0 87193 0.0 74958 0.0 71226 0.0} {92325 0.0 87986 0.0 75583 0.0 72019 0.0} {93400 0.0 89237 0.0 76658 0.0 73270 0.0} {95550 0.0 91741 0.0 78808 0.0 75774 0.0} {99851 0.0 96746 0.0 83109 0.0 80779 0.0}} {1 0 0 0 0 0 0 0 0 3059 3107 8893 8646 26394 25262 78897 75112} {0 0 1.0 5 0.0 1.0 1.0 1.0 1.0 4.6 1.9 2.0 31 30 31 30 1000 1 1 1 0 0 0 0 0 0 0 0 -111111111 X 0 0} 0 {2 0 X} {-111111111 -111111111}
::rc_st::fg::map_reify_hier_drvr_info {1 . cb_parti_g1897_in_1 0} {2 -1840559247 -340034827} {{87369 0.0 92024 0.0 71402 0.0 75282 0.0} {87464 0.0 92131 0.0 71497 0.0 75389 0.0} {87651 0.0 92373 0.0 71684 0.0 75631 0.0} {87994 0.0 92828 0.0 72027 0.0 76086 0.0} {88558 0.0 93519 0.0 72591 0.0 76777 0.0} {89513 0.0 94566 0.0 73546 0.0 77824 0.0} {91424 0.0 96663 0.0 75457 0.0 79921 0.0} {95243 0.0 100856 0.0 79276 0.0 84114 0.0}} {1 0 0 0 0 0 0 0 0 2671 2563 7804 7099 23202 20704 69397 61521} {0 0 1.0 5 0.0 1.0 1.0 1.0 1.0 4.6 1.9 2.0 31 30 31 30 1000 1 1 1 0 0 0 0 0 0 0 0 -111111111 X 0 0} 0 {2 0 X} {-111111111 -111111111}
::rc_st::fg::map_reify_hier_drvr_info {1 . cb_parti_g1897_in_3 0} {2 -1840559247 -340034827} {{93276 0.0 88701 0.0 76534 0.0 72734 0.0} {93379 0.0 88808 0.0 76637 0.0 72841 0.0} {93601 0.0 89050 0.0 76859 0.0 73083 0.0} {94039 0.0 89493 0.0 77297 0.0 73526 0.0} {94774 0.0 90158 0.0 78032 0.0 74191 0.0} {95962 0.0 91169 0.0 79220 0.0 75202 0.0} {98337 0.0 93193 0.0 81595 0.0 77226 0.0} {103088 0.0 97240 0.0 86346 0.0 81273 0.0}} {1 0 0 0 0 0 0 0 0 3376 2337 9641 6297 28434 18178 84813 53822} {0 0 1.0 5 0.0 1.0 1.0 1.0 1.0 4.6 1.9 2.0 32 32 32 32 1000 1 1 1 0 0 0 0 0 0 0 0 -111111111 X 0 0} 0 {2 0 X} {-111111111 -111111111}
::rc_st::fg::map_slackq_result default {}
::rc_st::fg::map_slackq_result clk {{1 . B 7} 0 {1 . A 9} 0 {1 . B 2} 0 {1 . A 8} 0 {1 . B 10} 0 {1 . cb_parti_g1886_in_1 0} 0 {1 . A 15} 0 {1 . A 1} 0 {1 . B 23} 0 {1 . cb_parti_g1897_in_3 0} 0 {1 . A 10} 0 {1 . cb_parti_g1886_in_0 0} 0 {1 . A 16} 0 {1 . B 11} 0 {1 . cb_parti_g1897_in_0 0} 0 {1 . B 5} 0 {1 . cb_parti_g1897_in_1 0} 0 {1 . cb_parti_g1886_in_2 0} 0 {1 . B 9} 0 {1 . A 17} 0 {1 . A 12} 0 {1 . A 21} 0 {1 . A 6} 0 {1 . A 7} 0 {1 . A 4} 0 {1 . B 22} 0 {1 . B 0} 0 {1 . A 11} 0 {1 . A 23} 0 {1 . B 18} 0 {1 . B 17} 0 {1 . A 19} 0 {1 . B 15} 0 {1 . A 13} 0 {1 . A 3} 0 {1 . A 22} 0 {1 . A 0} 0 {1 . A 5} 0 {1 . B 3} 0 {1 . B 6} 0 {1 . B 1} 0 {1 . A 18} 0 {1 . B 16} 0 {1 . B 13} 0 {1 . A 14} 0 {1 . B 21} 0 {1 . B 4} 0 {1 . cb_parti_g1886_in_3 0} 0 {1 . B 20} 0 {1 . B 19} 0 {1 . A 2} 0 {1 . B 8} 0 {1 . B 12} 0 {1 . B 14} 0 {1 . A 20} 0}
::rc_st::fg::map_complete
