read_db -super_threading -from_tcl {4Aw+EkMzfnx0GZyrigkvms8tBnsOoo6AfAKtvJ26XDDNfSBnFSwzFJ1dDoSbtBzFztpbqrlgEaP/ 5FwyObryikwcuMzmAbY6YEymAod8YWivHqB4wPVKuj8rXHDJDHSJXQQmcPhInRYNxkes0dxyOPQA cCkPyzaT4TGdB7g6jAth4ECvNTZ8TF64QFK/Zuyz1v0u6undLimlQcFU5HI3wOtj4Q5brxb4kGcJ NQHBp9TZRtPwYjTbjPj4spk/Ek/FxfMQaawGpJ+3COtGTyseWw43GRCg0/yvC7FdTXh4Veg9dZif 265IGPP872Mh7A90JDvWwp7uzlQklriJxSwI8hBIw7VIxXh96MLM2wAvupAclygO58Wz6aJ5LmtA x4LAOv8FysZxYi9ZxTTw8pclDwzmbLO2VkWicz5aXcTicNL/5hTjTZTBztxH+rhJOdTzZl6HVVPI 2Zj576IuKh0Xt4D5RYul/bJM5o1vqinPuyFyUfyUypYt0E3aSZscszeJo/fuLxA1ttqFBEOiQ1QE nI/qoW0EFu6bX7fuNfn1DFQ94ZbWYKJKbA1mzGiEda8FxJoVX0hzTbhW5Xyy6+MEtr38rHuRlifb iJT7FgQWLiyP26Wvsd2v60MKzwj84HiTRVcLAFI/LfBkCnKVIx9HVsBnOWsUDUmvs52dr9O9rHkJ 64kEHnxlKnToo8vUuQTO4rNFMwiJm/4fUUhtXiFTN4PU/8C+LvHUOW6B8gOT1wWEX1bVqwBjIz4X hZ0rXP4vI258ft+8XSZBBuMnV5Ls6ZtROimoA3raG3yV3Muf5GIM/w73ftW+JVyWKGSklWdXMDlb Nu6gQkk6AoCFMpaA+ck3GAg1kx326dD9SsIkT/rke+DEjqvhwXHLbvyOTt2SQh5IIAIPNtsHf4tz NqOkn/EkeLY6OO1crWXLaP46goyBRtf2Bpu2wjwm4UsrR+MyrSFfyl9X8/5ACgG9cx2/PIFeTqD5 A3C+coTFRdrmpXq6bRXd94NU564ciMqfGOsk2f69zxdtxe6W5XjMMsWlk6s8DuHfnOBQNO/DYCxZ bSE8ta+C83YlsW6GbBvvA5gEPAnEzVb8enUR9DXWpH7b5Q3gBjybQz0+q/8L5Xrh1frhGGrBjVeZ isP/PkRYUAzHx+tVLj21jMVeF+6MSqEeb5nY43Pb34ZLRbko5zkL+hYLPLpVR+wVlju5kb+Mg/JA QmdckExBmYpTfYSxpMCKXlyvhRJA4+2hsjs27s02Foewh5WwXbo6OidqbpHC+/3M1jbcQxn0khuh 2Ay0FWO81Xm5DAoZj9Prs4svr4AKd20rV1Z1rQCiQMlxa0t9k3dIsX0zHCCUvNmqKg/bXcSSqooW ZeGg0XG07VVR1Tem8y52TaCWfX2rYfk8rmoo0q8okoSvydTLUBEzkjsD9k6MLFcFisdTJBcU/wU2 JAhuN6+m8OfKYhrwHaDppCZQbHImie/UclF2z6G8vQkJk0ptTs0xtOjPyZMAaFyktb/k/K+8neVK 3dFb4EJ1NSttTU2nhpf0wrGBIQAr9vsXRVbv0qjX6bf7W3yphXRMPr0IexcNYSYf+jRQ4rGb5NM5 y44IUYcbnhoeIsg9zL7MY2VwjPtjowuph/FKyTQAvwQXvVbP4gfdc+L2ToHzp9pUnqCzG1KsBbco ZSnK4txecxgpVGkKEH9EYYzmD3LMBYiLEMORRRFtLTz7QL2pdtlsUAuJVWgMIWaswIPus/SwpPaa 70cDeYywp+5qcoYJbBjYkaylcylPQpSX5p0rcDzLJrhO93tglsKv45Tz2MxBhJEnHRX4Wdz/Fgnq XXJjn4GNopGjY8UeYZb/tcjA+FP42pnIt7P+KvS0HgHebiThbexFYSw9SdvFDymrkBCD/TgkttPX 1tALxC78RKwSMkNOg/Kc+Nbmp50y1c4uGNE2FCfKklCbsJZWZS5FIzKbddvp/Y7C4eULZOv8Vvz1 ZsysjQm7xVBMcG+lCRUxgNpvk/nSWnEyGrAqhb5E+v9DsujpYUUk7GjECTtGdObUPKqSzzNVzXpI w/8xl8J7SW3keyIyIB7ee//NAc+owVY2MIiT5+VZQSktAWuFot6pHl6FgvjWsk0yPlZN4PRdX3nq 4eUfJUQJVLX04x89inklX3HoCrq/RPB9Vh6H5EM7AXbhiO1DhOEfA3L9+Erp9TUjybQ9oKnBr5uw U2rt+GnyJS0dmvKBXuMiN/XigzX4CK2FHpLLsMnffmHasK5Dy4MWXcHg9A2wQVq0TWLHeI4Tp+zF jT+Lbxa2c7OCLrw+qNgSxZmTvP3jtK/Pt3baCn3Pnrxw3yREMpDG4QnkDhOqa8dtJbL1zaoaEJ0V 3R4kdrpvmOQMJzDkGC7dT39cqPWGVJxeO9unddiEQqYV0Hn/eJLk92MdSzT5yQU3BQ/zad2Eyec5 OEpE/j1EislsY+r9RBXWiN1331CoDWt79q/jfnKjm4Y7//76s1hRvXoyecQqh53YGs+29MUKWNlS DWWsFSGLIF5VTFGTcVqMgAATE/NkVktsoEOaZDryjaOwMjHYUU4g6+lu68wyKxrDXpsAQIZXzRVC EsQlQZK68GOHvDJJHKR/7ITGk+SSUZcqPxUXsOeUb3YrGQQUrlv40LHy6v0R2fzATKXOyxhHSAIk O5GmRgrcrHp3mLRLCRWUbPW1860+e5AYktk0tfs4MDT9JVj0hwKR8Xyv/51l6BPr79lbmI8tQBWz SqPIORJsWfWJhUGZdvay4tuooCT4B4za82WY5sgwoeyRbgBXoI5bUoKKDkLRkMNtymLdll/S5iCw eRdbQwhfwZbaNy/BgYyiHMnnmhjkeSL+95jzf1jLcFVDoIGHnqDjjDr4eHpB1HNNPL25eaIMFXXx o32dqFDvC5X0eeBoS7IoNNNl8+B4pVmCUBawvUi25QRm/xaPdrqYMwU+h0nJanVmoX8BeuOF+mdx N1YWf/jcXXXvbPdjllXZweqJw+Fd51JDEFND9DChNYT2xl2w1U+7Iw/3FJhrIWDW6gKelBQMnxTo Neca4OKLWf3NOXzsvHljPBx51vKxmbNUrLfuTsMgHtEQOatFogOt2WE1VP5x5ipu4qUmAsd0YKo0 m5onqUIM3Pv8gghhmSwXUofJpFSivGc93EyX1Fw3btDplGxE8drxskGjBoh6HQXZDA+61qSBioG/ ZoZVGNUmMbyvWK6O6O+IfcHQhqZk7QUgwfY9AK4wJgixnvv6+PIOy9vl0nW5pOH1cD5D/M+yuRaA RblVhKDJt2BmdaDR5EcnD9sE29aZgTohEQWQdblqRcLcnTKvZR8J6RmvLrz+LACl6d7/Uo3NEGY4 upfTYV4x4znvd5aOu2L/3TI9VX+QpigPtJ4VbblnuV6kMhpCmPK/+r83E8jFPxl2zyW692LgoOBw zB8mC4h7y6ZybxKw+WOIc1R0OJsSu8DyT4l/Ylz2l9Ovv38XbCkN+0TiM3fwM5ehGdrs6bVx2LgL sARsbflKvvKsE7N7wACvHvNo3XvDZmPinwTZRSBEbd0GCWNiLhEKk6jjo54vdI1UBMF++wHolWLZ mQaGPeTjrWVXciF501R6bNVt4cTL3XFSoIFXQcVaLfreFAxUgS2W5O/8bGe4rkDPSlWOYKwN5sfJ 99OrtSXnOQtIZ5hw0+lmSYEZicqV+8PIceirjdaz6uS/E4z0sO1c5ey9gPAoug2RR+Dw4Tm4ZnmO wrT7z4UaZQxGLDPbFE08GbcAo7Iiy9YA+Zla0fKrT5yt+ZTyjusQZRutxBdQuNycxcq/BSupYDkv Vi/lbvjq8VKpZI4yuhfBcpN/bKapC6Bbl9AjuA+c5gv5ihhFkf6oqqdRMe4vtI0qz81UmnJECLZq 3HxFuBa3g+4Y1IsMDrgOp37WnHVD7PYhYH1JYe3pwg2CpWMuenQrn9dBZxN98cgj1iCbOuwytM2V 2AX1W94rmEPEbI9P0rH9cuSc9CZwpRvaNZ3YUX5ziMBaIQqHsKZnVT+r3r3xweCXOKhBOxuU9r8A bFSye0/ewF4v8l/2EnVFw2UFKkOdjwGsrGYw5I+zdjOoo+7rWwuR8eWDESSll4CpPcK8/AXAkDGg 3uoY2gfPTsHKLEdNHTQ/U2Jf1QMChxtXR0hse7NdxGMrNgB1833GUOgarLXwnxy8mVLObp/d+IdY +r7CZldyxBS/lfLkCMVc71w1RHRFbU/HociAyLPEg2e2IBMSu14qX3EC4lTJJ3JEfLQmlttJEN2U LBRagCawIIs43ONMojSBQxTC17q6d0VyEPQf8A4N7b/HbwfSD4F4aAHOCZAR0Hopw3D/AGgcz3Km NwT/qRLx6ofM0JRKwnmstmgWtg1xI/IHwuvx3ywFCfrFqV62bMCbnFdpTRYftb11uHwIAHFeHKJW 16tXR9aEhlK4NiRBTdnf1jUvkZx1+zNUDQnnaYZIfjVFzlUrwc7OaeJikjh5nPBVuWqvLzAgkJEz UUId+JXH1i/TzpyO1VOMUOM9F+BxN9/wuk+/PMFxU1BOLbUrM0gjWBYdQSzOFR6DuPK2f7jgmm9p USxn45mgTbkE1Jz9CJDbuIu7o+43OFWtgJY8P0g98yHuqlbuSNvvG3GWw4MK/7MLBC09OYZhbXzW dcmwEC7+WKL007l3wjljyG0Wn37e1dhoGjAFBBdubUuQ0A5NhDUHpyUpUBEQyrlL51YxBWxRl2aN YmPje2idVLXExpDndDQ3sEjC7d+lkx84gNKjNT7WUVekIPbgSLCwcR2QC/wvUY0g2w75EujpFlGK 9/42T/pRxYWf3se1WcyN3B/sIrJ3aSK2PPAC0Nd/eN2fu/jlugVk5DhULA5dd0zobiCw1reo6UFF iad8IXBqRBwgEJRDlzLGZbSMgi9BIIKwTwhe6A+5QGF6983KHsnHjMC8xLgoQ02h7eNXxWKhCE3/ VwYSiRksdAxTb405M5dYoDUH4+zsXsj0/TalorY9R9UFyyA4pKXmGK96y7hdEp+MReASnN1/Tzu2 E1IfgIFnv76G7XvYtgb1EAUQ9YquUxE8UNNs4UexUoE0hfsvE+FnDSOfJqeJ8lOWsH2gUGTwE61A HgS/8pL73NczVeiFLtzbZXzr+Ujgyjq5LT/uQxNgkjApfC7d5PF4C0lMJtsNDja93VR01qkvYDLy W1oR4gwG4qmgq98CYaQvr+BoSblHUS8ZEwr5r4m0n6U4IrbVx1ahRqC7CNzKnPg6mGE3YXt1gsaV D7huwSJPPaPl/Avtm4M368hDWgIi7R3j8iW2lf8TmCzb8Zt2BPAOi6rztJbbA8in+zX3K6DVGsEB LDorke5o4sTbZJEH9cuuwKZMkeLFNLkgPQszqorIM+sBBzlANPiiG5lgwXQCiGDxAfFvKdp6SX8Z e1FDF9hFQhVw8p+Qrdt3vfhvNoi9o6qJIEHv3GSrZP7myQiUUxlh+gIK+wDTc4sZYnqksmd1o7SJ viywlI3XhFumFL+k5yJcmb+mfKIL2QT1lgcUXbpABp6DH9RxnNPEK66B8bAOMHmJs5cZcgjKFWPy NN7t2kJLWYIAjQklP89PNq30kF6uMb4x2Yz6LsUMRkQeV+LByXz4aZwhLIcJCBeQPpMHTZ9XPqM5 obiMymMv1YMuDLLZBLLN7uF51hpKwTooOOmAzhnZISb969kx3611NP22SmfoVCKT44n+OTdPPeSM igXNmRILvsvLjVLXVIYIBkHuTX0ISZbF+Z4nb3LUDEIxSE3IjRinw1T7ee0gHUcbWm5pV1jZroVr fwv+0OklO54HZOrNKgExMc+woSrTJiPfHmRHDj1P9P2Pwc+MDcnhql914K8rPfNq4e9BaZK/0IW/ XwN+r7qXgnyQ6P7xf+oRLt/pZ1hza7oScy/GK1jaDxNVYY5y+bno7GXgTLTi4snsb9p6kxAHWRU3 nYpQkOjgbzsn+b4iLMtxAbO6RLhkEWRxPEEeE62uKstuwA+N10yRflmjb3UIY/yhr/4YpNAS8y3U MFp/E8zYCsW6v6M1AB3/fB+aiOcgU/A9cAyGXdBsv8cWEY/78VnfjJm4Ha8Gx97ClON12PTnIHa6 MCRJnHnUDqCo1B5NgvkEQtV5p+UEx2DV5P3q1h3RYOHTMDhFhDl+loEyFefcq6lPWIZuQuoEkJoP bBXuc91Pogm+1Ouo/CTSs1ePMz/7IoEZ75Ozm972ehy6pVbwZfPEOOkksYxjghBpv1cUs9HtL7p7 MPSTqTW42A4MPzdVaJjIRN2KTFtzVykx4SSmlItJ5Nfw5MyndH1nNKsSE898ADb7p3DlMCwdCQtc K4LW4MUVWmZ/wijYpzh4wPnR2cfg9syaOSrYHkaAvnhGbFpB9zsK8dPbykWZ0Rlq+q8KfpXmftBP gxXvnO257UrvMAa5mUY3xuxL4q34M71n2TXkXbhpR3CyWVD5qsr3jeW5W3Qzs37DyEH9dqDTcQgT EO/lfsY4Gf9ueFKcDvCaxeE5uy/O8eTTEHgOAgNnBvc+aXzUlXlXF3mKEsDdNjrEaP96Lf/jsZyg qoZbRfh/qaytElLoO+yDPQBmJota2sQgVlfNPS1Uif7d+24T2gReUGaiNkmnZpQjZYxy/GvfBjKm rcbPGlRsWpYLLJvaZ/ttvcLqgzb62n9w3tSSTn1eFbiJrhVxV4k7KPZ1qwh9DGcDLo79xKKwoN+w byiZ3u1EyDMxydgW6AR2KPt/at92JZzBsrAROyxQ2442sMn6ZKdGK055UCy57qvRmbUO5gV7Ufcb bcPxDJqWm8zevbtVqpvhNidGsp8BPtzMFu+GtUeqFlZP/ja560LQqISg9O4nEfmxmDTrE1dNRuYs qZ6hVCRERw8hGMHfRsr/CLmcl6b4FWCPF9KZx3HR8yA5AU3pC5IeNdbjaBK+e6SNDfIWsor8S1LA lF7Q+8dNRsAZdOOtIOHBcC+yOfLWuiNCYYzzIgYJau7m0mj9fiCVHoQDuopUbIGhPhs8cWhAXf2y KcaflItgNd6dr4TgLps3GNw/Pv6ZRU2VxYZkQcEnbnVLWiFc8rZqNBhVnrMg5CckS4gAQPLcxD9b QZO19Y51JuUf2FSf+KC4r42KH3WqK5gDfYK9lSrrlZjGmQbuOhIiB0b/Urk+kdag68CJRaC6sxtj xWJVKw7hxheAIwWcpDZlwz6MepPnR7LYHuT6RpEXe8zGPrl+2GOLmL/kUbLzmPXXbqs7ZdtIajV8 T7V0bxOWEuR5+r6KssdUiqwcNRpNVrS67FBoPuvKfymUYCcjUG9eaxce44vcu5LmXRkafXl4g+Cz LaVQhpbc0EiZXjKduFuemAYk7fO1pBgJuWt9R0How3jYBvmOMNizEhCaim1ApPOZX6tW3MxUp8zZ Kz9eZ+YBpHKDACyt+o33aEsqAFkrYLjkYF562zd9nb7RYslKAQs7hZ1ZM4fh5ZzwIn2zbyXXVtSP 4k3I+6dhv5MXCNeHGxlk8Vngwlhs+lipTO8icrG8OHiWrDJjoTMrHndVfUxMvVMUC21PWA7ahQMt lIr/wZvlcLAwEkT1DRdVmYAfHyPxQNSB6QsR75+4CeJ+IsBPgPqq7uTzGjYor8sN2f1DJhM293Ed u0aVHvPbaQnw1zVA9KotWTDQD/j3xhfkhNs/AThC6QFuxQDpSt95udh/r7gXlZ4IaU16OJZQcn/V erKp4IcGZfi98+kuwWBu9QhLnBLWpjagPwgxHbBBEaBWRtNcOg5DbGyfUribzCL/Yuw9uxzH6olJ nac16bAamva+aHi2zw+D/ufcf7pDXmBAwoVdgJhSxWr04iU5zb288m85WtnqzeB3R0rmA9OwMLk0 NJ9AC/YQjc35ewzP3DIhyrqnjvHToqZfMsxE7liiOe9fMPZC4rw9dMD8FkoasiPz3BaM/6PC2Pwg 7iU0mnE+gQLOCSn6u1X4VpZAixtf9jxN+ehZwDDDmt2hYBQ4qgiiCgInatyn26hbEm8b2BIG1s6k NVrzGiRnG4ofZ5lUXdVItUfNpnHzv8ybjuWQ67Ph0MlX+VvhsdJiet4+FM9zjJp/ZRuuNn6DCtXZ YsithuaGjO31Lw2FaUSlfOgRPtlpy0idBNZHlEqI/j6Yt0zv93MWJHgDRPQHfjR0/WEPJZgLyFMH oapWZrVJyZ1uCvRf29LRr7l/jr6VAt1Sl9xxG6VEiQvQ/UWQKAp1iVN6yGWJE4TuOYPh0t0VIpwd YvU5+qsip+dXLYEqyXezWxcTPR+PqK3FbBDhTylv+ocuFISYa1JJl+Q355E1DOz732wqk3JC6p/h Dn3WbevouJVhIn4X16zzlK4pBdwxaL51wIUDo9xo1Oqz/P+4CDAOeOCy19lOwjOx6WCMbYLfDapd CPu9pas6Q4dK2zgkMfsFAZ9qzeth/6w3PZOVsBRmJhdWofN/BbUPaAFXlE5bQGVj0kF1gu9wiE28 hGJZVXjBazEVLEkx9IXsfyDtE0wpkvsuomN0QxcgelsNWB+mK/9U4D472tNV8krzQoupD2HzSRc0 e7WNdnAewzojBy1KaDsRlOUU6Z3vCcGwsOnN1x/UO5QHfghD6aABm8YOcqOdat2zebc5XLlPQoxb rqtmx+Cw/3r0keF4vYCntsIiKIku0ThUW4CrI19MPG7Q3lhYPKujmqO6YNZ/qDTYY5Vy7UxgETOl H6ynn2TyPXhhDSEQecmVuTSjaCwcxCWV/7JYsRnu8IImAvt4hRIPwya5W/5K/HNmNzMYG6nyvR3X Bnmn0mnEVpXH1b/qY1yMTCr7CJlRFxPbpkV45nHXS6Eu7DBtaz+yj6BehQKKej2IKjw++r8ctN4C kWrre8chYGw6BDdiE5RFTSV9G/97p9EnjnCywhssM7qP+vLcsXXnpAa0vHamSLVS1b2TCyvYxhZI +ihjBD2dUsw9eUIWp7QOb822Wd4FMk1GdHB7fgW/wbq3uctWSENY4RfVXhJvoNiZnsek+qDO+AG9 6WcCUTqpCX411y7zSpbTrBO+7sd+me3cDXOgobCwM2vwOs71QaH99mbGm/lzFzeVWhHN1T5wRBCs vOoukirXPYNFfA6jPzAaKVeeY9ur0lLgcJx4cn4tYjZJkZHWIqmQfdCsOSQo/9sX1wu+FXu02og4 yd/KbJr7u+ua7K4yrEE/929X9pRKQCZn0aFqAOn0dGFaTdL2witMFs0b/JhM76UymIXORqeKgbSw wSodtu6ykVWvQWBszFkgrv8qK70WkDzP0kH3/Kf3t++fGqlZqa1L9KV0Rm1Wa9+YizdP6zb34z2G BapnBHK/VHQkFr5l1bjpECNAbrOO3D09mZsobBZORGKBEZ/862BasN8nL5EtmXaqliNDMPHu8//i L7oIasIgBXoe3DPy2e9y/nQ9BedMI7YA/QfRxf4OJZ9uVW93BN8DEY7TW0TjjdfO29pjB80pVqR+ 5kT7L1Pffg6hmYT8O0C8eRxkCK+xFJwTorY9n8Gq7Hh+jD+gZKKOtKX5rvl3n0KBo1Qs62/1xdX6 4quT8bJQkh3Iv0SX9LDAVhYIT6i/g2WwM9/lJo467X7Wp95PGCISXqiqF8LApTt0cySbs2LqbDAT hvlz9MFxerEgYWEtQI07CUVxGCsSwu1fkB8A44U4b3EtAFzuBTwwuHOxsCNcbhaG5GNMp5R3dY5y 0fT7QBN33WJ+vWG6AiDVptD2SbhLUDIIbXsg5EuRI4QnbDoKoD08fLoB2+RyfnJIlFwmZ0OjMXis fuyPeTK60GSupoUvEUvqBtR9SLLGPRaH+XhpyhxO5YloBQaFRQ2TT+YCVjViuOZ5HdklrwbMYQIr wMGtXruMVHA9PpXfdDGJlb/z8vxEuddOfxrnkbAj8SrbU7lqidy8x37qdZgsaKFoLs3/xJHNNPCJ wVx8hM6a0cPWwe7ZKDlJ2cRQxXcdB7/YIAzfUdT4nZ3+hL+yv4cvUCdsIKUhfPR36azjQFJ4nfgK DwFr42FC0NYGWNKRlrz674av9fGi6dC9UupNHmKs625Diq1Hs4QyopTeSSY44XUOe7GF5wPX5tmO J3GVVTutuzfB2/G0QRWRsTo6QgK7inuaMVFyRjKcATabeW5MtpiVAnNLrESheg}
::rc_st::fg::map_reify_receive cb_part_233 -wlm {1 0 0 1.0 5 0.0 1.0 1.0 1.0 1.0 4.6 1.9 2.0 0}
::rc_st::fg::map_sa -1840559247 {0 0 <default_clock> 0 1 0 0 0}
::rc_st::fg::map_sa -340034827 {0 0 clk 0 1 0 0 0 0 0}
::rc_st::fg::map_reify_hier_drvr_info {1 . A 0} {2 -1840559247 -340034827} {{27865 0.0 27865 0.0 12071 0.0 12071 0.0} {27986 0.0 27986 0.0 12192 0.0 12192 0.0} {28200 0.0 28201 0.0 12406 0.0 12407 0.0} {28546 0.0 28548 0.0 12752 0.0 12754 0.0} {29055 0.0 29065 0.0 13261 0.0 13271 0.0} {29869 0.0 29916 0.0 14075 0.0 14122 0.0} {31779 0.0 31772 0.0 16318 0.0 16311 0.0} {36927 0.0 36919 0.0 21466 0.0 21458 0.0}} {1 0 0 0 0 0 0 0 0 3890 3663 11790 11563 35488 35261 106582 106355} {0 0 1.0 5 0.0 1.0 1.0 1.0 1.0 4.6 1.9 2.0 39 39 39 39 1000 1 1 1 0 0 0 0 0 0 0 0 -111111111 X 0 0} 0 {2 0 X} {-111111111 -111111111}
::rc_st::fg::map_reify_hier_drvr_info {1 . A 1} {2 -1840559247 -340034827} {{27888 0.0 28868 0.0 11828 0.0 12126 0.0} {27990 0.0 28949 0.0 11936 0.0 12207 0.0} {28165 0.0 29116 0.0 12153 0.0 12374 0.0} {28477 0.0 29468 0.0 12594 0.0 12726 0.0} {29056 0.0 30175 0.0 13432 0.0 13433 0.0} {30484 0.0 31558 0.0 14977 0.0 14816 0.0} {33596 0.0 34323 0.0 18089 0.0 17581 0.0} {39826 0.0 39854 0.0 24319 0.0 23112 0.0}} {1 0 0 0 0 0 0 0 0 4549 4696 14270 14463 43571 43764 131476 131669} {0 0 1.0 5 0.0 1.0 1.0 1.0 1.0 4.6 1.9 2.0 63 62 63 62 1000 1 1 1 0 0 0 0 0 0 0 0 -111111111 X 0 0} 0 {2 0 X} {-111111111 -111111111}
::rc_st::fg::map_reify_hier_drvr_info {1 . A 2} {2 -1840559247 -340034827} {{31039 0.0 32779 0.0 15072 0.0 16037 0.0} {31147 0.0 32859 0.0 15180 0.0 16117 0.0} {31364 0.0 33026 0.0 15397 0.0 16284 0.0} {31803 0.0 33378 0.0 15836 0.0 16636 0.0} {32644 0.0 34091 0.0 16677 0.0 17349 0.0} {34219 0.0 35492 0.0 18252 0.0 18750 0.0} {37371 0.0 38296 0.0 21404 0.0 21554 0.0} {43674 0.0 43904 0.0 27707 0.0 27162 0.0}} {1 0 0 0 0 0 0 0 0 4603 4696 14437 14463 43936 43764 132435 131669} {0 0 1.0 5 0.0 1.0 1.0 1.0 1.0 4.6 1.9 2.0 63 62 63 62 1000 1 1 1 0 0 0 0 0 0 0 0 -111111111 X 0 0} 0 {2 0 X} {-111111111 -111111111}
::rc_st::fg::map_reify_hier_drvr_info {1 . A 3} {2 -1840559247 -340034827} {{34281 0.0 36689 0.0 18314 0.0 19947 0.0} {34389 0.0 36769 0.0 18422 0.0 20027 0.0} {34606 0.0 36936 0.0 18639 0.0 20194 0.0} {35045 0.0 37288 0.0 19078 0.0 20546 0.0} {35886 0.0 38001 0.0 19919 0.0 21259 0.0} {37461 0.0 39402 0.0 21494 0.0 22660 0.0} {40613 0.0 42206 0.0 24646 0.0 25464 0.0} {46916 0.0 47814 0.0 30949 0.0 31072 0.0}} {1 0 0 0 0 0 0 0 0 4603 4696 14437 14463 43936 43764 132435 131669} {0 0 1.0 5 0.0 1.0 1.0 1.0 1.0 4.6 1.9 2.0 63 62 63 62 1000 1 1 1 0 0 0 0 0 0 0 0 -111111111 X 0 0} 0 {2 0 X} {-111111111 -111111111}
::rc_st::fg::map_reify_hier_drvr_info {1 . A 4} {2 -1840559247 -340034827} {{37523 0.0 40599 0.0 21556 0.0 23857 0.0} {37631 0.0 40679 0.0 21664 0.0 23937 0.0} {37848 0.0 40846 0.0 21881 0.0 24104 0.0} {38287 0.0 41198 0.0 22320 0.0 24456 0.0} {39128 0.0 41911 0.0 23161 0.0 25169 0.0} {40703 0.0 43312 0.0 24736 0.0 26570 0.0} {43855 0.0 46116 0.0 27888 0.0 29374 0.0} {50158 0.0 51724 0.0 34191 0.0 34982 0.0}} {1 0 0 0 0 0 0 0 0 4603 4696 14437 14463 43936 43764 132435 131669} {0 0 1.0 5 0.0 1.0 1.0 1.0 1.0 4.6 1.9 2.0 63 62 63 62 1000 1 1 1 0 0 0 0 0 0 0 0 -111111111 X 0 0} 0 {2 0 X} {-111111111 -111111111}
::rc_st::fg::map_reify_hier_drvr_info {1 . A 5} {2 -1840559247 -340034827} {{40765 0.0 44509 0.0 24798 0.0 27767 0.0} {40873 0.0 44589 0.0 24906 0.0 27847 0.0} {41090 0.0 44756 0.0 25123 0.0 28014 0.0} {41529 0.0 45108 0.0 25562 0.0 28366 0.0} {42370 0.0 45821 0.0 26403 0.0 29079 0.0} {43945 0.0 47222 0.0 27978 0.0 30480 0.0} {47097 0.0 50026 0.0 31130 0.0 33284 0.0} {53400 0.0 55634 0.0 37433 0.0 38892 0.0}} {1 0 0 0 0 0 0 0 0 4603 4696 14437 14463 43936 43764 132435 131669} {0 0 1.0 5 0.0 1.0 1.0 1.0 1.0 4.6 1.9 2.0 63 62 63 62 1000 1 1 1 0 0 0 0 0 0 0 0 -111111111 X 0 0} 0 {2 0 X} {-111111111 -111111111}
::rc_st::fg::map_reify_hier_drvr_info {1 . A 6} {2 -1840559247 -340034827} {{45567 0.0 50883 0.0 29600 0.0 34141 0.0} {45686 0.0 50978 0.0 29719 0.0 34236 0.0} {45928 0.0 51147 0.0 29961 0.0 34405 0.0} {46418 0.0 51484 0.0 30451 0.0 34742 0.0} {47247 0.0 52161 0.0 31280 0.0 35419 0.0} {48613 0.0 53480 0.0 32646 0.0 36738 0.0} {51345 0.0 56119 0.0 35378 0.0 39377 0.0} {56809 0.0 61397 0.0 40842 0.0 44655 0.0}} {1 0 0 0 0 0 0 0 0 3576 3268 10759 9947 32310 29983 96964 90091} {0 0 1.0 5 0.0 1.0 1.0 1.0 1.0 4.6 1.9 2.0 31 30 61 60 2000 1 2 2 0 0 0 0 0 0 0 0 -111111111 X 0 0} 0 {2 0 X} {-111111111 -111111111}
::rc_st::fg::map_reify_hier_drvr_info {1 . A 7} {2 -1840559247 -340034827} {{48874 0.0 51774 0.0 32907 0.0 35032 0.0} {48992 0.0 51866 0.0 33025 0.0 35124 0.0} {49228 0.0 52035 0.0 33261 0.0 35293 0.0} {49682 0.0 52377 0.0 33715 0.0 35635 0.0} {50390 0.0 53017 0.0 34423 0.0 36275 0.0} {51529 0.0 54146 0.0 35562 0.0 37404 0.0} {53810 0.0 56406 0.0 37843 0.0 39664 0.0} {58372 0.0 61716 0.0 42405 0.0 44974 0.0}} {1 0 0 0 0 0 0 0 0 3293 3713 10123 10922 30614 32548 92086 97428} {0 0 1.0 5 0.0 1.0 1.0 1.0 1.0 4.6 1.9 2.0 31 30 61 60 2000 1 2 2 0 0 0 0 0 0 0 0 -111111111 X 0 0} 0 {2 0 X} {-111111111 -111111111}
::rc_st::fg::map_reify_hier_drvr_info {1 . A 8} {2 -1840559247 -340034827} {{55436 0.0 60089 0.0 39469 0.0 43347 0.0} {55554 0.0 60182 0.0 39587 0.0 43440 0.0} {55795 0.0 60351 0.0 39828 0.0 43609 0.0} {56279 0.0 60691 0.0 40312 0.0 43949 0.0} {57084 0.0 61365 0.0 41117 0.0 44623 0.0} {58403 0.0 62651 0.0 42436 0.0 45909 0.0} {61039 0.0 65224 0.0 45072 0.0 48482 0.0} {66310 0.0 70369 0.0 50343 0.0 53627 0.0}} {1 0 0 0 0 0 0 0 0 3435 3337 10358 9666 31128 28774 93436 86415} {0 0 1.0 5 0.0 1.0 1.0 1.0 1.0 4.6 1.9 2.0 30 30 50 50 2000 1 2 2 0 0 0 0 0 0 0 0 -111111111 X 0 0} 0 {2 0 X} {-111111111 -111111111}
::rc_st::fg::map_reify_hier_drvr_info {1 . A 9} {2 -1840559247 -340034827} {{55952 0.0 61004 0.0 39985 0.0 44262 0.0} {56071 0.0 61099 0.0 40104 0.0 44357 0.0} {56313 0.0 61269 0.0 40346 0.0 44527 0.0} {56815 0.0 61600 0.0 40848 0.0 44858 0.0} {57698 0.0 62284 0.0 41731 0.0 45542 0.0} {59172 0.0 63678 0.0 43205 0.0 46936 0.0} {62120 0.0 66465 0.0 46153 0.0 49723 0.0} {68016 0.0 72040 0.0 52049 0.0 55298 0.0}} {1 0 0 0 0 0 0 0 0 3845 3738 11615 11006 34925 32812 104856 98345} {0 0 1.0 5 0.0 1.0 1.0 1.0 1.0 4.6 1.9 2.0 31 30 61 60 2000 1 2 2 0 0 0 0 0 0 0 0 -111111111 X 0 0} 0 {2 0 X} {-111111111 -111111111}
::rc_st::fg::map_reify_hier_drvr_info {1 . A 10} {2 -1840559247 -340034827} {{56205 0.0 60851 0.0 40238 0.0 44109 0.0} {56304 0.0 60945 0.0 40337 0.0 44203 0.0} {56492 0.0 61114 0.0 40525 0.0 44372 0.0} {56851 0.0 61454 0.0 40884 0.0 44712 0.0} {57487 0.0 62128 0.0 41520 0.0 45386 0.0} {58601 0.0 63417 0.0 42634 0.0 46675 0.0} {61158 0.0 65995 0.0 45191 0.0 49253 0.0} {66446 0.0 71151 0.0 50479 0.0 54409 0.0}} {1 0 0 0 0 0 0 0 0 3446 3332 10391 9648 31225 28874 93728 86720} {0 0 1.0 5 0.0 1.0 1.0 1.0 1.0 4.6 1.9 2.0 30 30 50 50 2000 1 2 2 0 0 0 0 0 0 0 0 -111111111 X 0 0} 0 {2 0 X} {-111111111 -111111111}
::rc_st::fg::map_reify_hier_drvr_info {1 . A 11} {2 -1840559247 -340034827} {{56365 0.0 60149 0.0 40398 0.0 43407 0.0} {56465 0.0 60242 0.0 40498 0.0 43500 0.0} {56652 0.0 60411 0.0 40685 0.0 43669 0.0} {57011 0.0 60837 0.0 41044 0.0 44095 0.0} {57648 0.0 61515 0.0 41681 0.0 44773 0.0} {58768 0.0 62711 0.0 42801 0.0 45969 0.0} {61169 0.0 65284 0.0 45202 0.0 48542 0.0} {66440 0.0 70429 0.0 50473 0.0 53687 0.0}} {1 0 0 0 0 0 0 0 0 3435 3375 10358 9794 31199 29050 93895 86819} {0 0 1.0 5 0.0 1.0 1.0 1.0 1.0 4.6 1.9 2.0 30 30 50 50 2000 1 2 2 0 0 0 0 0 0 0 0 -111111111 X 0 0} 0 {2 0 X} {-111111111 -111111111}
::rc_st::fg::map_reify_hier_drvr_info {1 . A 12} {2 -1840559247 -340034827} {{57809 0.0 62475 0.0 41842 0.0 45733 0.0} {57928 0.0 62568 0.0 41961 0.0 45826 0.0} {58169 0.0 62737 0.0 42202 0.0 45995 0.0} {58654 0.0 63077 0.0 42687 0.0 46335 0.0} {59456 0.0 63751 0.0 43489 0.0 47009 0.0} {60770 0.0 65037 0.0 44803 0.0 48295 0.0} {63398 0.0 67610 0.0 47431 0.0 50868 0.0} {68655 0.0 72755 0.0 52688 0.0 56013 0.0}} {1 0 0 0 0 0 0 0 0 3445 3167 10346 9569 31051 28783 93163 86424} {0 0 1.0 5 0.0 1.0 1.0 1.0 1.0 4.6 1.9 2.0 31 30 61 60 2000 1 2 2 0 0 0 0 0 0 0 0 -111111111 X 0 0} 0 {2 0 X} {-111111111 -111111111}
::rc_st::fg::map_reify_hier_drvr_info {1 . A 13} {2 -1840559247 -340034827} {{58273 0.0 63467 0.0 42306 0.0 46725 0.0} {58392 0.0 63562 0.0 42425 0.0 46820 0.0} {58633 0.0 63732 0.0 42666 0.0 46990 0.0} {59135 0.0 64063 0.0 43168 0.0 47321 0.0} {60016 0.0 64747 0.0 44049 0.0 48005 0.0} {61486 0.0 66141 0.0 45519 0.0 49399 0.0} {64426 0.0 68928 0.0 48459 0.0 52186 0.0} {70305 0.0 74503 0.0 54338 0.0 57761 0.0}} {1 0 0 0 0 0 0 0 0 3836 3738 11584 11006 34829 32812 104564 98345} {0 0 1.0 5 0.0 1.0 1.0 1.0 1.0 4.6 1.9 2.0 31 30 61 60 2000 1 2 2 0 0 0 0 0 0 0 0 -111111111 X 0 0} 0 {2 0 X} {-111111111 -111111111}
::rc_st::fg::map_reify_hier_drvr_info {1 . A 14} {2 -1840559247 -340034827} {{61037 0.0 64809 0.0 45070 0.0 48067 0.0} {61156 0.0 64902 0.0 45189 0.0 48160 0.0} {61397 0.0 65071 0.0 45430 0.0 48329 0.0} {61883 0.0 65410 0.0 45916 0.0 48668 0.0} {62692 0.0 66085 0.0 46725 0.0 49343 0.0} {64018 0.0 67380 0.0 48051 0.0 50638 0.0} {66670 0.0 69968 0.0 50703 0.0 53226 0.0} {71974 0.0 75147 0.0 56007 0.0 58405 0.0}} {1 0 0 0 0 0 0 0 0 3475 3191 10442 9664 31341 29083 94040 87341} {0 0 1.0 5 0.0 1.0 1.0 1.0 1.0 4.6 1.9 2.0 31 30 61 60 2000 1 2 2 0 0 0 0 0 0 0 0 -111111111 X 0 0} 0 {2 0 X} {-111111111 -111111111}
::rc_st::fg::map_reify_hier_drvr_info {1 . A 15} {2 -1840559247 -340034827} {{62396 0.0 65021 0.0 46429 0.0 48279 0.0} {62517 0.0 65113 0.0 46550 0.0 48371 0.0} {62760 0.0 65281 0.0 46793 0.0 48539 0.0} {63208 0.0 65598 0.0 47241 0.0 48856 0.0} {63937 0.0 66152 0.0 47970 0.0 49410 0.0} {65140 0.0 67102 0.0 49173 0.0 50360 0.0} {67545 0.0 69491 0.0 51578 0.0 52749 0.0} {72354 0.0 75502 0.0 56387 0.0 58760 0.0}} {1 0 0 0 0 0 0 0 0 3677 3549 11161 10400 33611 30953 100963 92613} {0 0 1.0 5 0.0 1.0 1.0 1.0 1.0 4.6 1.9 2.0 31 30 50 49 2000 1 2 2 0 0 0 0 0 0 0 0 -111111111 X 0 0} 0 {2 0 X} {-111111111 -111111111}
::rc_st::fg::map_reify_hier_drvr_info {1 . A 16} {2 -1840559247 -340034827} {{63899 0.0 66157 0.0 47932 0.0 49415 0.0} {64007 0.0 66237 0.0 48040 0.0 49495 0.0} {64224 0.0 66404 0.0 48257 0.0 49662 0.0} {64663 0.0 66756 0.0 48696 0.0 50014 0.0} {65504 0.0 67469 0.0 49537 0.0 50727 0.0} {67083 0.0 68876 0.0 51116 0.0 52134 0.0} {70240 0.0 71690 0.0 54273 0.0 54948 0.0} {76555 0.0 77318 0.0 60588 0.0 60576 0.0}} {1 0 0 0 0 0 0 0 0 4610 4692 14458 14446 44005 43707 132644 131488} {0 0 1.0 5 0.0 1.0 1.0 1.0 1.0 4.6 1.9 2.0 63 62 63 62 1000 1 1 1 0 0 0 0 0 0 0 0 -111111111 X 0 0} 0 {2 0 X} {-111111111 -111111111}
::rc_st::fg::map_reify_hier_drvr_info {1 . A 17} {2 -1840559247 -340034827} {{67141 0.0 70074 0.0 51174 0.0 53332 0.0} {67249 0.0 70154 0.0 51282 0.0 53412 0.0} {67466 0.0 70321 0.0 51499 0.0 53579 0.0} {67905 0.0 70673 0.0 51938 0.0 53931 0.0} {68746 0.0 71386 0.0 52779 0.0 54644 0.0} {70321 0.0 72787 0.0 54354 0.0 56045 0.0} {73473 0.0 75591 0.0 57506 0.0 58849 0.0} {79776 0.0 81199 0.0 63809 0.0 64457 0.0}} {1 0 0 0 0 0 0 0 0 4603 4692 14437 14446 43936 43707 132435 131488} {0 0 1.0 5 0.0 1.0 1.0 1.0 1.0 4.6 1.9 2.0 63 62 63 62 1000 1 1 1 0 0 0 0 0 0 0 0 -111111111 X 0 0} 0 {2 0 X} {-111111111 -111111111}
::rc_st::fg::map_reify_hier_drvr_info {1 . A 18} {2 -1840559247 -340034827} {{70383 0.0 73984 0.0 54416 0.0 57242 0.0} {70491 0.0 74064 0.0 54524 0.0 57322 0.0} {70708 0.0 74231 0.0 54741 0.0 57489 0.0} {71147 0.0 74583 0.0 55180 0.0 57841 0.0} {71988 0.0 75296 0.0 56021 0.0 58554 0.0} {73563 0.0 76697 0.0 57596 0.0 59955 0.0} {76715 0.0 79501 0.0 60748 0.0 62759 0.0} {83018 0.0 85109 0.0 67051 0.0 68367 0.0}} {1 0 0 0 0 0 0 0 0 4603 4692 14437 14446 43936 43707 132435 131488} {0 0 1.0 5 0.0 1.0 1.0 1.0 1.0 4.6 1.9 2.0 63 62 63 62 1000 1 1 1 0 0 0 0 0 0 0 0 -111111111 X 0 0} 0 {2 0 X} {-111111111 -111111111}
::rc_st::fg::map_reify_hier_drvr_info {1 . A 19} {2 -1840559247 -340034827} {{73625 0.0 77894 0.0 57658 0.0 61152 0.0} {73733 0.0 77974 0.0 57766 0.0 61232 0.0} {73950 0.0 78141 0.0 57983 0.0 61399 0.0} {74389 0.0 78493 0.0 58422 0.0 61751 0.0} {75230 0.0 79206 0.0 59263 0.0 62464 0.0} {76805 0.0 80607 0.0 60838 0.0 63865 0.0} {79957 0.0 83411 0.0 63990 0.0 66669 0.0} {86260 0.0 89019 0.0 70293 0.0 72277 0.0}} {1 0 0 0 0 0 0 0 0 4603 4692 14437 14446 43936 43707 132435 131488} {0 0 1.0 5 0.0 1.0 1.0 1.0 1.0 4.6 1.9 2.0 63 62 63 62 1000 1 1 1 0 0 0 0 0 0 0 0 -111111111 X 0 0} 0 {2 0 X} {-111111111 -111111111}
::rc_st::fg::map_reify_hier_drvr_info {1 . A 20} {2 -1840559247 -340034827} {{76867 0.0 81804 0.0 60900 0.0 65062 0.0} {76975 0.0 81884 0.0 61008 0.0 65142 0.0} {77192 0.0 82051 0.0 61225 0.0 65309 0.0} {77631 0.0 82403 0.0 61664 0.0 65661 0.0} {78472 0.0 83116 0.0 62505 0.0 66374 0.0} {80047 0.0 84517 0.0 64080 0.0 67775 0.0} {83199 0.0 87321 0.0 67232 0.0 70579 0.0} {89502 0.0 92929 0.0 73535 0.0 76187 0.0}} {1 0 0 0 0 0 0 0 0 4603 4692 14437 14446 43936 43707 132435 131488} {0 0 1.0 5 0.0 1.0 1.0 1.0 1.0 4.6 1.9 2.0 63 62 63 62 1000 1 1 1 0 0 0 0 0 0 0 0 -111111111 X 0 0} 0 {2 0 X} {-111111111 -111111111}
::rc_st::fg::map_reify_hier_drvr_info {1 . A 21} {2 -1840559247 -340034827} {{80109 0.0 85714 0.0 64142 0.0 68972 0.0} {80217 0.0 85794 0.0 64250 0.0 69052 0.0} {80434 0.0 85961 0.0 64467 0.0 69219 0.0} {80873 0.0 86313 0.0 64906 0.0 69571 0.0} {81714 0.0 87026 0.0 65747 0.0 70284 0.0} {83289 0.0 88427 0.0 67322 0.0 71685 0.0} {86441 0.0 91231 0.0 70474 0.0 74489 0.0} {92744 0.0 96839 0.0 76777 0.0 80097 0.0}} {1 0 0 0 0 0 0 0 0 4603 4692 14437 14446 43936 43707 132435 131488} {0 0 1.0 5 0.0 1.0 1.0 1.0 1.0 4.6 1.9 2.0 63 62 63 62 1000 1 1 1 0 0 0 0 0 0 0 0 -111111111 X 0 0} 0 {2 0 X} {-111111111 -111111111}
::rc_st::fg::map_reify_hier_drvr_info {1 . A 22} {2 -1840559247 -340034827} {{84911 0.0 92088 0.0 68944 0.0 75346 0.0} {85030 0.0 92183 0.0 69063 0.0 75441 0.0} {85272 0.0 92352 0.0 69305 0.0 75610 0.0} {85762 0.0 92689 0.0 69795 0.0 75947 0.0} {86591 0.0 93366 0.0 70624 0.0 76624 0.0} {87957 0.0 94685 0.0 71990 0.0 77943 0.0} {90689 0.0 97324 0.0 74722 0.0 80582 0.0} {96153 0.0 102602 0.0 80186 0.0 85860 0.0}} {1 0 0 0 0 0 0 0 0 3576 3268 10759 9947 32310 29983 96964 90091} {0 0 1.0 5 0.0 1.0 1.0 1.0 1.0 4.6 1.9 2.0 31 30 61 60 2000 1 2 2 0 0 0 0 0 0 0 0 -111111111 X 0 0} 0 {2 0 X} {-111111111 -111111111}
::rc_st::fg::map_reify_hier_drvr_info {1 . A 23} {2 -1840559247 -340034827} {{87038 0.0 92859 0.0 71071 0.0 76117 0.0} {87159 0.0 92951 0.0 71192 0.0 76209 0.0} {87402 0.0 93119 0.0 71435 0.0 76377 0.0} {87850 0.0 93436 0.0 71883 0.0 76694 0.0} {88579 0.0 93990 0.0 72612 0.0 77248 0.0} {89782 0.0 94940 0.0 73815 0.0 78198 0.0} {92187 0.0 96838 0.0 76220 0.0 80096 0.0} {96996 0.0 102367 0.0 81029 0.0 85625 0.0}} {1 0 0 0 0 0 0 0 0 3677 3561 11161 10442 33611 31085 100963 93013} {0 0 1.0 5 0.0 1.0 1.0 1.0 1.0 4.6 1.9 2.0 31 30 50 49 2000 1 2 2 0 0 0 0 0 0 0 0 -111111111 X 0 0} 0 {2 0 X} {-111111111 -111111111}
::rc_st::fg::map_reify_hier_drvr_info {1 . B 0} {2 -1840559247 -340034827} {{28237 0.0 27650 0.0 12443 0.0 12009 0.0} {28356 0.0 27759 0.0 12562 0.0 12118 0.0} {28582 0.0 27981 0.0 12788 0.0 12336 0.0} {28956 0.0 28419 0.0 13162 0.0 12708 0.0} {29520 0.0 29200 0.0 13726 0.0 13406 0.0} {30562 0.0 30562 0.0 14768 0.0 14768 0.0} {33285 0.0 33285 0.0 17491 0.0 17491 0.0} {38729 0.0 38729 0.0 23016 0.0 23016 0.0}} {1 0 0 0 0 0 0 0 0 4472 4369 13430 12889 40305 39764 120930 120389} {0 0 1.0 5 0.0 1.0 1.0 1.0 1.0 4.6 1.9 2.0 18 18 18 18 1000 1 1 1 0 0 0 0 0 0 0 0 -111111111 X 0 0} 0 {2 0 X} {-111111111 -111111111}
::rc_st::fg::map_reify_hier_drvr_info {1 . B 1} {2 -1840559247 -340034827} {{27693 0.0 28894 0.0 11769 0.0 12152 0.0} {27796 0.0 28990 0.0 11869 0.0 12248 0.0} {27980 0.0 29164 0.0 12070 0.0 12422 0.0} {28315 0.0 29489 0.0 12453 0.0 12747 0.0} {28940 0.0 30098 0.0 13163 0.0 13356 0.0} {30136 0.0 31246 0.0 14480 0.0 14504 0.0} {32620 0.0 33543 0.0 17113 0.0 16801 0.0} {37888 0.0 38140 0.0 22381 0.0 21398 0.0}} {1 0 0 0 0 0 0 0 0 4043 4070 12339 12363 37227 37243 111889 111882} {0 0 1.0 5 0.0 1.0 1.0 1.0 1.0 4.6 1.9 2.0 64 64 64 64 1000 1 1 1 0 0 0 0 0 0 0 0 -111111111 X 0 0} 0 {2 0 X} {-111111111 -111111111}
::rc_st::fg::map_reify_hier_drvr_info {1 . B 2} {2 -1840559247 -340034827} {{30981 0.0 32804 0.0 15014 0.0 16062 0.0} {31077 0.0 32900 0.0 15110 0.0 16158 0.0} {31279 0.0 33073 0.0 15312 0.0 16331 0.0} {31663 0.0 33399 0.0 15696 0.0 16657 0.0} {32376 0.0 34013 0.0 16409 0.0 17271 0.0} {33708 0.0 35174 0.0 17741 0.0 18432 0.0} {36371 0.0 37503 0.0 20404 0.0 20761 0.0} {41698 0.0 42161 0.0 25731 0.0 25419 0.0}} {1 0 0 0 0 0 0 0 0 4054 4070 12365 12363 37298 37243 112098 111882} {0 0 1.0 5 0.0 1.0 1.0 1.0 1.0 4.6 1.9 2.0 64 64 64 64 1000 1 1 1 0 0 0 0 0 0 0 0 -111111111 X 0 0} 0 {2 0 X} {-111111111 -111111111}
::rc_st::fg::map_reify_hier_drvr_info {1 . B 3} {2 -1840559247 -340034827} {{34223 0.0 36714 0.0 18256 0.0 19972 0.0} {34319 0.0 36810 0.0 18352 0.0 20068 0.0} {34521 0.0 36983 0.0 18554 0.0 20241 0.0} {34905 0.0 37309 0.0 18938 0.0 20567 0.0} {35618 0.0 37923 0.0 19651 0.0 21181 0.0} {36950 0.0 39084 0.0 20983 0.0 22342 0.0} {39613 0.0 41413 0.0 23646 0.0 24671 0.0} {44940 0.0 46071 0.0 28973 0.0 29329 0.0}} {1 0 0 0 0 0 0 0 0 4054 4070 12365 12363 37298 37243 112098 111882} {0 0 1.0 5 0.0 1.0 1.0 1.0 1.0 4.6 1.9 2.0 64 64 64 64 1000 1 1 1 0 0 0 0 0 0 0 0 -111111111 X 0 0} 0 {2 0 X} {-111111111 -111111111}
::rc_st::fg::map_reify_hier_drvr_info {1 . B 4} {2 -1840559247 -340034827} {{37465 0.0 40624 0.0 21498 0.0 23882 0.0} {37561 0.0 40720 0.0 21594 0.0 23978 0.0} {37763 0.0 40893 0.0 21796 0.0 24151 0.0} {38147 0.0 41219 0.0 22180 0.0 24477 0.0} {38860 0.0 41833 0.0 22893 0.0 25091 0.0} {40192 0.0 42994 0.0 24225 0.0 26252 0.0} {42855 0.0 45323 0.0 26888 0.0 28581 0.0} {48182 0.0 49981 0.0 32215 0.0 33239 0.0}} {1 0 0 0 0 0 0 0 0 4054 4070 12365 12363 37298 37243 112098 111882} {0 0 1.0 5 0.0 1.0 1.0 1.0 1.0 4.6 1.9 2.0 64 64 64 64 1000 1 1 1 0 0 0 0 0 0 0 0 -111111111 X 0 0} 0 {2 0 X} {-111111111 -111111111}
::rc_st::fg::map_reify_hier_drvr_info {1 . B 5} {2 -1840559247 -340034827} {{40707 0.0 44534 0.0 24740 0.0 27792 0.0} {40803 0.0 44630 0.0 24836 0.0 27888 0.0} {41005 0.0 44803 0.0 25038 0.0 28061 0.0} {41389 0.0 45129 0.0 25422 0.0 28387 0.0} {42102 0.0 45743 0.0 26135 0.0 29001 0.0} {43434 0.0 46904 0.0 27467 0.0 30162 0.0} {46097 0.0 49233 0.0 30130 0.0 32491 0.0} {51424 0.0 53891 0.0 35457 0.0 37149 0.0}} {1 0 0 0 0 0 0 0 0 4054 4070 12365 12363 37298 37243 112098 111882} {0 0 1.0 5 0.0 1.0 1.0 1.0 1.0 4.6 1.9 2.0 64 64 64 64 1000 1 1 1 0 0 0 0 0 0 0 0 -111111111 X 0 0} 0 {2 0 X} {-111111111 -111111111}
::rc_st::fg::map_reify_hier_drvr_info {1 . B 6} {2 -1840559247 -340034827} {{45492 0.0 50708 0.0 29525 0.0 33966 0.0} {45613 0.0 50789 0.0 29646 0.0 34047 0.0} {45860 0.0 50960 0.0 29893 0.0 34218 0.0} {46339 0.0 51346 0.0 30372 0.0 34604 0.0} {47125 0.0 52176 0.0 31158 0.0 35434 0.0} {48400 0.0 53840 0.0 32433 0.0 37098 0.0} {50949 0.0 57168 0.0 34982 0.0 40426 0.0} {56049 0.0 63822 0.0 40082 0.0 47080 0.0}} {1 0 0 0 0 0 0 0 0 3467 3972 10092 12099 29965 36481 89586 109625} {0 0 1.0 5 0.0 1.0 1.0 1.0 1.0 4.6 1.9 2.0 32 32 63 63 2000 1 2 2 0 0 0 0 0 0 0 0 -111111111 X 0 0} 0 {2 0 X} {-111111111 -111111111}
::rc_st::fg::map_reify_hier_drvr_info {1 . B 7} {2 -1840559247 -340034827} {{48802 0.0 51596 0.0 32835 0.0 34854 0.0} {48922 0.0 51674 0.0 32955 0.0 34932 0.0} {49163 0.0 51849 0.0 33196 0.0 35107 0.0} {49591 0.0 52253 0.0 33624 0.0 35511 0.0} {50238 0.0 53039 0.0 34271 0.0 36297 0.0} {51270 0.0 54410 0.0 35303 0.0 37668 0.0} {53333 0.0 57153 0.0 37366 0.0 40411 0.0} {57696 0.0 62639 0.0 41729 0.0 45897 0.0}} {1 0 0 0 0 0 0 0 0 3873 3539 11525 10205 34483 30205 103355 90204} {0 0 1.0 5 0.0 1.0 1.0 1.0 1.0 4.6 1.9 2.0 32 32 63 63 2000 1 2 2 0 0 0 0 0 0 0 0 -111111111 X 0 0} 0 {2 0 X} {-111111111 -111111111}
::rc_st::fg::map_reify_hier_drvr_info {1 . B 8} {2 -1840559247 -340034827} {{55361 0.0 59912 0.0 39394 0.0 43170 0.0} {55481 0.0 59993 0.0 39514 0.0 43251 0.0} {55719 0.0 60164 0.0 39752 0.0 43422 0.0} {56181 0.0 60555 0.0 40214 0.0 43813 0.0} {56938 0.0 61384 0.0 40971 0.0 44642 0.0} {58160 0.0 63001 0.0 42193 0.0 46259 0.0} {60606 0.0 66236 0.0 44639 0.0 49494 0.0} {65495 0.0 72704 0.0 49528 0.0 55962 0.0}} {1 0 0 0 0 0 0 0 0 3606 3899 11150 11655 33780 34925 101670 104735} {0 0 1.0 5 0.0 1.0 1.0 1.0 1.0 4.6 1.9 2.0 31 31 49 49 2000 1 2 2 0 0 0 0 0 0 0 0 -111111111 X 0 0} 0 {2 0 X} {-111111111 -111111111}
::rc_st::fg::map_reify_hier_drvr_info {1 . B 9} {2 -1840559247 -340034827} {{55875 0.0 60829 0.0 39908 0.0 44087 0.0} {55996 0.0 60911 0.0 40029 0.0 44169 0.0} {56237 0.0 61083 0.0 40270 0.0 44341 0.0} {56728 0.0 61459 0.0 40761 0.0 44717 0.0} {57577 0.0 62291 0.0 41610 0.0 45549 0.0} {58970 0.0 64060 0.0 43003 0.0 47318 0.0} {61756 0.0 67597 0.0 45789 0.0 50855 0.0} {67328 0.0 74673 0.0 51361 0.0 57931 0.0}} {1 0 0 0 0 0 0 0 0 3744 4348 11509 13309 34802 40192 104684 120841} {0 0 1.0 5 0.0 1.0 1.0 1.0 1.0 4.6 1.9 2.0 32 32 63 63 2000 1 2 2 0 0 0 0 0 0 0 0 -111111111 X 0 0} 0 {2 0 X} {-111111111 -111111111}
::rc_st::fg::map_reify_hier_drvr_info {1 . B 10} {2 -1840559247 -340034827} {{56128 0.0 60675 0.0 40161 0.0 43933 0.0} {56231 0.0 60756 0.0 40264 0.0 44014 0.0} {56445 0.0 60927 0.0 40478 0.0 44185 0.0} {56865 0.0 61318 0.0 40898 0.0 44576 0.0} {57590 0.0 62147 0.0 41623 0.0 45405 0.0} {58806 0.0 63767 0.0 42839 0.0 47025 0.0} {61239 0.0 67010 0.0 45272 0.0 50268 0.0} {66106 0.0 73494 0.0 50139 0.0 56752 0.0}} {1 0 0 0 0 0 0 0 0 3603 3911 11137 11698 33739 35061 101546 105148} {0 0 1.0 5 0.0 1.0 1.0 1.0 1.0 4.6 1.9 2.0 31 31 49 49 2000 1 2 2 0 0 0 0 0 0 0 0 -111111111 X 0 0} 0 {2 0 X} {-111111111 -111111111}
::rc_st::fg::map_reify_hier_drvr_info {1 . B 11} {2 -1840559247 -340034827} {{56287 0.0 59972 0.0 40320 0.0 43230 0.0} {56391 0.0 60082 0.0 40424 0.0 43340 0.0} {56605 0.0 60304 0.0 40638 0.0 43562 0.0} {57024 0.0 60715 0.0 41057 0.0 43973 0.0} {57749 0.0 61444 0.0 41782 0.0 44702 0.0} {58971 0.0 63061 0.0 43004 0.0 46319 0.0} {61414 0.0 66296 0.0 45447 0.0 49554 0.0} {66300 0.0 72764 0.0 50333 0.0 56022 0.0}} {1 0 0 0 0 0 0 0 0 3628 3899 11225 11655 34017 34925 102394 104735} {0 0 1.0 5 0.0 1.0 1.0 1.0 1.0 4.6 1.9 2.0 31 31 49 49 2000 1 2 2 0 0 0 0 0 0 0 0 -111111111 X 0 0} 0 {2 0 X} {-111111111 -111111111}
::rc_st::fg::map_reify_hier_drvr_info {1 . B 12} {2 -1840559247 -340034827} {{57734 0.0 62298 0.0 41767 0.0 45556 0.0} {57855 0.0 62379 0.0 41888 0.0 45637 0.0} {58103 0.0 62550 0.0 42136 0.0 45808 0.0} {58575 0.0 62941 0.0 42608 0.0 46199 0.0} {59329 0.0 63770 0.0 43362 0.0 47028 0.0} {60547 0.0 65387 0.0 44580 0.0 48645 0.0} {62983 0.0 68622 0.0 47016 0.0 51880 0.0} {67856 0.0 75090 0.0 51889 0.0 58348 0.0}} {1 0 0 0 0 0 0 0 0 3394 3833 9933 11589 29551 34859 88403 104669} {0 0 1.0 5 0.0 1.0 1.0 1.0 1.0 4.6 1.9 2.0 32 32 63 63 2000 1 2 2 0 0 0 0 0 0 0 0 -111111111 X 0 0} 0 {2 0 X} {-111111111 -111111111}
::rc_st::fg::map_reify_hier_drvr_info {1 . B 13} {2 -1840559247 -340034827} {{58195 0.0 63292 0.0 42228 0.0 46550 0.0} {58317 0.0 63374 0.0 42350 0.0 46632 0.0} {58558 0.0 63546 0.0 42591 0.0 46804 0.0} {59048 0.0 63922 0.0 43081 0.0 47180 0.0} {59894 0.0 64754 0.0 43927 0.0 48012 0.0} {61283 0.0 66523 0.0 45316 0.0 49781 0.0} {64060 0.0 70060 0.0 48093 0.0 53318 0.0} {69742 0.0 77136 0.0 53775 0.0 60394 0.0}} {1 0 0 0 0 0 0 0 0 3744 4348 11509 13309 34802 40192 104684 120841} {0 0 1.0 5 0.0 1.0 1.0 1.0 1.0 4.6 1.9 2.0 32 32 63 63 2000 1 2 2 0 0 0 0 0 0 0 0 -111111111 X 0 0} 0 {2 0 X} {-111111111 -111111111}
::rc_st::fg::map_reify_hier_drvr_info {1 . B 14} {2 -1840559247 -340034827} {{60962 0.0 64633 0.0 44995 0.0 47891 0.0} {61083 0.0 64713 0.0 45116 0.0 47971 0.0} {61331 0.0 64885 0.0 45364 0.0 48143 0.0} {61804 0.0 65274 0.0 45837 0.0 48532 0.0} {62565 0.0 66103 0.0 46598 0.0 49361 0.0} {63797 0.0 67731 0.0 47830 0.0 50989 0.0} {66259 0.0 70989 0.0 50292 0.0 54247 0.0} {71184 0.0 77505 0.0 55217 0.0 60763 0.0}} {1 0 0 0 0 0 0 0 0 3409 3867 9982 11717 29702 35264 88861 105908} {0 0 1.0 5 0.0 1.0 1.0 1.0 1.0 4.6 1.9 2.0 32 32 63 63 2000 1 2 2 0 0 0 0 0 0 0 0 -111111111 X 0 0} 0 {2 0 X} {-111111111 -111111111}
::rc_st::fg::map_reify_hier_drvr_info {1 . B 15} {2 -1840559247 -340034827} {{62296 0.0 64849 0.0 46329 0.0 48107 0.0} {62417 0.0 64926 0.0 46450 0.0 48184 0.0} {62655 0.0 65097 0.0 46688 0.0 48355 0.0} {63081 0.0 65459 0.0 47114 0.0 48717 0.0} {63755 0.0 66109 0.0 47788 0.0 49367 0.0} {64878 0.0 67194 0.0 48911 0.0 50452 0.0} {67689 0.0 69361 0.0 51722 0.0 52619 0.0} {73311 0.0 74788 0.0 57344 0.0 58046 0.0}} {1 0 0 0 0 0 0 0 0 3785 3437 11157 10135 33274 30228 99624 90506} {0 0 1.0 5 0.0 1.0 1.0 1.0 1.0 4.6 1.9 2.0 32 32 50 50 2000 1 2 2 0 0 0 0 0 0 0 0 -111111111 X 0 0} 0 {2 0 X} {-111111111 -111111111}
::rc_st::fg::map_reify_hier_drvr_info {1 . B 16} {2 -1840559247 -340034827} {{63841 0.0 66182 0.0 47874 0.0 49440 0.0} {63937 0.0 66278 0.0 47970 0.0 49536 0.0} {64139 0.0 66452 0.0 48172 0.0 49710 0.0} {64522 0.0 66777 0.0 48555 0.0 50035 0.0} {65235 0.0 67391 0.0 49268 0.0 50649 0.0} {66569 0.0 68557 0.0 50602 0.0 51815 0.0} {69237 0.0 70892 0.0 53270 0.0 54150 0.0} {74572 0.0 75564 0.0 58605 0.0 58822 0.0}} {1 0 0 0 0 0 0 0 0 4060 4067 12388 12346 37372 37185 112324 111701} {0 0 1.0 5 0.0 1.0 1.0 1.0 1.0 4.6 1.9 2.0 64 64 64 64 1000 1 1 1 0 0 0 0 0 0 0 0 -111111111 X 0 0} 0 {2 0 X} {-111111111 -111111111}
::rc_st::fg::map_reify_hier_drvr_info {1 . B 17} {2 -1840559247 -340034827} {{67083 0.0 70099 0.0 51116 0.0 53357 0.0} {67179 0.0 70195 0.0 51212 0.0 53453 0.0} {67381 0.0 70368 0.0 51414 0.0 53626 0.0} {67765 0.0 70694 0.0 51798 0.0 53952 0.0} {68478 0.0 71308 0.0 52511 0.0 54566 0.0} {69810 0.0 72469 0.0 53843 0.0 55727 0.0} {72473 0.0 74798 0.0 56506 0.0 58056 0.0} {77800 0.0 79456 0.0 61833 0.0 62714 0.0}} {1 0 0 0 0 0 0 0 0 4054 4067 12365 12346 37298 37185 112098 111701} {0 0 1.0 5 0.0 1.0 1.0 1.0 1.0 4.6 1.9 2.0 64 64 64 64 1000 1 1 1 0 0 0 0 0 0 0 0 -111111111 X 0 0} 0 {2 0 X} {-111111111 -111111111}
::rc_st::fg::map_reify_hier_drvr_info {1 . B 18} {2 -1840559247 -340034827} {{70325 0.0 74009 0.0 54358 0.0 57267 0.0} {70421 0.0 74105 0.0 54454 0.0 57363 0.0} {70623 0.0 74278 0.0 54656 0.0 57536 0.0} {71007 0.0 74604 0.0 55040 0.0 57862 0.0} {71720 0.0 75218 0.0 55753 0.0 58476 0.0} {73052 0.0 76379 0.0 57085 0.0 59637 0.0} {75715 0.0 78708 0.0 59748 0.0 61966 0.0} {81042 0.0 83366 0.0 65075 0.0 66624 0.0}} {1 0 0 0 0 0 0 0 0 4054 4067 12365 12346 37298 37185 112098 111701} {0 0 1.0 5 0.0 1.0 1.0 1.0 1.0 4.6 1.9 2.0 64 64 64 64 1000 1 1 1 0 0 0 0 0 0 0 0 -111111111 X 0 0} 0 {2 0 X} {-111111111 -111111111}
::rc_st::fg::map_reify_hier_drvr_info {1 . B 19} {2 -1840559247 -340034827} {{73567 0.0 77919 0.0 57600 0.0 61177 0.0} {73663 0.0 78015 0.0 57696 0.0 61273 0.0} {73865 0.0 78188 0.0 57898 0.0 61446 0.0} {74249 0.0 78514 0.0 58282 0.0 61772 0.0} {74962 0.0 79128 0.0 58995 0.0 62386 0.0} {76294 0.0 80289 0.0 60327 0.0 63547 0.0} {78957 0.0 82618 0.0 62990 0.0 65876 0.0} {84284 0.0 87276 0.0 68317 0.0 70534 0.0}} {1 0 0 0 0 0 0 0 0 4054 4067 12365 12346 37298 37185 112098 111701} {0 0 1.0 5 0.0 1.0 1.0 1.0 1.0 4.6 1.9 2.0 64 64 64 64 1000 1 1 1 0 0 0 0 0 0 0 0 -111111111 X 0 0} 0 {2 0 X} {-111111111 -111111111}
::rc_st::fg::map_reify_hier_drvr_info {1 . B 20} {2 -1840559247 -340034827} {{76809 0.0 81829 0.0 60842 0.0 65087 0.0} {76905 0.0 81925 0.0 60938 0.0 65183 0.0} {77107 0.0 82098 0.0 61140 0.0 65356 0.0} {77491 0.0 82424 0.0 61524 0.0 65682 0.0} {78204 0.0 83038 0.0 62237 0.0 66296 0.0} {79536 0.0 84199 0.0 63569 0.0 67457 0.0} {82199 0.0 86528 0.0 66232 0.0 69786 0.0} {87526 0.0 91186 0.0 71559 0.0 74444 0.0}} {1 0 0 0 0 0 0 0 0 4054 4067 12365 12346 37298 37185 112098 111701} {0 0 1.0 5 0.0 1.0 1.0 1.0 1.0 4.6 1.9 2.0 64 64 64 64 1000 1 1 1 0 0 0 0 0 0 0 0 -111111111 X 0 0} 0 {2 0 X} {-111111111 -111111111}
::rc_st::fg::map_reify_hier_drvr_info {1 . B 21} {2 -1840559247 -340034827} {{80051 0.0 85739 0.0 64084 0.0 68997 0.0} {80147 0.0 85835 0.0 64180 0.0 69093 0.0} {80349 0.0 86008 0.0 64382 0.0 69266 0.0} {80733 0.0 86334 0.0 64766 0.0 69592 0.0} {81446 0.0 86948 0.0 65479 0.0 70206 0.0} {82778 0.0 88109 0.0 66811 0.0 71367 0.0} {85441 0.0 90438 0.0 69474 0.0 73696 0.0} {90768 0.0 95096 0.0 74801 0.0 78354 0.0}} {1 0 0 0 0 0 0 0 0 4054 4067 12365 12346 37298 37185 112098 111701} {0 0 1.0 5 0.0 1.0 1.0 1.0 1.0 4.6 1.9 2.0 64 64 64 64 1000 1 1 1 0 0 0 0 0 0 0 0 -111111111 X 0 0} 0 {2 0 X} {-111111111 -111111111}
::rc_st::fg::map_reify_hier_drvr_info {1 . B 22} {2 -1840559247 -340034827} {{84836 0.0 91913 0.0 68869 0.0 75171 0.0} {84957 0.0 91994 0.0 68990 0.0 75252 0.0} {85204 0.0 92165 0.0 69237 0.0 75423 0.0} {85683 0.0 92551 0.0 69716 0.0 75809 0.0} {86469 0.0 93381 0.0 70502 0.0 76639 0.0} {87744 0.0 95045 0.0 71777 0.0 78303 0.0} {90293 0.0 98373 0.0 74326 0.0 81631 0.0} {95393 0.0 105027 0.0 79426 0.0 88285 0.0}} {1 0 0 0 0 0 0 0 0 3467 3972 10092 12099 29965 36481 89586 109625} {0 0 1.0 5 0.0 1.0 1.0 1.0 1.0 4.6 1.9 2.0 32 32 63 63 2000 1 2 2 0 0 0 0 0 0 0 0 -111111111 X 0 0} 0 {2 0 X} {-111111111 -111111111}
::rc_st::fg::map_reify_hier_drvr_info {1 . B 23} {2 -1840559247 -340034827} {{86938 0.0 92687 0.0 70971 0.0 75945 0.0} {87059 0.0 92764 0.0 71092 0.0 76022 0.0} {87297 0.0 92935 0.0 71330 0.0 76193 0.0} {87723 0.0 93297 0.0 71756 0.0 76555 0.0} {88397 0.0 93947 0.0 72430 0.0 77205 0.0} {89500 0.0 95032 0.0 73533 0.0 78290 0.0} {91705 0.0 97199 0.0 75738 0.0 80457 0.0} {96569 0.0 101655 0.0 80602 0.0 84913 0.0}} {1 0 0 0 0 0 0 0 0 3786 3437 11158 10135 33275 30228 99625 90506} {0 0 1.0 5 0.0 1.0 1.0 1.0 1.0 4.6 1.9 2.0 32 32 50 50 2000 1 2 2 0 0 0 0 0 0 0 0 -111111111 X 0 0} 0 {2 0 X} {-111111111 -111111111}
::rc_st::fg::map_reify_hier_drvr_info {1 . cb_parti_g1886_in_0 0} {2 -1840559247 -340034827} {{93378 0.0 89729 0.0 76636 0.0 73762 0.0} {93479 0.0 89823 0.0 76737 0.0 73856 0.0} {93669 0.0 89996 0.0 76927 0.0 74029 0.0} {94023 0.0 90341 0.0 77281 0.0 74374 0.0} {94637 0.0 90972 0.0 77895 0.0 75005 0.0} {95698 0.0 92067 0.0 78956 0.0 76100 0.0} {97819 0.0 94258 0.0 81077 0.0 78291 0.0} {102061 0.0 98638 0.0 85319 0.0 82671 0.0}} {1 0 0 0 0 0 0 0 0 3077 2859 8951 8082 26574 23752 79444 70762} {0 0 1.0 5 0.0 1.0 1.0 1.0 1.0 4.6 1.9 2.0 30 30 30 30 1000 1 1 1 0 0 0 0 0 0 0 0 -111111111 X 0 0} 1 {2 0 X} {-111111111 -111111111}
::rc_st::fg::map_reify_hier_drvr_info {1 . cb_parti_g1886_in_1 0} {2 -1840559247 -340034827} {{90301 0.0 95323 0.0 74334 0.0 78581 0.0} {90421 0.0 95401 0.0 74454 0.0 78659 0.0} {90651 0.0 95575 0.0 74684 0.0 78833 0.0} {91038 0.0 95979 0.0 75071 0.0 79237 0.0} {91603 0.0 96745 0.0 75636 0.0 80003 0.0} {92503 0.0 98026 0.0 76536 0.0 81284 0.0} {94303 0.0 100587 0.0 78336 0.0 83845 0.0} {97903 0.0 105709 0.0 81936 0.0 88967 0.0}} {1 0 0 0 0 0 0 0 0 2404 3096 6851 8978 20191 26625 60214 79565} {0 0 1.0 5 0.0 1.0 1.0 1.0 1.0 4.6 1.9 2.0 31 31 31 31 1000 1 1 1 0 0 0 0 0 0 0 0 -111111111 X 0 0} 0 {2 0 X} {-111111111 -111111111}
::rc_st::fg::map_reify_hier_drvr_info {1 . cb_parti_g1886_in_2 0} {2 -1840559247 -340034827} {{90758 0.0 95325 0.0 74791 0.0 78583 0.0} {90860 0.0 95420 0.0 74893 0.0 78678 0.0} {91084 0.0 95596 0.0 75117 0.0 78854 0.0} {91523 0.0 95935 0.0 75556 0.0 79193 0.0} {92253 0.0 96528 0.0 76286 0.0 79786 0.0} {93425 0.0 97516 0.0 77458 0.0 80774 0.0} {95769 0.0 99492 0.0 79802 0.0 82750 0.0} {100459 0.0 103442 0.0 84492 0.0 86700 0.0}} {1 0 0 0 0 0 0 0 0 3303 2483 9474 7006 27989 20576 83531 61287} {0 0 1.0 5 0.0 1.0 1.0 1.0 1.0 4.6 1.9 2.0 30 30 30 30 1000 1 1 1 0 0 0 0 0 0 0 0 -111111111 X 0 0} 0 {2 0 X} {-111111111 -111111111}
::rc_st::fg::map_reify_hier_drvr_info {1 . cb_parti_g1886_in_3 0} {2 -1840559247 -340034827} {{90823 0.0 95560 0.0 74856 0.0 78818 0.0} {90919 0.0 95659 0.0 74952 0.0 78917 0.0} {91110 0.0 95837 0.0 75143 0.0 79095 0.0} {91474 0.0 96180 0.0 75507 0.0 79438 0.0} {92099 0.0 96798 0.0 76132 0.0 80056 0.0} {93172 0.0 97862 0.0 77205 0.0 81120 0.0} {95318 0.0 99989 0.0 79351 0.0 83247 0.0} {99610 0.0 104245 0.0 83643 0.0 87503 0.0}} {1 0 0 0 0 0 0 0 0 3071 2795 8974 7880 26684 23134 79811 68897} {0 0 1.0 5 0.0 1.0 1.0 1.0 1.0 4.6 1.9 2.0 30 29 30 29 1000 1 1 1 0 0 0 0 0 0 0 0 -111111111 X 0 0} 1 {2 0 X} {-111111111 -111111111}
::rc_st::fg::map_reify_hier_drvr_info {1 . cb_parti_g1897_in_0 0} {2 -1840559247 -340034827} {{91054 0.0 86369 0.0 74312 0.0 70402 0.0} {91150 0.0 86477 0.0 74408 0.0 70510 0.0} {91339 0.0 86714 0.0 74597 0.0 70747 0.0} {91700 0.0 87193 0.0 74958 0.0 71226 0.0} {92325 0.0 87986 0.0 75583 0.0 72019 0.0} {93400 0.0 89237 0.0 76658 0.0 73270 0.0} {95550 0.0 91741 0.0 78808 0.0 75774 0.0} {99851 0.0 96746 0.0 83109 0.0 80779 0.0}} {1 0 0 0 0 0 0 0 0 3059 3107 8893 8646 26394 25262 78897 75112} {0 0 1.0 5 0.0 1.0 1.0 1.0 1.0 4.6 1.9 2.0 31 30 31 30 1000 1 1 1 0 0 0 0 0 0 0 0 -111111111 X 0 0} 0 {2 0 X} {-111111111 -111111111}
::rc_st::fg::map_reify_hier_drvr_info {1 . cb_parti_g1897_in_1 0} {2 -1840559247 -340034827} {{87369 0.0 92024 0.0 71402 0.0 75282 0.0} {87464 0.0 92131 0.0 71497 0.0 75389 0.0} {87651 0.0 92373 0.0 71684 0.0 75631 0.0} {87994 0.0 92828 0.0 72027 0.0 76086 0.0} {88558 0.0 93519 0.0 72591 0.0 76777 0.0} {89513 0.0 94566 0.0 73546 0.0 77824 0.0} {91424 0.0 96663 0.0 75457 0.0 79921 0.0} {95243 0.0 100856 0.0 79276 0.0 84114 0.0}} {1 0 0 0 0 0 0 0 0 2671 2563 7804 7099 23202 20704 69397 61521} {0 0 1.0 5 0.0 1.0 1.0 1.0 1.0 4.6 1.9 2.0 31 30 31 30 1000 1 1 1 0 0 0 0 0 0 0 0 -111111111 X 0 0} 0 {2 0 X} {-111111111 -111111111}
::rc_st::fg::map_reify_hier_drvr_info {1 . cb_parti_g1897_in_3 0} {2 -1840559247 -340034827} {{93276 0.0 88701 0.0 76534 0.0 72734 0.0} {93379 0.0 88808 0.0 76637 0.0 72841 0.0} {93601 0.0 89050 0.0 76859 0.0 73083 0.0} {94039 0.0 89493 0.0 77297 0.0 73526 0.0} {94774 0.0 90158 0.0 78032 0.0 74191 0.0} {95962 0.0 91169 0.0 79220 0.0 75202 0.0} {98337 0.0 93193 0.0 81595 0.0 77226 0.0} {103088 0.0 97240 0.0 86346 0.0 81273 0.0}} {1 0 0 0 0 0 0 0 0 3376 2337 9641 6297 28434 18178 84813 53822} {0 0 1.0 5 0.0 1.0 1.0 1.0 1.0 4.6 1.9 2.0 32 32 32 32 1000 1 1 1 0 0 0 0 0 0 0 0 -111111111 X 0 0} 0 {2 0 X} {-111111111 -111111111}
::rc_st::fg::map_slackq_result default {}
::rc_st::fg::map_slackq_result clk {{1 . B 7} 0 {1 . A 9} 0 {1 . B 2} 0 {1 . A 8} 0 {1 . B 10} 0 {1 . cb_parti_g1886_in_1 0} 0 {1 . A 15} 0 {1 . A 1} 0 {1 . B 23} 0 {1 . cb_parti_g1897_in_3 0} 0 {1 . A 10} 0 {1 . cb_parti_g1886_in_0 0} 0 {1 . A 16} 0 {1 . B 11} 0 {1 . cb_parti_g1897_in_0 0} 0 {1 . B 5} 0 {1 . cb_parti_g1897_in_1 0} 0 {1 . cb_parti_g1886_in_2 0} 0 {1 . B 9} 0 {1 . A 17} 0 {1 . A 12} 0 {1 . A 21} 0 {1 . A 6} 0 {1 . A 7} 0 {1 . A 4} 0 {1 . B 22} 0 {1 . B 0} 0 {1 . A 11} 0 {1 . A 23} 0 {1 . B 18} 0 {1 . B 17} 0 {1 . A 19} 0 {1 . B 15} 0 {1 . A 13} 0 {1 . A 3} 0 {1 . A 22} 0 {1 . A 0} 0 {1 . A 5} 0 {1 . B 3} 0 {1 . B 6} 0 {1 . B 1} 0 {1 . A 18} 0 {1 . B 16} 0 {1 . B 13} 0 {1 . A 14} 0 {1 . B 21} 0 {1 . B 4} 0 {1 . cb_parti_g1886_in_3 0} 0 {1 . B 20} 0 {1 . B 19} 0 {1 . A 2} 0 {1 . B 8} 0 {1 . B 12} 0 {1 . B 14} 0 {1 . A 20} 0}
::rc_st::fg::map_complete
