read_db -super_threading -from_tcl {4Aw+EkMzfnx0GZyLQqfkKkNTpC/bMPrVY8r2SwC5cvtr6RtCv3luGXY6g8BXB6vDRhdpYrAug+4a v2RJ/nDK1nc9qbe9JoOZbAmYcgSV/G/gVUQYCvW6lqfd3D5WN4a0SkPy9ktlsrEKkQ3Iuf52VBE9 JOzkadw31yRKmhL4rOe87EhYSwkSPFZAhYJx2btHKiKMz1gnK6AdVBrQb19Q1ckwovJjI6NZM40s R2iRR5B1wVkGsM4VO6Pb0agBVW2i+nZgJcxTMqM8b03z9sToBVOwFUFPjidflk4RAuxuZHryWcCV 9j2L5bgCZp2qeZ9lw5yhZELL3HZ8WAio4TRaPRr3V2eKMopvVIZN0pMyX53lRpNIGXsC/9TDfYBN AY4cCzLATkUDRFNOqmIIiAHobgECipRxY32bRAj79M7f3IdSCqDIFSTjp0gNobRQ1i7oMz25sduB lx/Zx5G3Hgumu0f9y8NnDiRxPqFHH3sZOILACg0tUeFG9G7odr9pQ/PeJRDDinPZyhbS6L1KjXAW 8QqVqYU/Mp+osARwguQ6BQkk2UB3g6/dWPPll0IV7CqPi2dxp0FrkLN7a0KciegkBTSsCCTY5les SZd7AqZ5GsBLyj/BTAYxk/aV6nPRdYyBteJJDwWejQKFkuqW69nm8i2jF/cOtCvu59+8Awb3Da0N 0ohHuRUwSAH1JpTTARgDG/A+XknWpsTnJBWlex3gb1vj2LmZuLUmAfZ9YX9jDSQS4zCS+rjAd/11 hUS0bZ8wtX3AFKQNrk3fQVEdi8x/Ot1h+/HOA3XO+SsOusY1BG1/mpnkh/aTNn4Ch3IUotVa4H1o s16WVYCCPhhmTW4UxeQZbcddzmCquTHYva+NSGcUuUIl8WHX3eBC16kr/BHH82TK1vcPui0qUFco QSIa9koKE4e5FX9x2eE+0DRBdasQQFxlz0jD3dnpaB0r3VZvt9dzLNzc+EkTaOeYPbSeS92rrQYj DKq8ZxgLybkbFyv8m/PJNukDTKQ378U60syQkjXp3PX40OG/RNvBWnVZp39mKUlEayPwvLy/lmhL ilNebhH/AR+yVr+mtxqTh7YYjW+pmUcW5Q88JUA6EUzia0TSX4Ko8PuhwDYohAD7C81TCtnjnHer LO3sRWWg0rqLDU9Dkizf3uFhdRZxCNRLrzUuoGB7JqZKbVqFeosnK2rBQnrG0pJi3Kk1ghgofelm 6YBsfnvQgHRzkuyAFJwxJfTJUmkXWJee9AGpkYjHG5fFcBXoaR+6o1uPkL/wxqFIw8EbIjLGKt/y Xc+yZDCvmLpp5NKBfRaQmXCH5eefy5w7UgOA7F04PfrnUCfzsZBGmlL1BMtLnGZ7sWRvUEwzDGEq 8hg0RYOM8bL7ffRVZelgfcQIHes4NMgDz4JYeIBV4QzdOmzLztaFGfT36PGTm34Ht0fiywz5dbPk C1DGM3BunKKYlROUOLIKbSDfWeMG7G6VKk06jw21Q35OPtkD8xeqo81Cd2B/wlDSUanlbBfcEdjr 3zcPaCOdwIKWEEIwp+jESPVFVCU8DB69m3BTIP1MltqoVrU0ofwjOCcXLwHWqul/YT2uwmIalYTd yuTZnOahVLwYxgeKQMyop+YcYgAMtYeNnionh2S5127Bja0MgU6SYOtEnOt5vTxZ9HPL2HbgcVwM jrFDsiiuVwlbhXniUaMjj7QfNw3KU/nhUUgbxQGD35z2bGcu6uezdNaNPHQ9C205Wy9RNZgP4T8b ODnjGoa326E8YYRa12baIi3aTE7MYje/d0lyxZoe2Xe4JwPy9T1/iQOTZnpYkM7ccVCNN5vztPcL /NJrfv4tOM6ZYdVPZqVkqSRIaKFkST4TcacnU7u6IeEGDhpeEwYMT1Hxw6on9qK9ANb1UOa0X+lW y8As51hisxSi1KSgUTL5OhvoEi27wNR8YR+JJv7GUa1gsFI7xvq5DYHZ72EhHYE24gllkSr+tWgm uXbo4fvXKJW8wW8j3Xwh9Tu14S2xFpV+sY/CbOXZdcinl2ce3qjVs/RTGsGjIA97e9Aa7mHyvqhh iStWbB5wOGwhi8whSQWZOsmRO6vr0xyO3kIBJMXUzYWiOCohHFaQcTGUmovkP6U9efRQy0UpMbwD cj6bH8G+w4YIHamprIbPiklnu74yz29SPolDwPq/35DdMaDeRnapnVMzURx7q5fyE1gaRPWLHbXj jfdi3IRqTwYYenejI6KbZ8GGzPKRvs2i2uL4q8FbZ3mvFxlskpv0M0gs2zJ/cXzhiwDC3xJ4Ta1p 2Exkqu+qJ0cvP9ATkeP5uSwYBOil0nb9C+I7IkQQCV47SyFe9ttA8rwsLGsTV8MAG4Fcb5RFf5qt FCJD8w++twYKHfT0cy2Yv299jN/kZNWQcEaFcQPpqXk8xx7KYJzmk829K/+5r3zCRKN1U5/dF4tX q2Q0oeWMvnHZydo+bdT3kqTI6xrBA2NxevnZ/k7BgBOZxkJKb2ON0go8kq1ypsakAjekQnvbRUMD KrhE7okiONMS1bJIY/bpYhsn1Qwihwvzm/VWIj3rTGux2ONArqHq0AnC/Wcvzjl3Uxnk9VBmBbuy TWSaCFLk3SU8eEmM9sZJGHNswxeohdL686lZxHNRA9vUVCqOF6zL+LGRn7zH/DmRKtbJ2fwIzfJ3 kv72ynG1FeprmYaLO+9KS0mxF+idbtoiN1e8QCSWJ8SDvYYWA1vW8Pojn3QyHz5zuxBIhMmuH0hG qp5dr3WlNRuON93U1R6w2WxAUZSLELpW5Bw7iy06paefvSCDLtzT7Bo9cT+zBkQRYdegnmqvdO/w UqvW5nj3glZbOaA5dQYMDHW2eaHNkF3PdLVIDA0d0Wtu/BCmeJJngFTG6X410mPn3yV0Sqs9pNcU o22AZxkukNMnZL+/FpulV7R/oeybeIbXKFKc88+8ryNWR77Dmt0bW+xPJOmBACz9cq+/Qt7B8leR 5algRLwz0guwS4btJK/j8H+42i39b2tH2A/fybgbL21Wx/RQ6rEu4j/DjRIl7NN3kOuH2wr5g5++ 6prAir3kiXMq4gcoqB+89kpcvCer6JSjNZakMfaWKKviDNsxji2udvFvGQR3sKfPMGbrRqJll6QK KTiObqHD+zxvPyyou0WavHA+r+ZC/U6qgzuOTB66zPy1KFnHWt3rITqIRYG68bH4OwYOlOASBJVL Ik9G1Q6o8mwA98Ubt1TmR3zKsmXxjsAPmL+siuHkHS8mWS3d8/Zm+H5k9htx28d7/CTteXxk8qz8 ZFW1CmLZvcyMq2iX1sXRt6m9b0WZNe3SKIdvI1GYLb7YCHzWkgLwYI5WHQDdAuV6pE7/hgl8M1OM G1CM7UwPJ2px6clSwNmfDx/i+iuVYSLrfVBtlCxWTjnrG+BfXxthur18Ls/YBt1OtBYwNqsTJF4n yPVLiqYKTdBVHa0gu0pIntr6rmCsHxvDeIuQ2b8UUGGtUaawVlbGMlnDZ3WO+A/XyyPaCBdZdJQN SDGpnefFVQ4jwJ4Qkn59pDQ5feLXC4BranIJjJ2NFD6bhA0pegsil4NK7V4oUFggzUntx/YA2M2U Jl+0OdE/iAXm2okFGwPWeCG3hFtVeF/myPsXmlRICZM5U6hM47JyZCDCrFIBc3U11EeR13eaZqc7 mMoNopdz65pqp+Twsv0fgpzdDEh71A6XeXE3EOcFcj0dbptUbTd8UmoJgNmoNKW7AlgRYKyd/n8Z inBxz/SJbS4cIH+4k/v97jZ6+/RF32KIem4hwdGzgubANL0HIHyYpwKWvIqLddbk7hlwmyW31pnM LThZ3GGk4bHzavcPitmFTNkXO68g/gvGb3J7IuvkXYWjTGjiKXmpn301vHqFPUyTc01jBppHJIVi mScGsMwh3Ei01UsoyUM9ccUdQSEqxTKQV3yIPuCChVY+j7W1uzY/HzbtpfYABr38y1NpiLVOGj5G OtTj4bIUCX5rChnfGs9XPH6hBCysWOmHicVpW9HbBayt9YyhNgX/SUaEoYLsyuTpN2D2FRYjwF4L PYVNYsOFelsE5RkCpJXKTEWtM5EQu2YHPYRFkOShcnSwwau/Ku2jB3eqVnzURCMu9MCTh5xu5QLs F+az9AfkK7rv0/GIJioNGoFvjjJIEEiLO2SnfGdqRW7Dkz0svNLizIcY4oTN2GAtLp8aG2XGB9bV uzoPoKPlVkpDDWSqNtNdMtAPBR8lJUFW4bF+WoAnril+Yh9TINRAsZ3caTBEBHguWZNr5MyZ6EoD yznlnt/nMS/bh6nNwgE5KxNUNLBJvjqaUFo6d35YiRzHZ1ln+TMWoCWZi1tT4jdfdDGhVt59mm6e fVNCsxbhgETQ8YddvmBYtayy47eT4nyQGgz/0m2YguxRsjnpVRUly2oDxgXnMaT2YOVGODeUJVqx 7bzoGLWmX/f2BNF7tYvIK9wlFkpI6f5ky4HizlsHdcol5DIYNJ1ObCH8eK4QM7mk13pbx4Pc4X5l /Dx5OIDjhBU490U5bEZmKXA01Q/wuO0oQK5+6qGOHhiqKVZBfV6lxoAWlNfWEfswa/PVpcfDwzaJ kti/rfvceG9kQNQ6TaKtgbgjfkfbY1TwXOFXpxzNCyHBYfrwATsEv7kMmb9u5PyYivmKXAX7QKiV GKSpUYyEatTOQ5d30G3fXX3gexYNCHAyOzjI5RCLKbc2xJX5SbCIZmZj7LupKRYWYk5JFVGUOXIu 9mH9W61uK3gVPGn295+iarvPOqcYAClTnbx1rORNn13DLmOprcQ1YVj9Va7j37VjKPWESnFsuwXV SUXx8B6Qkwa7QIV3pAoLyY9BJhyz4WUYPuFkEeBAhh87SWDcPoRZQ1Bo4+9gKzzT0f5Nt1Vnm9HJ h0ICAgAqOuoccmXPRcQCtPPEmXHP14CTRoMmqpOu9L13LUnBR2cvLi0+cYys7vCZW1YV7TQ8Q4SU 9XrvJxWSTGSko24SEM70lmpMeJSRHDt50X43dwL9sn8OGzEqOieqwrzc3Lb/alGJH0H987jhtvGx wbV6qxGt/2Hco0QqwL9eBEn2ghelZ93dqgiyENyXFZkiXe58KUV77aaNhFV5Z76qAzSXVNjYRFOw rJ2HBdmNsfsZKQd0kEoH7WFTFlZsH+ADg1yqtf5ffygI1Q2m90F2Xqqb9a4iGX05g47MHCoFxPxH ek4wBMiK/LmQY7vWh6sWYwhUlZpE/3SGwN90iSe+OnXYtHZYEbOYvrRPkHdk07Wya+ThIZxiBXTt yiav/NzmYpXHeQcrvK1LVD9S2+meZAUW4m8blYDQ1YD+1TxXIXt2QGZquSKsZsfeXjJC0ZuAeG7F +47L9IEXxus05z1AeD5L0JhsXApaye0hc/I+018ZFdkovmqBluFTSeXxt9xg+BFSZa+cXquUQQdf TXXv/8ZnSFXyBbRVuYRDEOAwKxqRF0N0+f4Ko8WdE7sd/ecoT54yq6rnjtFbcS3zHAqFqcDt9VXU sBzwQKSn9/2mBMb2U0Nfz9kFYsFspsnR+0FEMM7/wcnDGWjOWP6j++G93b7B+AQiEc/JhTs6uC4S kTykvghp8vMIr0eZvtYx99j+I3uhGf7q5JRDwQ6snLM4tLl9Qrf8ElFLC16p+hgMsWy1/rvpdEvu 620jqK/McfYra6/6ifRfz3sKI/oh+KZMmvde7rb0QkjfhmQSOIbqfdLXeFXf/kZCPvLS//07t+ol oZC3+O3IDzr+fOGt2cUacFa1Ofy4U1w5pYv7AjQk013PEyGQ30EK6Sc7w4M8UkPck0/yxmqJ4UEL 9/V1y859G5TGCJJFtniOzKHznvg6vLWt27TZFG0Q7RiNDqCxOaXB1ZEOmhalEn9PjM3ebhvTAe+6 hjc+pY4QGvIKlBZ9b5zewzZFcG7rAcwvO5FL6NEqXxteFmRlVGVsgbxUnsMNUDq9tZ22qMA4qNV4 VLpd96MI1KrHHq1RV/KhwdUAFmOWWl+Ky2mnmipVlGCjhd0/+Ocw60TGcbYknFjT7XtYAhONf65p Ctd7IVdpb+BpPIZHF3KGYSv6ygQ6tqnsRKOj4UyFh6UG+qeGngpU6o8o1LsFXbNfMneFzb5wfbQx ud0Vtr+F2I7EGvOMlOALwv6s3Iv+5JSMXKdxCci2CyBQwfUGTXSoUVSw0+iFskrNb1Wmkdom7FCm wMeRqyHSC/8q5NJ/vHE0zebfXx1G+IzL6BvmN9WOLhH1qSXJ5oG9nlkXsvD2kLAeXL/6VDImOBr7 ZMfsAAB/nXBSURUJzOlonMqwUljUiOogbEM3APAT+M5Xl/g4BEr6Xb0v/vZOwqrz5JFoqnRyAAQh kjj5FYFbXlJfLzS1hru5WtaoVmBl98NODGqdVmHHp6S9h2TkIqsPqK61TR8/wEY+s/4H9Gk/iezj CEVeVb9MdqLagCMAFZ1af6Ri7+ze4Az7HwPOVtMtTp+OOewqrnP2394LbhV3MYitIyblPhVMH1ov x8FHIBTOlEO0O/XuolHFWPGashnGUSORoDfRlfHs3KzJNk6+eJnKbPztrsLwuVl43GVs6AaJ7aBM 6rWp0GbQdc+fDBS9/+sD0luQ8LMtGkDChZSJTzMR+Z1PXkav5bEXkkACTyY+1Cx0naMkpe7kODLH D+9IPYbAWr2S452AMT83ekKY2i/dVrUN+VZcrnBKKREEA6yIbcjLRGo6NFRnI5xSUXByfilkOkvL +RdkkiyTVbF6Pe2yg3dk157356gBn4PJLXBbg3o40FakjasISCCoQHSbEFoRY7hwu/FB3p3aIib3 zntxSv3G7k04DfzyEYrButywLChvA9o67e/rAMsJOPyN35rd1RaCnY0/ZpKba4XM8uPdyVDRSjB5 YkhJcSIeHRl6b6zlXwB+wogxz5R0afEqyPHy2a+iTvlmNI6BTjYhTJq2o1xo1qnGGcckdU6KNsSP Vy2J4DFny/DGUe9jqNKJPsPPVnpnCL+ZS9HI60QUJEs/lkKu6MfnBKdMa6Aarr2je2+j0T/gvSpJ DmnHrpJqjnB4aiklGD7kCm+qt1++VyI6liobHLqFiggv+a1gloSrIJ+pW4I6PQ2ce8T9GMd/DYRB oOMEJRBf57pYUXcUMS+6bM7pqB9t8cEJy8R6VwXIZ1EvEibk6QJ+GfKVZBtzHxqMFK7PGrPasVqf dNFBGtzyaip9wjpO/MmXKJwjgl3rzMjEHyC7WQMFMDKZqXjineOcir8BwIwoR18hK+eTHDRSj4Lb NyZhXM3DfBuaeWVzSkBykocfYzvRhT7CHqBJQB/MHYf9Lu5k2S0n/3dfAlTjev6fHQyYwfNzdOCc nw2JXnmRBLMevp+bcEH4Y6a9j6jM4ZvTcFa7sxw0hH1AeGWxf8ZcE51BDDckI5dMnX4zHuhorBEZ 6cGbDHlNXBcPaKVxvd2LkwHw8dCTK/dmgxp8iQoa/XP2iM75/WxidR4ytsEHO46VONTqOfMdjXg+ Cb61GsS5uFgZY4G8lS9PNhPsGdlNObf2W76w19quqm88ahDDSKTpVsovkX1f2j39uczW+MHPpG8Y 2ux9A3lB/hXabzBExHkrqs3yDTfiAZ7uBsmfAJYHct+vASl+F4zCHb7VAVRR+dIzmGx0WrHb5Np+ Q3rPSTpakXBixvnGaQFolk1VDUUde8L9MkWZ1h7QFHCfrHIuDXiQ+tzsCsJ8WRFxy7/8JAQt8+4h 8vW1uXqKApZzUWuPT1aqZGjDZfe3ScKS+JrjLu0wJjv8jQb3ocss+K30oHLhNJ2qNTO7AGZwJSNP Vw4u5H/+pf98REKG40A1aQuMSdARFPW+256yXtrb2oC9Pv2jmFEM/9ZBozN4WLTco9jpmo0wBHB3 5TMISQUGlcEBWY8qA8ifpENRg/uR2FadxFyuFMsWgj8+z/4v98AJnX0o19Q7IQ39WSk645ru6vhw dvabt/jWdf0DcvcuW2/CmwRO3K1HDRvGVyaM2RXUJhlwSALufU9OUo1Y05Fo43FImKjMrimTTzMV BHO5/Q32v8iWkrg8NR1HpkMIbgSu9Qn5q9wqxLQpzSEM7xJZ39M74UK87gXVq4ycYJ/qCbXSas2q 42rdr8i0H1Fm0JhH2qnsD7tDuWK57RWLtv6fOhW1hXa+/3mr+eUE5+WCGhgOy1535c+gyXkLyArv F2ztCedPB/S3btQAE6ABubFCa8cVr1gngPTDOJ2RBNARTGzzbH9SZx3PcvdSULqKdVd67Hpe1c9Z VVZJagug7e/C5lsKW8bdwxhaCSFVARHA9VIGF753xWlWpHraLC78C8wMZHd8Tq5EdUwsYTENglff p8YPS9OcMArjJIjIFC20STsCbVaY/TLCGTCthBGmAQ6gjmLHKmQKMJitAKFz/3P4n6gavCvVblVK Rt9J8Ta7hvQLEeacGODNGw5M27qA8ykM3qdS3nqUhM3KWIY2ZppBGwyATOMUaUGlxbh36/L7Zed4 LlmGYa7u0JKsMYd5ld/Bjz/OGIx8LYiIO9vrrsHPPLJFCvkLsBnAPvW17dln9bg9TMQ5Gzjofi9A SUeJ6wcrys9C/2ZUlxyoGn30/q8JDAT0Iln7MsFfJpc8stmYyS1xfNjPPpE68Uumxf/FR61n4wA4 ZsipQsslBe6pNKZithZl0eglCfVRT/X8DYTh7uFxaSRgZtNw8TYSfkBlqt8ScNcSmSJOx0QzCCxx gbDmjalc85kzwGDmZfooc9o3c8lJHRNs0rE5XeSvOt0M5Y/xFGZRC+RfZiW0wB64J4zVEa/w4Ajv nrQ46LPG9ExSPX4JuHFr/jGIX19RLsSmfE6pRHpJmL44sjGDOMq3UcddQq4F05PD3x6kaTl7C1lZ YdyAUToBE6G67PBBbnwZNPYDDUfLN+KbUxMMwD7bbOAxdH/wgb9w1dvwx07Bgz2anpkV742DD+tj hJu7hOyCnqPWjfe1vAeswrA+PLLpCW9e9x9NqSc491mLN63Qronf7ySkPnnpqwl7ptaxAEgjYeD7 2kOK0eJ6dlpvAnMnopcwS4xTKZ9xw8wdRW7FM2+4c+EZD5XsCpwvMq3DgvfCabW/a9GHs36s92Hh EYvborqsxdDPehu2MXTl5ouw6anwxyy392+CNV++rg5sSXSTmWMjsDiBmoEk9ieuQKPyY/wuEMVk IIkLCyfRL9AkyqAUsq5hz4UdjQzdDJvvIzSsis1/7qFkR8XkmPNznP3RcA9lfcAdR/l/EyDEWhee VMZrlcnLn0+TjRyvpdqxczFX4ZLIUmDuF5Xgk1XVE3VRvRcp4zOjheII6fFUo68BKvA0rwj4mDC1 WLGlSV2gPLhjSBKSoBWQJlHZaxWsot3fbJjjLRwrUa1o+olH2u2K+0d93agoGt8dv5QyKoxctr1H uZgMxj+57uwrtweJW8CrllethtB1HtbH/oz+J/mjMJ86CctSVXy7hujsbBz6fiWYumiEFVjMjeOW g9ZTTpmeuZRPH3gyH/x3s1A/yUrovxQzGltY2Gpnwe9/WK8kf1cTbZvBEpd7hWbicwx5JSiz3AKi UNT2QCu8Bd1tZGEEOKaqyQtwE+1SD9CwB+8OZL1oGhotWbVX4PEGPHPtxnC2f5V/XPMLiT4Oc6fP ru/CyXFLFZ0E7t38jpG6ntB82jsAJWy4y+Jl/9ls7mzpX9ol51l/Bn8DXqePaZQ1T02F9hvsQAwl DBEZy4UpmJus/ImEvLyBESZO8iBY2Du+3eX6LNGgunfH4aongU086oTMiJMEjsqXAneStUv354Pl crSKVNb2AFAtEL9NBkedDGlUpktOANd/SCYnRUtfzcf7xoEdHvK9fVHwV3EkwqWS48/z4uei4Zry X+oGIc943Zsvgk5qZZV9XCUpUvO+Junsat322mvbx4v/n2L/PzNXc4xqjrmHlm4nJzXZBo8ye9qB OTLDqRjwWeviVq4FZfphfEFFKrNWTKo8kZSNeFY7NmMwakF2FmYeqxuyrqzxZGJbEMEenOu+iotC fbHm0TW9+jPXERQY8QHZHzp5i0qklT2A+wQnSTvqGCeA0PHLUIyhuSZ9yV1TGl189Y4O21Zrs3qk UHdsTZJ6YyaqNhOJ7FuR4Ia+rcKox0IhdhL2eLWakQugqJHiTEenY7jQ6uxrTdXPI+GG8nhPU0qI Ym256ZntZDtC0l/OAh7UnPdskI6I+axxOi3DAy0VAxb385d0aq5WRVSikifzHRbTIZfjLnmmogz4 nbjCNNga0L/bdbD/PzHZjlekZNPKvDinnTkPlEDh+RBJTIUwwR2oKe/enEslp8m2WOtK/sty1D7u UBBYfiCZJeV6WbYF9tVqRpyYjXFUaDlYOfbdqgUfvBpnbVULZyxGToC1zSibRcE4K/RFYBlqlo9X UG0LaNYoK6/eqslfKa/cSo7c0uxHmlsQHXXk3zutcD+kSOPxRyTEKkvEgYZAc0xRdWfDjbs11DEh Bz98g9puQagh5ca8W2XOKtoSoCVCPhic0PpijlKcfjfWEP8wkMltD5G+k++RP6wU71eMrKpbqsP8 TH3IT8w1J6Ex2Z/IIxFyhAfjujUit5xhqoPH+WOJEBU4BPGKu33VA/a/sDkCSZ6ahTGzI9YQOsfd c2pYAllUiSo9s/K4Pnox3Nvfp4yrch9OeskDD9FSQnKLMv3rLu1TzFVOORH2/hcvK5PvEi/3w1pI +jsnBSHGFb4mMcVXRRy9JGnI7MX2/fB6TDRtZQtP+vQZj175VH6PamKhf5b7qbvkmYBLqbzyOUDF PmAoOxzrxHzcW0hZb7Ly7AJO4Qb9vBxZEXwzGPWN6ysAgKF8agFNQ9j4rZ40nsj6yhlAUmrhzl5s xiIcgLFmVfmvp5jAj9iYzb6zNkH8fiK09llvNOHa3tL9vLUom6cNSKjKTNcZOxMCo8mmvs4g2DOx glc/uPHqCs7BaeclCR6ghEjLdPWlhp4wlxPVO9/1YYkd+ESgK7lbmkNIIJWapQKaHPj97OxUWJnm IEE4S3bDBZii5Wxh1oYaWTOFP6qu5e4vfGrzjSIarX33k6dsG/GnLZHjfF2FhI/gp4FSz2ottgAv Cx4g4U/QlCmZtsUvMqMXBK8PjFzHPRoIPH2Htd46wx3H0Q76IpJZjscoQDIsZ4l4DEHB/v6E+kX/ 1Fu+MIv2SeooLTnRIUZHTiEDYetPFIwF9PSNF3WA4Uk38ujUngNmSots9FIYuW5cahSGAiM9nLWz XhP+Ye0dovDnanGqAR0kCpjWzux/vcioms16vftkPAaK17OazOxeQb/KSajJiruMzF/3yGIb1ivH lina+jfu5YSUsak2yBWFC4G0PeNSES3kaqxtvbnY67iODdiUqSZ4NrIHorCxnvUYZaxTBWvJEaTk z6Rp/aiaZVQYEegWNRXEoWo0vdH9J84Smo/pc2yh/YnKssm5u5NLsjtFNdqqnPPWWI532AxMSBXV JIGiyDvEo8tMNK6slyJmKF1GaCldDyrIr3bJoUdYw37IIdD0FPn7Yu8cjOBp3EQJt9ZT1ytjxxJS qKZRPt/b3760aKE9n1qf7FTTWYaTyfIS5fEzalXsXSOE/6Bf7Ql0ZAfNOJOEv01EFOZnz8BN1TWf O9rhkoIaX4SRIqdJAyj0bY0V0u+tj+n6kOs4uKyoeJ6tWpvxO2Gyvyb+LDXstxObBz+u9LOxod44 BCh+ENLOOI/x6lfLIJjF6Hek7HJkWI+Rk9dotwdqsdatGu+mjviL1xteJAfCoJg3+ueekJeD96aH StCrZHcb3n60TSWZ4D5l22yggPc2KZMvOlCimWNrvIpWOXDIgr52BqwZq+zklOwOVsf/7t6UZtNz NypdmIsMe7AoMqJyBDwW/37bbBL068+k9foEnQe2ApzkNxkcjs2lQbBCTNUQkV8STbaAT9gVCPrB W6fpUu6ImZrr+Mgb9IreXVVnT0GABSe1c49hZXNFcZMiUolyP8k0Qyr6/TpPec8b23x0Yonl9C+a zKObujNWdHVTtbFiVZC4ldeSp803xqGZbhO3f9pHA8ImdPsNR2IztOD38Xgfj0RkDnTjHL0YmVpN OOzRuXJpZ0yoZFni/rS+BrvbhG182ytOJG0KHotyAOmQw7RQDEtPSjOQNmTn1uKieB5E5q+mFelg UOwPvDBlXwy0ovOjRyKrhhCKX1NkSd+BuR158lu9autIrLiWwJp9R575UN/+vtfHTar5MB4LRErI kwVI2ANCEW4nCc2slDbTsgsLU9AEiGWmX+39PJ/HnMMGQcXs9P8BPcpCrkkK3Ko/a6f1qH40Q/4u Z1VMIB5JWvW0Zwcz/TEgzO9mKuenanrcIq7e/TBxbbKhdMLU1UaAZ4IsGPrmLXymhqQA42K8HaFf WoCqWjBJ+KG7O6KXP9yVdw1OlWHzPB3wWFcIPml+RGA9dfoF1M3krpeXAIQFnkKY1Ovw0tlaFFYn 3pIXhiWueYDUXgDfccXP9m6NV+pg4M8pV7jzG/Tmu2ff1rPnxj6U3K9rqeid6DgVrvoGoM06pps0 H9Q/pjgx+nxdFDAMD7uVKu8Obbqg+Y/HRH/fgMXwYTNUAYvYhaXbDQdQyve0hMTwIJOzrA66L6Ai laYbfzuwEd8hwtARU3wTYaYOJKJt66v1Uz+AAQnMj4U3YeZmPnmpcpm77mwHqtT3lt7cz+rtjTcC yuSEQrLz0uwgHyZnXmeKXsepx5GLOqUS6fAJ/CjNHpEjDvHtXfyBWOqweK41gegofCaPFSsVGC2J 4CNpNYBwFCZO/OMW6i/99aWT++/3V1O//zSqiRHEoJSLWeZF2MtfywA1tx6q7fVhDa5C/btH+PCK 2EmpeR7nDuhuCP9gLs2vtEeSX6Ft05rCPW78igC8hhKM5VuQZVOJ2xP6Uj+FwwXZODg9JsIMxt7l zR6v01b0/CtrV37roHyjwOlqIPdk0oTN5QdLfTNEwYbbt3EuripQeSa6XXP38Q2ZYDYtsBXXTjB/ 3xnU+vYRulRt1lL4AqUTUU8AC8oOB17Acd0y0tKXrLuUyfqm9fmNqHAj9l2qMr2P9Ft7Bd2gHGrT AgMSxPBlHOViktMQX4cil2lolNPoqxYWrrYMlVtXdm1deB/YeHGoy5j3OcQ4KgH+xx2HBXygwH4X zvNRtmPCTJuJsU7u+GVNV87acuT3CLkynPBoxqqJRQo78RSQVDF7XGGRVop8z7vsJHh0SweEavtT k6xbWDjUQ8uss//yktBnsyAI124zn0Ry0PfwOfg3n6uHgSFKza7N5XxqtBir+owVFEM7nNmw1Euv Y5ngF3V3o+eLt7xsnBg6MB7MjhWejG3dmhTqP2B/l+eTHfttROQjlWehTJHzKcuM3CpFL1sVK00l 2RrcOcf6AzEwD9cYI2yetTA5bk0f0QlT90U/IviZHPPfoTcAmgA94ZIE5KzcmGUKt3hlG7tmkSRY mPdX0wLIDvHx0zweTU4y/Rj1Ha+N+5sPWdNMwJUjn1xRmv8Mt1rL5mn7DygEDBYfga39szpSV0p7 tzb/2g}
::rc_st::fg::map_reify_receive rvecc_decode -wlm {1 0 0 1.0 5 0.0 1.0 1.0 1.0 1.0 4.6 1.9 2.0 0}
::rc_st::fg::map_sa -1840559247 {0 0 <default_clock> 0 1 0 0 0}
::rc_st::fg::map_sa -340034827 {0 0 clk 0 1 0 0 0 0 0}
::rc_st::fg::map_reify_hier_drvr_info {1 . en 0} {2 -1840559247 -340034827} {{122931 0.0 118972 0.0 75326 0.0 70232 0.0} {123038 0.0 119084 0.0 75433 0.0 70344 0.0} {123259 0.0 119310 0.0 75654 0.0 70570 0.0} {123702 0.0 119757 0.0 76097 0.0 71017 0.0} {124515 0.0 120544 0.0 76910 0.0 71804 0.0} {125994 0.0 121899 0.0 78389 0.0 73159 0.0} {128951 0.0 124610 0.0 81346 0.0 75870 0.0} {134865 0.0 130033 0.0 87260 0.0 81293 0.0}} {1 0 0 0 0 0 0 0 0 4602 4345 14050 13008 42395 38996 127431 116959} {0 0 1.0 5 0.0 1.0 1.0 1.0 1.0 4.6 1.9 2.0 31 31 49 49 2000 1 2 2 0 0 0 0 0 0 0 0 -111111111 X 0 0} 0 {2 0 X} {-111111111 -111111111}
::rc_st::fg::map_reify_hier_drvr_info {1 . din 0} {2 -1840559247 -340034827} {{151696 0.0 151697 0.0 104091 0.0 104092 0.0} {151817 0.0 151817 0.0 104212 0.0 104212 0.0} {152032 0.0 152032 0.0 104427 0.0 104427 0.0} {152377 0.0 152378 0.0 104772 0.0 104773 0.0} {152887 0.0 152898 0.0 105282 0.0 105293 0.0} {153921 0.0 153915 0.0 106316 0.0 106310 0.0} {156459 0.0 156453 0.0 108854 0.0 108848 0.0} {161538 0.0 161532 0.0 113933 0.0 113927 0.0}} {1 0 0 0 0 0 0 0 0 4043 3728 12110 11795 36309 35994 108905 108590} {0 0 1.0 5 0.0 1.0 1.0 1.0 1.0 4.6 1.9 2.0 39 39 117 117 3000 1 3 3 0 0 0 0 0 0 0 0 -111111111 X 0 0} 0 {2 0 X} {-111111111 -111111111}
::rc_st::fg::map_reify_hier_drvr_info {1 . din 1} {2 -1840559247 -340034827} {{153984 0.0 153985 0.0 106379 0.0 106380 0.0} {154105 0.0 154105 0.0 106500 0.0 106500 0.0} {154320 0.0 154320 0.0 106715 0.0 106715 0.0} {154665 0.0 154666 0.0 107060 0.0 107061 0.0} {155175 0.0 155186 0.0 107570 0.0 107581 0.0} {156201 0.0 156195 0.0 108596 0.0 108590 0.0} {158739 0.0 158733 0.0 111134 0.0 111128 0.0} {163818 0.0 163812 0.0 116213 0.0 116207 0.0}} {1 0 0 0 0 0 0 0 0 4020 3711 12087 11778 36286 35977 108882 108573} {0 0 1.0 5 0.0 1.0 1.0 1.0 1.0 4.6 1.9 2.0 39 39 117 117 3000 1 3 3 0 0 0 0 0 0 0 0 -111111111 X 0 0} 0 {2 0 X} {-111111111 -111111111}
::rc_st::fg::map_reify_hier_drvr_info {1 . din 2} {2 -1840559247 -340034827} {{144437 0.0 144437 0.0 96832 0.0 96832 0.0} {144558 0.0 144558 0.0 96953 0.0 96953 0.0} {144772 0.0 144773 0.0 97167 0.0 97168 0.0} {145118 0.0 145120 0.0 97513 0.0 97515 0.0} {145627 0.0 145637 0.0 98022 0.0 98032 0.0} {146441 0.0 146488 0.0 98836 0.0 98883 0.0} {148684 0.0 148677 0.0 101079 0.0 101072 0.0} {153832 0.0 153824 0.0 106227 0.0 106219 0.0}} {1 0 0 0 0 0 0 0 0 4501 4272 13583 12917 40831 40165 122573 121907} {0 0 1.0 5 0.0 1.0 1.0 1.0 1.0 4.6 1.9 2.0 39 39 75 75 3000 1 3 3 0 0 0 0 0 0 0 0 -111111111 X 0 0} 0 {2 0 X} {-111111111 -111111111}
::rc_st::fg::map_reify_hier_drvr_info {1 . din 3} {2 -1840559247 -340034827} {{157560 0.0 157560 0.0 109955 0.0 109955 0.0} {157681 0.0 157681 0.0 110076 0.0 110076 0.0} {157895 0.0 157896 0.0 110290 0.0 110291 0.0} {158241 0.0 158243 0.0 110636 0.0 110638 0.0} {158750 0.0 158760 0.0 111145 0.0 111155 0.0} {159564 0.0 159611 0.0 111959 0.0 112006 0.0} {161807 0.0 161800 0.0 114202 0.0 114195 0.0} {166955 0.0 166947 0.0 119350 0.0 119342 0.0}} {1 0 0 0 0 0 0 0 0 4020 3711 12087 11778 36286 35977 108882 108573} {0 0 1.0 5 0.0 1.0 1.0 1.0 1.0 4.6 1.9 2.0 39 39 117 117 3000 1 3 3 0 0 0 0 0 0 0 0 -111111111 X 0 0} 0 {2 0 X} {-111111111 -111111111}
::rc_st::fg::map_reify_hier_drvr_info {1 . din 4} {2 -1840559247 -340034827} {{144684 0.0 144685 0.0 97079 0.0 97080 0.0} {144805 0.0 144805 0.0 97200 0.0 97200 0.0} {145020 0.0 145020 0.0 97415 0.0 97415 0.0} {145365 0.0 145366 0.0 97760 0.0 97761 0.0} {145875 0.0 145886 0.0 98270 0.0 98281 0.0} {146691 0.0 146738 0.0 99086 0.0 99133 0.0} {148987 0.0 148981 0.0 101382 0.0 101376 0.0} {154066 0.0 154060 0.0 106461 0.0 106455 0.0}} {1 0 0 0 0 0 0 0 0 4501 4272 13583 12917 40831 40165 122573 121907} {0 0 1.0 5 0.0 1.0 1.0 1.0 1.0 4.6 1.9 2.0 39 39 75 75 3000 1 3 3 0 0 0 0 0 0 0 0 -111111111 X 0 0} 0 {2 0 X} {-111111111 -111111111}
::rc_st::fg::map_reify_hier_drvr_info {1 . din 5} {2 -1840559247 -340034827} {{146866 0.0 146866 0.0 99261 0.0 99261 0.0} {146987 0.0 146987 0.0 99382 0.0 99382 0.0} {147201 0.0 147202 0.0 99596 0.0 99597 0.0} {147547 0.0 147549 0.0 99942 0.0 99944 0.0} {148056 0.0 148066 0.0 100451 0.0 100461 0.0} {148870 0.0 148917 0.0 101265 0.0 101312 0.0} {151113 0.0 151106 0.0 103508 0.0 103501 0.0} {156261 0.0 156253 0.0 108656 0.0 108648 0.0}} {1 0 0 0 0 0 0 0 0 4512 4272 13594 12917 40842 40165 122584 121907} {0 0 1.0 5 0.0 1.0 1.0 1.0 1.0 4.6 1.9 2.0 39 39 75 75 3000 1 3 3 0 0 0 0 0 0 0 0 -111111111 X 0 0} 0 {2 0 X} {-111111111 -111111111}
::rc_st::fg::map_reify_hier_drvr_info {1 . din 6} {2 -1840559247 -340034827} {{157569 0.0 157569 0.0 109964 0.0 109964 0.0} {157689 0.0 157689 0.0 110084 0.0 110084 0.0} {157905 0.0 157905 0.0 110300 0.0 110300 0.0} {158250 0.0 158251 0.0 110645 0.0 110646 0.0} {158760 0.0 158770 0.0 111155 0.0 111165 0.0} {159574 0.0 159618 0.0 111969 0.0 112013 0.0} {161915 0.0 161907 0.0 114310 0.0 114302 0.0} {167100 0.0 167093 0.0 119495 0.0 119488 0.0}} {1 0 0 0 0 0 0 0 0 4020 3716 12087 11783 36286 35982 108882 108578} {0 0 1.0 5 0.0 1.0 1.0 1.0 1.0 4.6 1.9 2.0 39 39 117 117 3000 1 3 3 0 0 0 0 0 0 0 0 -111111111 X 0 0} 0 {2 0 X} {-111111111 -111111111}
::rc_st::fg::map_reify_hier_drvr_info {1 . din 7} {2 -1840559247 -340034827} {{148321 0.0 148321 0.0 100716 0.0 100716 0.0} {148442 0.0 148442 0.0 100837 0.0 100837 0.0} {148656 0.0 148657 0.0 101051 0.0 101052 0.0} {149002 0.0 149004 0.0 101397 0.0 101399 0.0} {149511 0.0 149521 0.0 101906 0.0 101916 0.0} {150325 0.0 150372 0.0 102720 0.0 102767 0.0} {152568 0.0 152561 0.0 104963 0.0 104956 0.0} {157716 0.0 157708 0.0 110111 0.0 110103 0.0}} {1 0 0 0 0 0 0 0 0 4450 4244 13408 12766 40283 39641 120908 120266} {0 0 1.0 5 0.0 1.0 1.0 1.0 1.0 4.6 1.9 2.0 39 39 96 96 3000 1 3 3 0 0 0 0 0 0 0 0 -111111111 X 0 0} 0 {2 0 X} {-111111111 -111111111}
::rc_st::fg::map_reify_hier_drvr_info {1 . din 8} {2 -1840559247 -340034827} {{150621 0.0 150621 0.0 103016 0.0 103016 0.0} {150742 0.0 150742 0.0 103137 0.0 103137 0.0} {150956 0.0 150957 0.0 103351 0.0 103352 0.0} {151302 0.0 151304 0.0 103697 0.0 103699 0.0} {151811 0.0 151821 0.0 104206 0.0 104216 0.0} {152625 0.0 152672 0.0 105020 0.0 105067 0.0} {154868 0.0 154861 0.0 107263 0.0 107256 0.0} {160016 0.0 160008 0.0 112411 0.0 112403 0.0}} {1 0 0 0 0 0 0 0 0 4407 4218 13251 12629 39784 39147 119381 118744} {0 0 1.0 5 0.0 1.0 1.0 1.0 1.0 4.6 1.9 2.0 39 39 96 96 3000 1 3 3 0 0 0 0 0 0 0 0 -111111111 X 0 0} 0 {2 0 X} {-111111111 -111111111}
::rc_st::fg::map_reify_hier_drvr_info {1 . din 9} {2 -1840559247 -340034827} {{144114 0.0 144115 0.0 96509 0.0 96510 0.0} {144235 0.0 144235 0.0 96630 0.0 96630 0.0} {144450 0.0 144450 0.0 96845 0.0 96845 0.0} {144795 0.0 144796 0.0 97190 0.0 97191 0.0} {145305 0.0 145316 0.0 97700 0.0 97711 0.0} {146183 0.0 146177 0.0 98578 0.0 98572 0.0} {148721 0.0 148715 0.0 101116 0.0 101110 0.0} {153800 0.0 153794 0.0 106195 0.0 106189 0.0}} {1 0 0 0 0 0 0 0 0 4022 3702 12089 11769 36288 35968 108884 108564} {0 0 1.0 5 0.0 1.0 1.0 1.0 1.0 4.6 1.9 2.0 39 39 117 117 3000 1 3 3 0 0 0 0 0 0 0 0 -111111111 X 0 0} 0 {2 0 X} {-111111111 -111111111}
::rc_st::fg::map_reify_hier_drvr_info {1 . din 10} {2 -1840559247 -340034827} {{157932 0.0 157498 0.0 110327 0.0 109893 0.0} {158051 0.0 157607 0.0 110446 0.0 110002 0.0} {158277 0.0 157825 0.0 110672 0.0 110220 0.0} {158651 0.0 158197 0.0 111046 0.0 110592 0.0} {159215 0.0 158895 0.0 111610 0.0 111290 0.0} {160257 0.0 160257 0.0 112652 0.0 112652 0.0} {162980 0.0 162980 0.0 115375 0.0 115375 0.0} {168505 0.0 168505 0.0 120900 0.0 120900 0.0}} {1 0 0 0 0 0 0 0 0 4433 4244 13391 12766 40266 39641 120891 120266} {0 0 1.0 5 0.0 1.0 1.0 1.0 1.0 4.6 1.9 2.0 39 39 96 96 3000 1 3 3 0 0 0 0 0 0 0 0 -111111111 X 0 0} 0 {2 0 X} {-111111111 -111111111}
::rc_st::fg::map_reify_hier_drvr_info {1 . din 11} {2 -1840559247 -340034827} {{141321 0.0 141321 0.0 93716 0.0 93716 0.0} {141442 0.0 141442 0.0 93837 0.0 93837 0.0} {141656 0.0 141657 0.0 94051 0.0 94052 0.0} {142002 0.0 142004 0.0 94397 0.0 94399 0.0} {142511 0.0 142521 0.0 94906 0.0 94916 0.0} {143325 0.0 143372 0.0 95720 0.0 95767 0.0} {145568 0.0 145561 0.0 97963 0.0 97956 0.0} {150716 0.0 150708 0.0 103111 0.0 103103 0.0}} {1 0 0 0 0 0 0 0 0 4435 4250 13393 12772 40268 39647 120893 120272} {0 0 1.0 5 0.0 1.0 1.0 1.0 1.0 4.6 1.9 2.0 39 39 96 96 3000 1 3 3 0 0 0 0 0 0 0 0 -111111111 X 0 0} 0 {2 0 X} {-111111111 -111111111}
::rc_st::fg::map_reify_hier_drvr_info {1 . din 12} {2 -1840559247 -340034827} {{146701 0.0 146701 0.0 99096 0.0 99096 0.0} {146822 0.0 146821 0.0 99217 0.0 99216 0.0} {147036 0.0 147036 0.0 99431 0.0 99431 0.0} {147382 0.0 147383 0.0 99777 0.0 99778 0.0} {147891 0.0 147901 0.0 100286 0.0 100296 0.0} {148705 0.0 148751 0.0 101100 0.0 101146 0.0} {150948 0.0 150941 0.0 103343 0.0 103336 0.0} {156096 0.0 156088 0.0 108491 0.0 108483 0.0}} {1 0 0 0 0 0 0 0 0 4041 3702 12108 11769 36307 35968 108903 108564} {0 0 1.0 5 0.0 1.0 1.0 1.0 1.0 4.6 1.9 2.0 39 39 117 117 3000 1 3 3 0 0 0 0 0 0 0 0 -111111111 X 0 0} 0 {2 0 X} {-111111111 -111111111}
::rc_st::fg::map_reify_hier_drvr_info {1 . din 13} {2 -1840559247 -340034827} {{133090 0.0 133222 0.0 85485 0.0 85617 0.0} {133209 0.0 133331 0.0 85604 0.0 85726 0.0} {133435 0.0 133549 0.0 85830 0.0 85944 0.0} {133810 0.0 133920 0.0 86205 0.0 86315 0.0} {134373 0.0 134449 0.0 86768 0.0 86844 0.0} {135595 0.0 135595 0.0 87990 0.0 87990 0.0} {138433 0.0 138433 0.0 90828 0.0 90828 0.0} {144108 0.0 144108 0.0 96503 0.0 96503 0.0}} {1 0 0 0 0 0 0 0 0 4400 4211 13244 12622 39777 39141 119374 118738} {0 0 1.0 5 0.0 1.0 1.0 1.0 1.0 4.6 1.9 2.0 39 39 75 75 3000 1 3 3 0 0 0 0 0 0 0 0 -111111111 X 0 0} 0 {2 0 X} {-111111111 -111111111}
::rc_st::fg::map_reify_hier_drvr_info {1 . din 14} {2 -1840559247 -340034827} {{161188 0.0 161188 0.0 113583 0.0 113583 0.0} {161308 0.0 161308 0.0 113703 0.0 113703 0.0} {161524 0.0 161524 0.0 113919 0.0 113919 0.0} {161869 0.0 161870 0.0 114264 0.0 114265 0.0} {162379 0.0 162389 0.0 114774 0.0 114784 0.0} {163333 0.0 163325 0.0 115728 0.0 115720 0.0} {165926 0.0 165918 0.0 118321 0.0 118313 0.0} {171111 0.0 171104 0.0 123506 0.0 123499 0.0}} {1 0 0 0 0 0 0 0 0 4020 3716 12085 11781 36280 35976 108866 108562} {0 0 1.0 5 0.0 1.0 1.0 1.0 1.0 4.6 1.9 2.0 39 39 117 117 3000 1 3 3 0 0 0 0 0 0 0 0 -111111111 X 0 0} 0 {2 0 X} {-111111111 -111111111}
::rc_st::fg::map_reify_hier_drvr_info {1 . din 15} {2 -1840559247 -340034827} {{152069 0.0 152206 0.0 104464 0.0 104601 0.0} {152188 0.0 152315 0.0 104583 0.0 104710 0.0} {152414 0.0 152533 0.0 104809 0.0 104928 0.0} {152789 0.0 152905 0.0 105184 0.0 105300 0.0} {153352 0.0 153433 0.0 105747 0.0 105828 0.0} {154579 0.0 154580 0.0 106974 0.0 106975 0.0} {157417 0.0 157418 0.0 109812 0.0 109813 0.0} {163092 0.0 163093 0.0 115487 0.0 115488 0.0}} {1 0 0 0 0 0 0 0 0 4407 4234 13251 12645 39784 39163 119381 118760} {0 0 1.0 5 0.0 1.0 1.0 1.0 1.0 4.6 1.9 2.0 39 39 96 96 3000 1 3 3 0 0 0 0 0 0 0 0 -111111111 X 0 0} 0 {2 0 X} {-111111111 -111111111}
::rc_st::fg::map_reify_hier_drvr_info {1 . din 16} {2 -1840559247 -340034827} {{154357 0.0 154486 0.0 106752 0.0 106881 0.0} {154476 0.0 154595 0.0 106871 0.0 106990 0.0} {154702 0.0 154813 0.0 107097 0.0 107208 0.0} {155077 0.0 155184 0.0 107472 0.0 107579 0.0} {155640 0.0 155713 0.0 108035 0.0 108108 0.0} {156859 0.0 156859 0.0 109254 0.0 109254 0.0} {159697 0.0 159697 0.0 112092 0.0 112092 0.0} {165372 0.0 165372 0.0 117767 0.0 117767 0.0}} {1 0 0 0 0 0 0 0 0 4390 4209 13234 12620 39767 39138 119364 118735} {0 0 1.0 5 0.0 1.0 1.0 1.0 1.0 4.6 1.9 2.0 39 39 96 96 3000 1 3 3 0 0 0 0 0 0 0 0 -111111111 X 0 0} 0 {2 0 X} {-111111111 -111111111}
::rc_st::fg::map_reify_hier_drvr_info {1 . din 17} {2 -1840559247 -340034827} {{144809 0.0 144375 0.0 97204 0.0 96770 0.0} {144928 0.0 144484 0.0 97323 0.0 96879 0.0} {145154 0.0 144702 0.0 97549 0.0 97097 0.0} {145528 0.0 145074 0.0 97923 0.0 97469 0.0} {146092 0.0 145772 0.0 98487 0.0 98167 0.0} {147134 0.0 147134 0.0 99529 0.0 99529 0.0} {149857 0.0 149857 0.0 102252 0.0 102252 0.0} {155382 0.0 155382 0.0 107777 0.0 107777 0.0}} {1 0 0 0 0 0 0 0 0 4446 4266 13404 12787 40279 39662 120904 120287} {0 0 1.0 5 0.0 1.0 1.0 1.0 1.0 4.6 1.9 2.0 39 39 75 75 3000 1 3 3 0 0 0 0 0 0 0 0 -111111111 X 0 0} 0 {2 0 X} {-111111111 -111111111}
::rc_st::fg::map_reify_hier_drvr_info {1 . din 18} {2 -1840559247 -340034827} {{161561 0.0 161588 0.0 113956 0.0 113983 0.0} {161680 0.0 161696 0.0 114075 0.0 114091 0.0} {161906 0.0 161915 0.0 114301 0.0 114310 0.0} {162279 0.0 162286 0.0 114674 0.0 114681 0.0} {162845 0.0 162811 0.0 115240 0.0 115206 0.0} {163998 0.0 163998 0.0 116393 0.0 116393 0.0} {166888 0.0 166888 0.0 119283 0.0 119283 0.0} {172669 0.0 172669 0.0 125064 0.0 125064 0.0}} {1 0 0 0 0 0 0 0 0 4487 4305 13520 12900 40619 39999 121916 121296} {0 0 1.0 5 0.0 1.0 1.0 1.0 1.0 4.6 1.9 2.0 39 39 57 57 2000 1 2 2 0 0 0 0 0 0 0 0 -111111111 X 0 0} 0 {2 0 X} {-111111111 -111111111}
::rc_st::fg::map_reify_hier_drvr_info {1 . din 19} {2 -1840559247 -340034827} {{145057 0.0 144734 0.0 97452 0.0 97129 0.0} {145176 0.0 144843 0.0 97571 0.0 97238 0.0} {145402 0.0 145061 0.0 97797 0.0 97456 0.0} {145777 0.0 145432 0.0 98172 0.0 97827 0.0} {146340 0.0 146014 0.0 98735 0.0 98409 0.0} {147358 0.0 147358 0.0 99753 0.0 99753 0.0} {150047 0.0 150047 0.0 102442 0.0 102442 0.0} {155620 0.0 155620 0.0 108015 0.0 108015 0.0}} {1 0 0 0 0 0 0 0 0 4392 4215 13236 12626 39769 39144 119366 118741} {0 0 1.0 5 0.0 1.0 1.0 1.0 1.0 4.6 1.9 2.0 39 39 96 96 3000 1 3 3 0 0 0 0 0 0 0 0 -111111111 X 0 0} 0 {2 0 X} {-111111111 -111111111}
::rc_st::fg::map_reify_hier_drvr_info {1 . din 20} {2 -1840559247 -340034827} {{147238 0.0 146804 0.0 99633 0.0 99199 0.0} {147357 0.0 146913 0.0 99752 0.0 99308 0.0} {147583 0.0 147131 0.0 99978 0.0 99526 0.0} {147957 0.0 147503 0.0 100352 0.0 99898 0.0} {148521 0.0 148201 0.0 100916 0.0 100596 0.0} {149563 0.0 149563 0.0 101958 0.0 101958 0.0} {152286 0.0 152286 0.0 104681 0.0 104681 0.0} {157811 0.0 157811 0.0 110206 0.0 110206 0.0}} {1 0 0 0 0 0 0 0 0 4457 4266 13415 12787 40290 39662 120915 120287} {0 0 1.0 5 0.0 1.0 1.0 1.0 1.0 4.6 1.9 2.0 39 39 75 75 3000 1 3 3 0 0 0 0 0 0 0 0 -111111111 X 0 0} 0 {2 0 X} {-111111111 -111111111}
::rc_st::fg::map_reify_hier_drvr_info {1 . din 21} {2 -1840559247 -340034827} {{157757 0.0 157757 0.0 110152 0.0 110152 0.0} {157877 0.0 157877 0.0 110272 0.0 110272 0.0} {158093 0.0 158093 0.0 110488 0.0 110488 0.0} {158438 0.0 158439 0.0 110833 0.0 110834 0.0} {158948 0.0 158958 0.0 111343 0.0 111353 0.0} {159970 0.0 159962 0.0 112365 0.0 112357 0.0} {162563 0.0 162555 0.0 114958 0.0 114950 0.0} {167748 0.0 167741 0.0 120143 0.0 120136 0.0}} {1 0 0 0 0 0 0 0 0 4433 4256 13391 12778 40266 39653 120891 120278} {0 0 1.0 5 0.0 1.0 1.0 1.0 1.0 4.6 1.9 2.0 39 39 96 96 3000 1 3 3 0 0 0 0 0 0 0 0 -111111111 X 0 0} 0 {2 0 X} {-111111111 -111111111}
::rc_st::fg::map_reify_hier_drvr_info {1 . din 22} {2 -1840559247 -340034827} {{148693 0.0 148259 0.0 101088 0.0 100654 0.0} {148812 0.0 148368 0.0 101207 0.0 100763 0.0} {149038 0.0 148586 0.0 101433 0.0 100981 0.0} {149412 0.0 148958 0.0 101807 0.0 101353 0.0} {149976 0.0 149656 0.0 102371 0.0 102051 0.0} {151018 0.0 151018 0.0 103413 0.0 103413 0.0} {153741 0.0 153741 0.0 106136 0.0 106136 0.0} {159266 0.0 159266 0.0 111661 0.0 111661 0.0}} {1 0 0 0 0 0 0 0 0 4450 4244 13408 12766 40283 39641 120908 120266} {0 0 1.0 5 0.0 1.0 1.0 1.0 1.0 4.6 1.9 2.0 39 39 96 96 3000 1 3 3 0 0 0 0 0 0 0 0 -111111111 X 0 0} 0 {2 0 X} {-111111111 -111111111}
::rc_st::fg::map_reify_hier_drvr_info {1 . din 23} {2 -1840559247 -340034827} {{150993 0.0 150559 0.0 103388 0.0 102954 0.0} {151112 0.0 150668 0.0 103507 0.0 103063 0.0} {151338 0.0 150886 0.0 103733 0.0 103281 0.0} {151712 0.0 151258 0.0 104107 0.0 103653 0.0} {152276 0.0 151956 0.0 104671 0.0 104351 0.0} {153318 0.0 153318 0.0 105713 0.0 105713 0.0} {156041 0.0 156041 0.0 108436 0.0 108436 0.0} {161566 0.0 161566 0.0 113961 0.0 113961 0.0}} {1 0 0 0 0 0 0 0 0 4450 4254 13408 12775 40283 39650 120908 120275} {0 0 1.0 5 0.0 1.0 1.0 1.0 1.0 4.6 1.9 2.0 39 39 96 96 3000 1 3 3 0 0 0 0 0 0 0 0 -111111111 X 0 0} 0 {2 0 X} {-111111111 -111111111}
::rc_st::fg::map_reify_hier_drvr_info {1 . din 24} {2 -1840559247 -340034827} {{144487 0.0 144468 0.0 96882 0.0 96863 0.0} {144606 0.0 144577 0.0 97001 0.0 96972 0.0} {144832 0.0 144795 0.0 97227 0.0 97190 0.0} {145207 0.0 145167 0.0 97602 0.0 97562 0.0} {145770 0.0 145695 0.0 98165 0.0 98090 0.0} {146841 0.0 146842 0.0 99236 0.0 99237 0.0} {149679 0.0 149680 0.0 102074 0.0 102075 0.0} {155354 0.0 155355 0.0 107749 0.0 107750 0.0}} {1 0 0 0 0 0 0 0 0 4446 4266 13404 12787 40279 39662 120904 120287} {0 0 1.0 5 0.0 1.0 1.0 1.0 1.0 4.6 1.9 2.0 39 39 75 75 3000 1 3 3 0 0 0 0 0 0 0 0 -111111111 X 0 0} 0 {2 0 X} {-111111111 -111111111}
::rc_st::fg::map_reify_hier_drvr_info {1 . din 25} {2 -1840559247 -340034827} {{158130 0.0 158225 0.0 110525 0.0 110620 0.0} {158249 0.0 158333 0.0 110644 0.0 110728 0.0} {158475 0.0 158552 0.0 110870 0.0 110947 0.0} {158848 0.0 158923 0.0 111243 0.0 111318 0.0} {159414 0.0 159448 0.0 111809 0.0 111843 0.0} {160635 0.0 160635 0.0 113030 0.0 113030 0.0} {163525 0.0 163525 0.0 115920 0.0 115920 0.0} {169306 0.0 169306 0.0 121701 0.0 121701 0.0}} {1 0 0 0 0 0 0 0 0 4487 4276 13520 12872 40619 39971 121916 121268} {0 0 1.0 5 0.0 1.0 1.0 1.0 1.0 4.6 1.9 2.0 39 39 57 57 2000 1 2 2 0 0 0 0 0 0 0 0 -111111111 X 0 0} 0 {2 0 X} {-111111111 -111111111}
::rc_st::fg::map_reify_hier_drvr_info {1 . din 26} {2 -1840559247 -340034827} {{141693 0.0 141259 0.0 94088 0.0 93654 0.0} {141812 0.0 141368 0.0 94207 0.0 93763 0.0} {142038 0.0 141586 0.0 94433 0.0 93981 0.0} {142412 0.0 141958 0.0 94807 0.0 94353 0.0} {142976 0.0 142656 0.0 95371 0.0 95051 0.0} {144018 0.0 144018 0.0 96413 0.0 96413 0.0} {146741 0.0 146741 0.0 99136 0.0 99136 0.0} {152266 0.0 152266 0.0 104661 0.0 104661 0.0}} {1 0 0 0 0 0 0 0 0 4445 4247 13403 12769 40278 39644 120903 120269} {0 0 1.0 5 0.0 1.0 1.0 1.0 1.0 4.6 1.9 2.0 39 39 75 75 3000 1 3 3 0 0 0 0 0 0 0 0 -111111111 X 0 0} 0 {2 0 X} {-111111111 -111111111}
::rc_st::fg::map_reify_hier_drvr_info {1 . din 27} {2 -1840559247 -340034827} {{147073 0.0 146639 0.0 99468 0.0 99034 0.0} {147192 0.0 146748 0.0 99587 0.0 99143 0.0} {147418 0.0 146966 0.0 99813 0.0 99361 0.0} {147792 0.0 147338 0.0 100187 0.0 99733 0.0} {148356 0.0 148036 0.0 100751 0.0 100431 0.0} {149398 0.0 149398 0.0 101793 0.0 101793 0.0} {152121 0.0 152121 0.0 104516 0.0 104516 0.0} {157646 0.0 157646 0.0 110041 0.0 110041 0.0}} {1 0 0 0 0 0 0 0 0 4457 4266 13415 12787 40290 39662 120915 120287} {0 0 1.0 5 0.0 1.0 1.0 1.0 1.0 4.6 1.9 2.0 39 39 75 75 3000 1 3 3 0 0 0 0 0 0 0 0 -111111111 X 0 0} 0 {2 0 X} {-111111111 -111111111}
::rc_st::fg::map_reify_hier_drvr_info {1 . din 28} {2 -1840559247 -340034827} {{157942 0.0 157577 0.0 110337 0.0 109972 0.0} {158061 0.0 157685 0.0 110456 0.0 110080 0.0} {158287 0.0 157904 0.0 110682 0.0 110299 0.0} {158660 0.0 158275 0.0 111055 0.0 110670 0.0} {159226 0.0 158914 0.0 111621 0.0 111309 0.0} {160287 0.0 160287 0.0 112682 0.0 112682 0.0} {163036 0.0 163036 0.0 115431 0.0 115431 0.0} {168658 0.0 168658 0.0 121053 0.0 121053 0.0}} {1 0 0 0 0 0 0 0 0 4487 4276 13520 12872 40619 39971 121916 121268} {0 0 1.0 5 0.0 1.0 1.0 1.0 1.0 4.6 1.9 2.0 39 39 57 57 2000 1 2 2 0 0 0 0 0 0 0 0 -111111111 X 0 0} 0 {2 0 X} {-111111111 -111111111}
::rc_st::fg::map_reify_hier_drvr_info {1 . din 29} {2 -1840559247 -340034827} {{148581 0.0 148582 0.0 100976 0.0 100977 0.0} {148702 0.0 148702 0.0 101097 0.0 101097 0.0} {148917 0.0 148917 0.0 101312 0.0 101312 0.0} {149262 0.0 149263 0.0 101657 0.0 101658 0.0} {149772 0.0 149783 0.0 102167 0.0 102178 0.0} {150588 0.0 150635 0.0 102983 0.0 103030 0.0} {152605 0.0 152599 0.0 105000 0.0 104994 0.0} {157684 0.0 157678 0.0 110079 0.0 110073 0.0}} {1 0 0 0 0 0 0 0 0 4056 3712 12121 11777 36316 35972 108902 108558} {0 0 1.0 5 0.0 1.0 1.0 1.0 1.0 4.6 1.9 2.0 39 39 78 78 2000 1 2 2 0 0 0 0 0 0 0 0 -111111111 X 0 0} 0 {2 0 X} {-111111111 -111111111}
::rc_st::fg::map_reify_hier_drvr_info {1 . din 30} {2 -1840559247 -340034827} {{150861 0.0 150862 0.0 103256 0.0 103257 0.0} {150982 0.0 150982 0.0 103377 0.0 103377 0.0} {151197 0.0 151197 0.0 103592 0.0 103592 0.0} {151542 0.0 151543 0.0 103937 0.0 103938 0.0} {152052 0.0 152063 0.0 104447 0.0 104458 0.0} {152868 0.0 152915 0.0 105263 0.0 105310 0.0} {154905 0.0 154899 0.0 107300 0.0 107294 0.0} {159984 0.0 159978 0.0 112379 0.0 112373 0.0}} {1 0 0 0 0 0 0 0 0 4056 3738 12121 11803 36316 35998 108902 108584} {0 0 1.0 5 0.0 1.0 1.0 1.0 1.0 4.6 1.9 2.0 39 39 78 78 2000 1 2 2 0 0 0 0 0 0 0 0 -111111111 X 0 0} 0 {2 0 X} {-111111111 -111111111}
::rc_st::fg::map_reify_hier_drvr_info {1 . din 31} {2 -1840559247 -340034827} {{157330 0.0 157331 0.0 109725 0.0 109726 0.0} {157451 0.0 157451 0.0 109846 0.0 109846 0.0} {157666 0.0 157666 0.0 110061 0.0 110061 0.0} {158011 0.0 158012 0.0 110406 0.0 110407 0.0} {158521 0.0 158532 0.0 110916 0.0 110927 0.0} {159337 0.0 159384 0.0 111732 0.0 111779 0.0} {161589 0.0 161583 0.0 113984 0.0 113978 0.0} {166668 0.0 166662 0.0 119063 0.0 119057 0.0}} {1 0 0 0 0 0 0 0 0 4046 3712 12111 11777 36306 35972 108892 108558} {0 0 1.0 5 0.0 1.0 1.0 1.0 1.0 4.6 1.9 2.0 39 39 78 78 2000 1 2 2 0 0 0 0 0 0 0 0 -111111111 X 0 0} 0 {2 0 X} {-111111111 -111111111}
::rc_st::fg::map_reify_hier_drvr_info {1 . ecc_in 0} {2 -1840559247 -340034827} {{133190 0.0 133190 0.0 85585 0.0 85585 0.0} {133311 0.0 133311 0.0 85706 0.0 85706 0.0} {133526 0.0 133526 0.0 85921 0.0 85921 0.0} {133871 0.0 133872 0.0 86266 0.0 86267 0.0} {134381 0.0 134391 0.0 86776 0.0 86786 0.0} {135415 0.0 135409 0.0 87810 0.0 87804 0.0} {137953 0.0 137947 0.0 90348 0.0 90342 0.0} {143032 0.0 143026 0.0 95427 0.0 95421 0.0}} {1 0 0 0 0 0 0 0 0 3938 3712 11694 11468 34959 34733 104755 104529} {0 0 1.0 5 0.0 1.0 1.0 1.0 1.0 4.6 1.9 2.0 39 39 78 78 2000 1 2 2 0 0 0 0 0 0 0 0 -111111111 X 0 0} 0 {2 0 X} {-111111111 -111111111}
::rc_st::fg::map_reify_hier_drvr_info {1 . ecc_in 1} {2 -1840559247 -340034827} {{133191 0.0 133191 0.0 85586 0.0 85586 0.0} {133312 0.0 133311 0.0 85707 0.0 85706 0.0} {133526 0.0 133526 0.0 85921 0.0 85921 0.0} {133872 0.0 133873 0.0 86267 0.0 86268 0.0} {134381 0.0 134391 0.0 86776 0.0 86786 0.0} {135195 0.0 135241 0.0 87590 0.0 87636 0.0} {137438 0.0 137431 0.0 89833 0.0 89826 0.0} {142586 0.0 142578 0.0 94981 0.0 94973 0.0}} {1 0 0 0 0 0 0 0 0 3957 3618 11857 11518 35555 35216 106649 106310} {0 0 1.0 5 0.0 1.0 1.0 1.0 1.0 4.6 1.9 2.0 39 39 117 117 3000 1 3 3 0 0 0 0 0 0 0 0 -111111111 X 0 0} 0 {2 0 X} {-111111111 -111111111}
::rc_st::fg::map_reify_hier_drvr_info {1 . ecc_in 2} {2 -1840559247 -340034827} {{132717 0.0 132717 0.0 85112 0.0 85112 0.0} {132838 0.0 132838 0.0 85233 0.0 85233 0.0} {133053 0.0 133053 0.0 85448 0.0 85448 0.0} {133398 0.0 133399 0.0 85793 0.0 85794 0.0} {133908 0.0 133918 0.0 86303 0.0 86313 0.0} {134937 0.0 134931 0.0 87332 0.0 87326 0.0} {137475 0.0 137469 0.0 89870 0.0 89864 0.0} {142554 0.0 142548 0.0 94949 0.0 94943 0.0}} {1 0 0 0 0 0 0 0 0 4388 4181 13232 12592 39765 39112 119362 118709} {0 0 1.0 5 0.0 1.0 1.0 1.0 1.0 4.6 1.9 2.0 39 39 96 96 3000 1 3 3 0 0 0 0 0 0 0 0 -111111111 X 0 0} 0 {2 0 X} {-111111111 -111111111}
::rc_st::fg::map_reify_hier_drvr_info {1 . ecc_in 3} {2 -1840559247 -340034827} {{133563 0.0 133129 0.0 85958 0.0 85524 0.0} {133682 0.0 133238 0.0 86077 0.0 85633 0.0} {133908 0.0 133456 0.0 86303 0.0 85851 0.0} {134282 0.0 133828 0.0 86677 0.0 86223 0.0} {134846 0.0 134526 0.0 87241 0.0 86921 0.0} {135888 0.0 135888 0.0 88283 0.0 88283 0.0} {138611 0.0 138611 0.0 91006 0.0 91006 0.0} {144136 0.0 144136 0.0 96531 0.0 96531 0.0}} {1 0 0 0 0 0 0 0 0 4443 4225 13401 12747 40276 39622 120901 120247} {0 0 1.0 5 0.0 1.0 1.0 1.0 1.0 4.6 1.9 2.0 39 39 75 75 3000 1 3 3 0 0 0 0 0 0 0 0 -111111111 X 0 0} 0 {2 0 X} {-111111111 -111111111}
::rc_st::fg::map_reify_hier_drvr_info {1 . ecc_in 4} {2 -1840559247 -340034827} {{140992 0.0 140993 0.0 93387 0.0 93388 0.0} {141113 0.0 141113 0.0 93508 0.0 93508 0.0} {141328 0.0 141328 0.0 93723 0.0 93723 0.0} {141673 0.0 141674 0.0 94068 0.0 94069 0.0} {142183 0.0 142194 0.0 94578 0.0 94589 0.0} {142999 0.0 143046 0.0 95394 0.0 95441 0.0} {145128 0.0 145122 0.0 97523 0.0 97517 0.0} {150207 0.0 150201 0.0 102602 0.0 102596 0.0}} {1 0 0 0 0 0 0 0 0 4423 4142 13257 12539 39761 39043 119273 118555} {0 0 1.0 5 0.0 1.0 1.0 1.0 1.0 4.6 1.9 2.0 39 39 57 57 2000 1 2 2 0 0 0 0 0 0 0 0 -111111111 X 0 0} 0 {2 0 X} {-111111111 -111111111}
::rc_st::fg::map_reify_hier_drvr_info {1 . ecc_in 5} {2 -1840559247 -340034827} {{141109 0.0 141110 0.0 93504 0.0 93505 0.0} {141230 0.0 141230 0.0 93625 0.0 93625 0.0} {141445 0.0 141445 0.0 93840 0.0 93840 0.0} {141790 0.0 141791 0.0 94185 0.0 94186 0.0} {142300 0.0 142311 0.0 94695 0.0 94706 0.0} {143116 0.0 143163 0.0 95511 0.0 95558 0.0} {145605 0.0 145599 0.0 98000 0.0 97994 0.0} {150684 0.0 150678 0.0 103079 0.0 103073 0.0}} {1 0 0 0 0 0 0 0 0 4423 4142 13257 12539 39761 39043 119273 118555} {0 0 1.0 5 0.0 1.0 1.0 1.0 1.0 4.6 1.9 2.0 39 39 57 57 2000 1 2 2 0 0 0 0 0 0 0 0 -111111111 X 0 0} 0 {2 0 X} {-111111111 -111111111}
::rc_st::fg::map_reify_hier_drvr_info {1 . ecc_in 6} {2 -1840559247 -340034827} {{146388 0.0 146389 0.0 98783 0.0 98784 0.0} {146509 0.0 146509 0.0 98904 0.0 98904 0.0} {146724 0.0 146724 0.0 99119 0.0 99119 0.0} {147069 0.0 147070 0.0 99464 0.0 99465 0.0} {147579 0.0 147590 0.0 99974 0.0 99985 0.0} {148446 0.0 148442 0.0 100841 0.0 100837 0.0} {150984 0.0 150978 0.0 103379 0.0 103373 0.0} {156063 0.0 156057 0.0 108458 0.0 108452 0.0}} {1 0 0 0 0 0 0 0 0 4429 4192 13263 12588 39767 39092 119279 118604} {0 0 1.0 5 0.0 1.0 1.0 1.0 1.0 4.6 1.9 2.0 39 39 57 57 2000 1 2 2 0 0 0 0 0 0 0 0 -111111111 X 0 0} 0 {2 0 X} {-111111111 -111111111}
::rc_st::fg::map_slackq_result default {}
::rc_st::fg::map_slackq_result clk {{1 . ecc_in 5} 0 {1 . din 26} 0 {1 . din 29} 0 {1 . din 13} 0 {1 . din 1} 0 {1 . din 28} 0 {1 . din 16} 0 {1 . din 23} 0 {1 . din 12} 0 {1 . din 15} 0 {1 . ecc_in 1} 0 {1 . din 4} 0 {1 . en 0} 0 {1 . din 10} 0 {1 . ecc_in 4} 0 {1 . din 6} 0 {1 . din 17} 0 {1 . ecc_in 2} 0 {1 . din 3} 0 {1 . din 7} 0 {1 . ecc_in 3} 0 {1 . din 27} 0 {1 . din 9} 0 {1 . din 30} 0 {1 . din 11} 0 {1 . din 31} 0 {1 . din 19} 0 {1 . ecc_in 6} 0 {1 . din 14} 0 {1 . din 0} 0 {1 . din 24} 0 {1 . din 20} 0 {1 . din 8} 0 {1 . din 5} 0 {1 . ecc_in 0} 0 {1 . din 21} 0 {1 . din 2} 0 {1 . din 18} 0 {1 . din 22} 0 {1 . din 25} 0}
::rc_st::fg::map_complete
