read_db -super_threading -from_tcl {4Aw+EkMzfnx0GZyr2NE+1tnJIbNHEAL+T+hQ8FHcEs4JEcgqV2uD1tvbSRvC7dH6vZWuS6saPQ8e xVfaev0qQDOFr3rFPtidZ0YsMOUvSsCkdGIqm898U/FGZlJVfUPaHgT+X9mfTAofsFosAWY3AZR6 xCRycZcpRRpBle+/egcqN90WZt249U9NjgoO2/nT4AF/yWemWCF7CXxeM0IyCt8g/z5vQBLhCsY4 06SHfO7fESOfFZqns0Zbt/aRLSODDpiu38+IvL7Mh6ikC+gRZiS1u9/LBmEH0ox798zynW4EUWAX ZUdbm1sFfovPrd1nn3sU+FnFED8cq4whlmFhWZxq4xwAnD7eS8gIm7PXVjWOozDmiaxc7lnigt64 hREn1inWUt+PT/uzxt2wyRT2OFQ+NMqRs1bIRI3hX6Lv+CFmFrRvNXmyuVGn68ZfhaGQjMnIOiGF GNYrZ75VkLcu82HY6ZXU9YUmXd1K0TIKmh+53tBuynGTXey8a2ZZTu7xa9ZW5JDDP+A6TFkALc8W LWG/d2uMl3mJuhYa8XMZ36NjBjOAjtWuOrCt5xsRNP1w927CocAcQM95wCf0zg7hP9QGccaBw77N a4skcchIxi20SdcBnoRryJ8pfySQfKQ+KPwA+iI3vECNQr29Q5jFx1E2xEwUiP3QQyu4IF9n/1cy bC8Qiz/k3ezoWY7fDO8FU0md3UakhRXHesS8p/EEJ1pnqIqE9ZFlt1QY/GO6BRCIs5OcTSo8RTYn eeiShis2p4VOOr0Gfoc3gJEcHYAZrRGyjP+KhagcW2NPK0L95cpTQZb5dP6hFLNXA9MGdhdbiduV +6gi2flZ3tjwwCrCTQnR/aVaPNpRrGhOpUTm1q9qmz3za5zoLTN6PSIKeEsQInd0c59cNBz5Dp/l 9bv8TWGjRba2MILkTPJT86tVvlmXw6lrd+mPoAcgYdBy03HbvMk9xGGVE3PSx0fRcbC64QB0RjvS 5hDSq7KUNdpZ/rl/s1XNADhgIb1WO2xxDH0KIy3nks3Vq6tmgXuXcNg68o4W7GUXTzkyaEVwGVxm e3Atu1M7UwhkGkU5WfGoMP+dltPJJk6sWORMQKJJGaYtU9tHVoZS3qZOZh2m+EqstrR4f0dMXQlr x0NnUr+fKYPZewz7k5tuNcJUeVH8+/Rt+tXJ2nXl9HxsiE9Tranfi8ORxddOf4oce8mNKo7caSpR HCI3lA3b9NCH+KzLBpSQD6PTc/Vp60G8/t5rHWkZhoo8fk5DgRk6n2iDgk+VuKf0YufICglN+8AO g+xtmXkKVMTJXW6WHurfXdOnsuWcbHmPnA5naxVexAQAOnFEQ+rZy1BA23uOjAwZ6FTj/K185qZn 82Lydf7KA40DOglymnguMYkK5xvfmUy+V6pHex4QqANIRAEN2Z1Ved2PVW+v+aO4/53beeAiyxsW 6XMcz4g6B033AMAk7NyYGJwvMM6tzUk3R3AiDZPiPcsZctLvOBYba60HwrfZtI+gzwiOMXDcQnOy knw4Fsb7KNZJEhJvt124g9iDNNwbusa3wMq94cJu0Kd65uGvehlcYUmEFpz+ieTPc+t36qD64ol7 QJni+oajfnJFHGO8RsQGkrQ/gpf4KrTN8EU3qxXlK+oLMWeq/2PvcPYtu3SHgJ/cUAt5hUynHfaP AkMxMe5cy4w2rASiNS9I1JbBlOisJzzx4ilC0y7a9fRbK0bMP/7fTo+pig5eXWh6dB/QFeJLhwYc R/29Bb0+GtfOMlHFmMr0AalowFHLfvKUdZKEU8JWSsYa1zl7keB6B8tlEDnv/+4TVaRtLEq0Ima1 0zuK+6K8v0/llyGGuC+37b+hcl4C7vfM/CW4ueI2eZ+Ra+otzFr76B2A9G6PhhJL84yBdYr+I/To HcFLV2f6MJHc52Njench9IVo5WxFOWHtBmEfCeHEVoEX+q45XqYW236Iq/UcNw56ItcgBunCjq8F PRg1E2twROOqJGadppboZLlY5RxsUEadhCRI0BiakBmVw2CVj9t0Vs5OxsvsOyJQbnJ0433eBMoE mGEaw8W704U5KiWqY6svCda31hWFK477/AsZNx6SkScUBHGchIGBsjUrRSdsxuRMmDkDwvgBU8Bi srlB3cDPGgE3qJMBHNXORJNk7jeDDQMSCSEH0041E1qKEcZyR+35J9ABENmGi+x7I7o3pqVULELq Kx0YX6w3ntF+eWNp2ZmgL2zKT4403pJkTX/qlcKcoIck/ejfKLiJZB4/ulfyOdKmp+Bvcsw/VRTS u4q84ezsQTHp3fMTRHsVhQkDKG+44aIcAC+RmJuIsEROiSnUR3PCMUSHwAbylXaalCVBnR03WS9D Bz0A+9ilB6q6URxrVeA15v4v0E8QKZgq44fXsd8UErTa6dXpNNaMqeLUB+1lI713dcxb/7m4hCdU sBLbguOhO+uALe4L1ncvpgAilVHuMWG3lkDIJqiuv4JQiEWf5IE9YGHRSit147GfBA5Sd/Kc+9rI bZeU9MQr5ol3b4XNG0e9mQJQL8YetEjI3OKMd+hv49DCrmQnQ7dmwxpLWFP4/umlCi6gmrPKSfvW x9ssJHnwwnsDsIiBoi4goUDpYCEWI99669Gdebhu9APJes0EpQhhsr5j7O5ACTsDbyz+afUx6HPH sFaKL+M7pAOYOTOt6fzWvRW37UsFGlLWRfkUYU4oM/NbA/ezwwuQ8CogzeRbNaxozHrVVrMMIHai KR5kVmRhzkSs92FCNOVtm60T1ez7aekXp/v/IxSJd+Np2HZApo0O7jiL2EaibMSlg+Uj3bjoKGER bBXVKh3QQg1ygbwC5qdZmnYGkgX4i5XkFx13+kWMw/IE3+EHnbVKvJfNuBq2/8FsCszbhSxbNODH QnbXra1ap77WMCtG0qO1xEQFlMhbFAwh6EXts3OZkMt36FSEyzE+EiqxGVHqFV8uovGSCTRgo+Ih q5bOgdG/zD2RY2TzM2k01bV6ljWpHmeWioE2PKTagwfKskOPL2kEdBMG2Fsw6PM8EIy6qpbwrLaF 2BkYmKkrJLM0xdxA2EflHfGXJkHkfstyPCNC8kImXbnuNa2pR5Pjbf4nIrBLRUF+aD8GcQ8zRBoa 0/4H+43t4P67uB4ldazJ9hQrj5bumIKlsjqsFXhJalcHsNBN2zOh48Hwu7hWJlVOgFeZIUoLOxaa FwA36+CyRRI0/xL8yOTvjJO2C6Wooi3n4y5SQeAQuqD8TFt+IZNzgjwxS10nf1TfCqKkW5v5644t 4evqutmeGD6/to9e8BGybC0TNDOkfX6/eN179qBNjCuIf60tXTE/UJJzfjDNMLyi7MCThFb8CpJD 9yNjv/xG/BQUhY7aSvN5WQQj+yf3GkxjMJfej/d5RgygHk+VEQtV8IpZ6gC2Kd/eN3HxST6lR3/0 UOZmDJhSmvm0Pklr9Mdvt36uwh7NhYCYVdk2cTZhBIYQut3fMEDD8QMohZaRrBLpOMjoruLVVj+A /aq/QhuGDaM9GxUXJYQSGD42V+wmEl3BMAYvqs/DZ5D/lN9oHGsY7y8WXW/7sKiP/bRYBpYhvRzO BnR/If2/z0a0qRFC19OCA+v8Iv0YhGSUHYGLwHlkIAS1ddS2L08rYpJ+MDruuGwxL6v5CLvjLe1P VL4wFHJf0qMK3XoZ4ygcIsNiPngYPYXtaiaPNfxS5ZcZG0WxRBuoQIUROwMK4qtOvMtpCb9pU9EH uSI5IYbEhSHxBsHyzc5j1JHyynCpubpfgzGQV+7o0HxvuCuFpn3g9w3b+yWpDLWEAaeufq8wwnfG p78jErK4hPNpuIAFy4uUTZqmaov+kWdKMXvbwB6HrN/LgWpgAo/tuTSxfafzkfEljcmIPOKnOK6p cwBxGC8ja3LRd8fMSJwVn4ihdeVkIw1zyCSmKx7ECLFf7iC5o5YmFHL0nwFDl++3CIJp45ZIlXHc sA/fj7aIskY+/QzCx2UwRch4durYi0Y3LLw7EnLA8UKq4q0y2dvJIeewOdVDgBh3Pn3KPeJvEU0F iSDQ7qH3ujm8VTmu76Liymtm3lgVRVBkeJvyPSUgMeNEhz762qqMQN5SsZ2Grw5Gv4nAo/dVgpqz X9RXVYJD9zF2grO3a8go3KYJf6nn1DWtf1jMdGICAvcul1lyvpfQ4aFl87A0a5NO1TDFXlMU3+eC RLzWCmqpk688ITGV7E6HuJ3pNbZndxtGmj5ZvnX5XaSTLWGWFsVXRHU+kBpzQOG1LzxjC9aw7n5Y S4CVitiNyNQKQo+g8inC90o1R6BYtKqYPZGG18bpVS1BWKjMHeTyFw07J56dS2ANBYvLpurLXW+m Glm9bnjryWDYa20jTTPOro5kbYZHuxLFKHyBNfMf0J/qIeYYv2qmfTrrjzs1yCkVCXYcsx+5iqMq H8IH7oajPPgQ22It9oHhsFi7b3JGMnFWvqi4Jg0yGrBy5AFZghjpygKgSOiS9R5PwWORrXcbWl/X o34RfEI0jgiGaaPgDq/swVwWT5ujy13XgoVwCOP0ZCBA8SR+i1nCudUE0Hl78Kd04n4rx72jpQhF KLvYzeIV+iv2bh/nqjNO6H4wGRvw7vQpphBJDnqdJmw1L/tDm6XVnz3PeprZG0II/uW0BNojUUQ+ PRRTP9X5W5XQKCiublh5EXkN6YxpiIwjzSyy53I2gJ8fX1PEURcmuQ6V1hfRfxT908KbvPg5Mu2T U5WxlP9XHhxMVJ9XB30Rydn+YDJDUaindFNRxxV/A4830uoFgVnLHwciZV9ie1wk3YMv5B9ygSWD T8ZWuJsaXSjy08qjYqDf2y4bjd4FB1+VR6kYRqyfekfl7upgcBqbZUZLT5mTko9eYDE3KAldXHSq o1pw63V72oqSJQz7WxMcD0XnhQ5ZIE1qHpkq5oFRa5Rd76nQ4EXPMqny/TRBwwDjhyJqW9ZTfHuy Oo285ZZPc6ASWdyIUdW2PrPf31Bc0KUkqrkM6SE2JYEVUFrlFO8/0f3QgI5DH59oxTShd2wqW9mh g8rTjlJfCCI9Df0w5utUU2ppUSw9VeKxrlAgk4zQEARy/jd/F62hZxxWiFIW2YbiO5Amshawibs+ jlXlyBK3PUCneSar+S4YzOqmv/qZfEvlNVEFrpEzOuU+nXpGhn4M6bJ/JQNMHPS7ZxZLfyvsNoHj W+lLDChTM9Ye+yCS9HbJvLLUs+gU6C7K8ngOShOqbHsr7iYj3PAGakRCYOwEPMEyFtGv4iLj6rh8 d2ogqe7kgKZMVnBX0Uq47XA/o0keIj0bMIpFI4RHfrBq4976Xgmkb/vmI+Zpe1ZvAg6qyJs47KRj cVJH6fX+fkJOxh/cr4P4f7qxKUnVBxVctDSaHPiC+7E/Lhsw+YQr3KIHVJqYqML8yYKj4lzKv3Kl h5mjXkPItMIlxyX/qPDvToRhqEbtY1LvV4skXhoHX4yYJYweglFm65BpFbGB+7Omm34erJ9uSXTA 9rmK/Ros/n1PQPNv3W9IfJHBLDYNiX4jtLy7dMF4U0mt02wWgmcZl7ijRxDs8ikNgGA2Bwmg6IlK LBWcUb3oH/5P3JiW4Dhc3/QS9gvAnE/4SyrtYrj0mdRQ1eY/CW5mwa/ay2qm2AgNFRi6Id0+sSlz O/Eo3NKXBzYOacdUu867zNme0yHCqPukYX3Ah5RwcAcTIl4mU5QeaQoBYZ6zGWKNuqUFqM6ACSvX XwhtUJooAAoFBOMH1A0mTTHv0F85GaOnd5T6Kh9poYnr86B2zJQUus+NWDUI3o0sDF5uj2HhHAz2 puoxP4erCTry1i2W/nVHtt88SiyVAvo4CPEXRBUNLXUolCma5lIZbCrEBtZGcm54L/50i0kTX8Ps +H+SRXZsi5v6V2P1x61RahgZcPZYjEBnp4rBCVl4TJRxN/UR2d+r7A/CE4ocVtHAFYcd9/LvepDT ZW2VKW/6Uo7lmZA8g47aJM0EPPiqzxdMGu6XeDfvb8TqRGeue41rzJTCxGeQiAk+V2klwlXz7dpb ZS5x13ZPBLvAv3E8+StEeo9rOEmgc01Q0jbyW1pdSPn/kPb06mibVs4K6qBZjmjd0DWQ+i4X8xDz CzFl+khSfmAVmYi/9FPDGIYW8E49eIqkl0kYUXXQAYAM0YhpbX88dxKFRtJw0kRrxpLnEmeLOz4p TC81dV5h8QETqQQEgSmoufCLhfxu7fhnOvtXWZnYD2xMDDiW+f2hsavXM2s5v762Eiypdn+m7VYK +WmyQ2T5bUN9cv+7xr2JpJ45F4CmhY+rBuogUaP39tEIEA3XwIEUVYi5WY+Bi0Y/FqtkHMR2mcSO X383Zn+YpTftlnw0u/hTGMeCS4Z9i7LjIM/Mg6sNTnsCsruYfZAmXIs9+7lkN9pRiGsUIvtwT6/J nrqcDL4IHymJ5GP2XfcledvwbNHLyTGx6+/3frf+jdIIXXdfF1SiX5H4svjiaCG6JA1RJbPIBYTV fGdtZUGQDM/Ci/ZQVCSkx5ps6SiP/bgkQMiPrDGRyj2bt43yXZ6D/wEky0EejJlTMDnI2XjApxpb 80f3iFfbrf9VZgQCiGyowJq8jpB/CScP4tHCBBV7nenT7EHLCnwEONJdKIhKiLrdDaHQmTbPdsDB 1c+KH45+t5l2pxrtCMRiKtwigYdt8QXrRlwOdGr0dC0zMsr5fQddw7A6WzN/KDK1bQRwTf4bR/bd eCqHXAIHPBN9OL+bV/SY2QwQ3J6zzcITclQ/SCrCOD+jl0QkbIlUtOCWmqZ3p/oMYOoZ4WFUd73h k2vSGsCqz+2fGUNfUsGHy/9tQud/znbV2WlFNI4+wecsxgv7ks/1EN0OICDBMguI79LeTWJfNqLT YhRuG5wGjEVpCRb5l5tHgH5qj0/gL2lGtez05wol1i38RtPJuUnba76t7QBEzU+PHmIpSfPPl5oi qaACB6IILaL6RjqH73XXY+PkMuh8YSKJJf4PNsiERZovYhKjVMIE+aLnF65K8V0zCuhE6a8dyIZu TX4AZTheG3EMFcfBmXgu46wtLCc4dZqwFAb1N9o7SblSCEishMQiigVDhq3STlwrRAbElE/zH3kg ng9SveQjjFfCDiR6tHe65mYyJB5trcDecqDkebOrWcemk97T9AXjSgP/7vT+cqiAJoJolRGfK2cq YOkuUxipAcMeXZgJHvvcVQto0d13ZVcWdLb1DlFEgnSbugYK+Rm2}
::rc_st::fg::map_reify_receive rvecc_encode_1 -wlm {1 0 0 1.0 5 0.0 1.0 1.0 1.0 1.0 4.6 1.9 2.0 0}
::rc_st::fg::map_sa -1840559247 {0 0 <default_clock> 0 1 0 0 0}
::rc_st::fg::map_sa -340034827 {0 0 clk 0 1 0 0 0 0 0}
::rc_st::fg::map_reify_hier_drvr_info {1 . din 0} {2 -1840559247 -340034827} {{28058 0.0 28058 0.0 27047 0.0 27047 0.0} {28179 0.0 28179 0.0 27168 0.0 27168 0.0} {28394 0.0 28394 0.0 27383 0.0 27383 0.0} {28739 0.0 28740 0.0 27728 0.0 27729 0.0} {29249 0.0 29259 0.0 28238 0.0 28248 0.0} {30065 0.0 30112 0.0 29054 0.0 29101 0.0} {32597 0.0 32591 0.0 31126 0.0 31120 0.0} {37676 0.0 37670 0.0 36205 0.0 36199 0.0}} {1 0 0 0 0 0 0 0 0 4441 4174 13285 12585 39818 39104 119415 118701} {0 0 1.0 5 0.0 1.0 1.0 1.0 1.0 4.6 1.9 2.0 39 39 57 57 2000 1 2 2 0 0 0 0 0 0 0 0 -111111111 X 0 0} 0 {2 0 X} {-111111111 -111111111}
::rc_st::fg::map_reify_hier_drvr_info {1 . din 1} {2 -1840559247 -340034827} {{35315 0.0 35315 0.0 33436 0.0 33436 0.0} {35436 0.0 35435 0.0 33557 0.0 33556 0.0} {35650 0.0 35650 0.0 33771 0.0 33771 0.0} {35996 0.0 35997 0.0 34117 0.0 34118 0.0} {36505 0.0 36515 0.0 34626 0.0 34636 0.0} {37319 0.0 37365 0.0 35440 0.0 35486 0.0} {39562 0.0 39555 0.0 37683 0.0 37676 0.0} {44710 0.0 44702 0.0 42831 0.0 42823 0.0}} {1 0 0 0 0 0 0 0 0 4484 4210 13442 12732 40317 39607 120942 120232} {0 0 1.0 5 0.0 1.0 1.0 1.0 1.0 4.6 1.9 2.0 39 39 57 57 2000 1 2 2 0 0 0 0 0 0 0 0 -111111111 X 0 0} 0 {2 0 X} {-111111111 -111111111}
::rc_st::fg::map_reify_hier_drvr_info {1 . din 2} {2 -1840559247 -340034827} {{27818 0.0 27818 0.0 26898 0.0 26898 0.0} {27939 0.0 27939 0.0 27019 0.0 27019 0.0} {28154 0.0 28154 0.0 27234 0.0 27234 0.0} {28499 0.0 28500 0.0 27579 0.0 27580 0.0} {29009 0.0 29019 0.0 28089 0.0 28099 0.0} {29825 0.0 29872 0.0 28905 0.0 28952 0.0} {32314 0.0 32308 0.0 31394 0.0 31388 0.0} {37393 0.0 37387 0.0 36473 0.0 36467 0.0}} {1 0 0 0 0 0 0 0 0 4008 3627 11908 11527 35606 35225 106700 106319} {0 0 1.0 5 0.0 1.0 1.0 1.0 1.0 4.6 1.9 2.0 39 39 78 78 2000 1 2 2 0 0 0 0 0 0 0 0 -111111111 X 0 0} 0 {2 0 X} {-111111111 -111111111}
::rc_st::fg::map_reify_hier_drvr_info {1 . din 3} {2 -1840559247 -340034827} {{31417 0.0 31417 0.0 30262 0.0 30262 0.0} {31538 0.0 31538 0.0 30383 0.0 30383 0.0} {31753 0.0 31753 0.0 30598 0.0 30598 0.0} {32098 0.0 32099 0.0 30943 0.0 30944 0.0} {32608 0.0 32618 0.0 31453 0.0 31463 0.0} {33424 0.0 33471 0.0 32269 0.0 32316 0.0} {35912 0.0 35906 0.0 34757 0.0 34751 0.0} {40991 0.0 40985 0.0 39836 0.0 39830 0.0}} {1 0 0 0 0 0 0 0 0 3950 3573 11706 11329 34971 34594 104767 104390} {0 0 1.0 5 0.0 1.0 1.0 1.0 1.0 4.6 1.9 2.0 39 39 78 78 2000 1 2 2 0 0 0 0 0 0 0 0 -111111111 X 0 0} 0 {2 0 X} {-111111111 -111111111}
::rc_st::fg::map_reify_hier_drvr_info {1 . din 4} {2 -1840559247 -340034827} {{38433 0.0 38433 0.0 37275 0.0 37275 0.0} {38554 0.0 38553 0.0 37396 0.0 37395 0.0} {38768 0.0 38768 0.0 37610 0.0 37610 0.0} {39114 0.0 39115 0.0 37956 0.0 37957 0.0} {39623 0.0 39633 0.0 38465 0.0 38475 0.0} {40437 0.0 40483 0.0 39279 0.0 39325 0.0} {42680 0.0 42673 0.0 41522 0.0 41515 0.0} {47828 0.0 47820 0.0 46670 0.0 46662 0.0}} {1 0 0 0 0 0 0 0 0 4008 3627 11908 11527 35606 35225 106700 106319} {0 0 1.0 5 0.0 1.0 1.0 1.0 1.0 4.6 1.9 2.0 39 39 78 78 2000 1 2 2 0 0 0 0 0 0 0 0 -111111111 X 0 0} 0 {2 0 X} {-111111111 -111111111}
::rc_st::fg::map_reify_hier_drvr_info {1 . din 5} {2 -1840559247 -340034827} {{27701 0.0 27701 0.0 26781 0.0 26781 0.0} {27822 0.0 27822 0.0 26902 0.0 26902 0.0} {28037 0.0 28037 0.0 27117 0.0 27117 0.0} {28382 0.0 28383 0.0 27462 0.0 27463 0.0} {28892 0.0 28902 0.0 27972 0.0 27982 0.0} {29708 0.0 29755 0.0 28788 0.0 28835 0.0} {31687 0.0 31681 0.0 30917 0.0 30911 0.0} {36766 0.0 36760 0.0 35996 0.0 35990 0.0}} {1 0 0 0 0 0 0 0 0 4484 4210 13442 12732 40317 39607 120942 120232} {0 0 1.0 5 0.0 1.0 1.0 1.0 1.0 4.6 1.9 2.0 39 39 57 57 2000 1 2 2 0 0 0 0 0 0 0 0 -111111111 X 0 0} 0 {2 0 X} {-111111111 -111111111}
::rc_st::fg::map_reify_hier_drvr_info {1 . din 6} {2 -1840559247 -340034827} {{35605 0.0 35605 0.0 34110 0.0 33783 0.0} {35725 0.0 35725 0.0 34229 0.0 33903 0.0} {35941 0.0 35941 0.0 34455 0.0 34119 0.0} {36286 0.0 36287 0.0 34829 0.0 34465 0.0} {36796 0.0 36806 0.0 35393 0.0 35073 0.0} {37610 0.0 37654 0.0 36435 0.0 36435 0.0} {40313 0.0 40313 0.0 39158 0.0 39158 0.0} {45838 0.0 45838 0.0 44683 0.0 44683 0.0}} {1 0 0 0 0 0 0 0 0 4484 4210 13442 12732 40317 39607 120942 120232} {0 0 1.0 5 0.0 1.0 1.0 1.0 1.0 4.6 1.9 2.0 39 39 57 57 2000 1 2 2 0 0 0 0 0 0 0 0 -111111111 X 0 0} 0 {2 0 X} {-111111111 -111111111}
::rc_st::fg::map_reify_hier_drvr_info {1 . din 7} {2 -1840559247 -340034827} {{42618 0.0 42618 0.0 40736 0.0 40736 0.0} {42738 0.0 42738 0.0 40856 0.0 40856 0.0} {42954 0.0 42954 0.0 41072 0.0 41072 0.0} {43299 0.0 43300 0.0 41417 0.0 41418 0.0} {43809 0.0 43819 0.0 41927 0.0 41937 0.0} {44623 0.0 44667 0.0 43048 0.0 43040 0.0} {46852 0.0 46844 0.0 45641 0.0 45633 0.0} {52037 0.0 52030 0.0 50826 0.0 50819 0.0}} {1 0 0 0 0 0 0 0 0 4046 3663 12046 11663 36047 35664 108050 107667} {0 0 1.0 5 0.0 1.0 1.0 1.0 1.0 4.6 1.9 2.0 39 39 78 78 2000 1 2 2 0 0 0 0 0 0 0 0 -111111111 X 0 0} 0 {2 0 X} {-111111111 -111111111}
::rc_st::fg::map_reify_hier_drvr_info {1 . din 8} {2 -1840559247 -340034827} {{35687 0.0 35512 0.0 33808 0.0 33633 0.0} {35806 0.0 35632 0.0 33927 0.0 33753 0.0} {36032 0.0 35848 0.0 34153 0.0 33969 0.0} {36406 0.0 36194 0.0 34527 0.0 34315 0.0} {36970 0.0 36713 0.0 35091 0.0 34834 0.0} {38012 0.0 38012 0.0 36133 0.0 36133 0.0} {40735 0.0 40735 0.0 38856 0.0 38856 0.0} {46260 0.0 46260 0.0 44381 0.0 44381 0.0}} {1 0 0 0 0 0 0 0 0 4484 4210 13442 12732 40317 39607 120942 120232} {0 0 1.0 5 0.0 1.0 1.0 1.0 1.0 4.6 1.9 2.0 39 39 57 57 2000 1 2 2 0 0 0 0 0 0 0 0 -111111111 X 0 0} 0 {2 0 X} {-111111111 -111111111}
::rc_st::fg::map_reify_hier_drvr_info {1 . din 9} {2 -1840559247 -340034827} {{34893 0.0 34893 0.0 33738 0.0 33738 0.0} {35014 0.0 35013 0.0 33859 0.0 33858 0.0} {35228 0.0 35228 0.0 34073 0.0 34073 0.0} {35574 0.0 35575 0.0 34419 0.0 34420 0.0} {36083 0.0 36093 0.0 34928 0.0 34938 0.0} {36897 0.0 36943 0.0 35742 0.0 35788 0.0} {39140 0.0 39133 0.0 37985 0.0 37978 0.0} {44288 0.0 44280 0.0 43133 0.0 43125 0.0}} {1 0 0 0 0 0 0 0 0 4008 3627 11908 11527 35606 35225 106700 106319} {0 0 1.0 5 0.0 1.0 1.0 1.0 1.0 4.6 1.9 2.0 39 39 78 78 2000 1 2 2 0 0 0 0 0 0 0 0 -111111111 X 0 0} 0 {2 0 X} {-111111111 -111111111}
::rc_st::fg::map_reify_hier_drvr_info {1 . din 10} {2 -1840559247 -340034827} {{38735 0.0 38735 0.0 36853 0.0 36853 0.0} {38856 0.0 38855 0.0 36974 0.0 36973 0.0} {39070 0.0 39070 0.0 37188 0.0 37188 0.0} {39416 0.0 39417 0.0 37534 0.0 37535 0.0} {39925 0.0 39935 0.0 38043 0.0 38053 0.0} {40739 0.0 40785 0.0 38857 0.0 38903 0.0} {42982 0.0 42975 0.0 41100 0.0 41093 0.0} {48130 0.0 48122 0.0 46248 0.0 46240 0.0}} {1 0 0 0 0 0 0 0 0 4046 3663 12046 11663 36047 35664 108050 107667} {0 0 1.0 5 0.0 1.0 1.0 1.0 1.0 4.6 1.9 2.0 39 39 78 78 2000 1 2 2 0 0 0 0 0 0 0 0 -111111111 X 0 0} 0 {2 0 X} {-111111111 -111111111}
::rc_st::fg::map_reify_hier_drvr_info {1 . din 11} {2 -1840559247 -340034827} {{35978 0.0 35557 0.0 34156 0.0 34402 0.0} {36097 0.0 35665 0.0 34275 0.0 34510 0.0} {36323 0.0 35884 0.0 34501 0.0 34729 0.0} {36696 0.0 36255 0.0 34874 0.0 35100 0.0} {37262 0.0 36950 0.0 35440 0.0 35625 0.0} {38323 0.0 38323 0.0 36812 0.0 36812 0.0} {41072 0.0 41072 0.0 39702 0.0 39702 0.0} {46638 0.0 46638 0.0 45483 0.0 45483 0.0}} {1 0 0 0 0 0 0 0 0 4460 4128 13493 12727 40592 39826 121889 121123} {0 0 1.0 5 0.0 1.0 1.0 1.0 1.0 4.6 1.9 2.0 18 18 18 18 1000 1 1 1 0 0 0 0 0 0 0 0 -111111111 X 0 0} 0 {2 0 X} {-111111111 -111111111}
::rc_st::fg::map_reify_hier_drvr_info {1 . din 12} {2 -1840559247 -340034827} {{35885 0.0 35980 0.0 34006 0.0 34101 0.0} {36004 0.0 36088 0.0 34125 0.0 34209 0.0} {36230 0.0 36307 0.0 34351 0.0 34428 0.0} {36603 0.0 36678 0.0 34724 0.0 34799 0.0} {37169 0.0 37203 0.0 35290 0.0 35324 0.0} {38390 0.0 38390 0.0 36511 0.0 36511 0.0} {41280 0.0 41280 0.0 39401 0.0 39401 0.0} {47061 0.0 47061 0.0 45182 0.0 45182 0.0}} {1 0 0 0 0 0 0 0 0 4460 4128 13493 12727 40592 39826 121889 121123} {0 0 1.0 5 0.0 1.0 1.0 1.0 1.0 4.6 1.9 2.0 18 18 18 18 1000 1 1 1 0 0 0 0 0 0 0 0 -111111111 X 0 0} 0 {2 0 X} {-111111111 -111111111}
::rc_st::fg::map_reify_hier_drvr_info {1 . din 13} {2 -1840559247 -340034827} {{35265 0.0 34831 0.0 34110 0.0 33676 0.0} {35384 0.0 34940 0.0 34229 0.0 33785 0.0} {35610 0.0 35158 0.0 34455 0.0 34003 0.0} {35984 0.0 35530 0.0 34829 0.0 34375 0.0} {36548 0.0 36228 0.0 35393 0.0 35073 0.0} {37590 0.0 37590 0.0 36435 0.0 36435 0.0} {40313 0.0 40313 0.0 39158 0.0 39158 0.0} {45838 0.0 45838 0.0 44683 0.0 44683 0.0}} {1 0 0 0 0 0 0 0 0 4484 4210 13442 12732 40317 39607 120942 120232} {0 0 1.0 5 0.0 1.0 1.0 1.0 1.0 4.6 1.9 2.0 39 39 57 57 2000 1 2 2 0 0 0 0 0 0 0 0 -111111111 X 0 0} 0 {2 0 X} {-111111111 -111111111}
::rc_st::fg::map_reify_hier_drvr_info {1 . din 14} {2 -1840559247 -340034827} {{38422 0.0 38422 0.0 37264 0.0 37264 0.0} {38542 0.0 38542 0.0 37384 0.0 37384 0.0} {38757 0.0 38757 0.0 37599 0.0 37599 0.0} {39102 0.0 39103 0.0 37944 0.0 37945 0.0} {39612 0.0 39622 0.0 38454 0.0 38464 0.0} {40569 0.0 40562 0.0 39411 0.0 39404 0.0} {43147 0.0 43140 0.0 41989 0.0 41982 0.0} {48303 0.0 48296 0.0 47145 0.0 47138 0.0}} {1 0 0 0 0 0 0 0 0 4017 3636 11939 11558 35704 35323 107000 106619} {0 0 1.0 5 0.0 1.0 1.0 1.0 1.0 4.6 1.9 2.0 39 39 78 78 2000 1 2 2 0 0 0 0 0 0 0 0 -111111111 X 0 0} 0 {2 0 X} {-111111111 -111111111}
::rc_st::fg::map_reify_hier_drvr_info {1 . din 15} {2 -1840559247 -340034827} {{24719 0.0 24719 0.0 23248 0.0 23248 0.0} {24839 0.0 24839 0.0 23368 0.0 23368 0.0} {25055 0.0 25055 0.0 23584 0.0 23584 0.0} {25400 0.0 25401 0.0 23929 0.0 23930 0.0} {25910 0.0 25920 0.0 24439 0.0 24449 0.0} {26724 0.0 26768 0.0 25461 0.0 25453 0.0} {29065 0.0 29057 0.0 28054 0.0 28046 0.0} {34250 0.0 34243 0.0 33239 0.0 33232 0.0}} {1 0 0 0 0 0 0 0 0 4046 3663 12046 11663 36047 35664 108050 107667} {0 0 1.0 5 0.0 1.0 1.0 1.0 1.0 4.6 1.9 2.0 39 39 78 78 2000 1 2 2 0 0 0 0 0 0 0 0 -111111111 X 0 0} 0 {2 0 X} {-111111111 -111111111}
::rc_st::fg::map_reify_hier_drvr_info {1 . din 16} {2 -1840559247 -340034827} {{35085 0.0 35085 0.0 33259 0.0 33259 0.0} {35206 0.0 35206 0.0 33380 0.0 33380 0.0} {35421 0.0 35421 0.0 33595 0.0 33595 0.0} {35766 0.0 35767 0.0 33940 0.0 33941 0.0} {36276 0.0 36286 0.0 34450 0.0 34460 0.0} {37092 0.0 37139 0.0 35484 0.0 35478 0.0} {39177 0.0 39171 0.0 38022 0.0 38016 0.0} {44256 0.0 44250 0.0 43101 0.0 43095 0.0}} {1 0 0 0 0 0 0 0 0 3950 3573 11706 11329 34971 34594 104767 104390} {0 0 1.0 5 0.0 1.0 1.0 1.0 1.0 4.6 1.9 2.0 39 39 78 78 2000 1 2 2 0 0 0 0 0 0 0 0 -111111111 X 0 0} 0 {2 0 X} {-111111111 -111111111}
::rc_st::fg::map_reify_hier_drvr_info {1 . din 17} {2 -1840559247 -340034827} {{24436 0.0 24436 0.0 23516 0.0 23516 0.0} {24556 0.0 24556 0.0 23636 0.0 23636 0.0} {24772 0.0 24772 0.0 23852 0.0 23852 0.0} {25118 0.0 25117 0.0 24198 0.0 24197 0.0} {25627 0.0 25636 0.0 24707 0.0 24716 0.0} {26441 0.0 26483 0.0 25521 0.0 25563 0.0} {28844 0.0 28836 0.0 27924 0.0 27916 0.0} {34053 0.0 34046 0.0 33133 0.0 33126 0.0}} {1 0 0 0 0 0 0 0 0 4071 3687 12140 11756 36346 35962 108963 108579} {0 0 1.0 5 0.0 1.0 1.0 1.0 1.0 4.6 1.9 2.0 39 39 78 78 2000 1 2 2 0 0 0 0 0 0 0 0 -111111111 X 0 0} 0 {2 0 X} {-111111111 -111111111}
::rc_st::fg::map_reify_hier_drvr_info {1 . din 18} {2 -1840559247 -340034827} {{28034 0.0 28034 0.0 26879 0.0 26879 0.0} {28154 0.0 28154 0.0 26999 0.0 26999 0.0} {28370 0.0 28370 0.0 27215 0.0 27215 0.0} {28716 0.0 28715 0.0 27561 0.0 27560 0.0} {29225 0.0 29234 0.0 28070 0.0 28079 0.0} {30039 0.0 30081 0.0 28884 0.0 28926 0.0} {32443 0.0 32435 0.0 31288 0.0 31280 0.0} {37652 0.0 37645 0.0 36497 0.0 36490 0.0}} {1 0 0 0 0 0 0 0 0 4483 4210 13441 12732 40316 39607 120941 120232} {0 0 1.0 5 0.0 1.0 1.0 1.0 1.0 4.6 1.9 2.0 39 39 57 57 2000 1 2 2 0 0 0 0 0 0 0 0 -111111111 X 0 0} 0 {2 0 X} {-111111111 -111111111}
::rc_st::fg::map_reify_hier_drvr_info {1 . din 19} {2 -1840559247 -340034827} {{38794 0.0 38831 0.0 37636 0.0 37673 0.0} {38913 0.0 38940 0.0 37755 0.0 37782 0.0} {39139 0.0 39158 0.0 37981 0.0 38000 0.0} {39513 0.0 39530 0.0 38355 0.0 38372 0.0} {40078 0.0 40057 0.0 38920 0.0 38899 0.0} {41230 0.0 41230 0.0 40072 0.0 40072 0.0} {44105 0.0 44105 0.0 42947 0.0 42947 0.0} {49855 0.0 49855 0.0 48697 0.0 48697 0.0}} {1 0 0 0 0 0 0 0 0 4435 4103 13409 12644 40334 39569 121108 120343} {0 0 1.0 5 0.0 1.0 1.0 1.0 1.0 4.6 1.9 2.0 18 18 18 18 1000 1 1 1 0 0 0 0 0 0 0 0 -111111111 X 0 0} 0 {2 0 X} {-111111111 -111111111}
::rc_st::fg::map_reify_hier_drvr_info {1 . din 20} {2 -1840559247 -340034827} {{28074 0.0 27483 0.0 27154 0.0 26664 0.0} {28193 0.0 27592 0.0 27273 0.0 26773 0.0} {28419 0.0 27815 0.0 27499 0.0 26991 0.0} {28794 0.0 28254 0.0 27874 0.0 27362 0.0} {29357 0.0 29031 0.0 28437 0.0 28111 0.0} {30375 0.0 30375 0.0 29455 0.0 29455 0.0} {33064 0.0 33064 0.0 32144 0.0 32144 0.0} {38440 0.0 38440 0.0 37551 0.0 37550 0.0}} {1 0 0 0 0 0 0 0 0 4474 4178 13432 12701 40307 39576 120932 120201} {0 0 1.0 5 0.0 1.0 1.0 1.0 1.0 4.6 1.9 2.0 18 18 36 36 2000 1 2 2 0 0 0 0 0 0 0 0 -111111111 X 0 0} 0 {2 0 X} {-111111111 -111111111}
::rc_st::fg::map_reify_hier_drvr_info {1 . din 21} {2 -1840559247 -340034827} {{38939 0.0 39076 0.0 37784 0.0 37250 0.0} {39058 0.0 39185 0.0 37903 0.0 37359 0.0} {39284 0.0 39403 0.0 38129 0.0 37577 0.0} {39658 0.0 39775 0.0 38503 0.0 37967 0.0} {40223 0.0 40302 0.0 39068 0.0 38750 0.0} {41475 0.0 41475 0.0 40113 0.0 40113 0.0} {44350 0.0 44350 0.0 42842 0.0 42842 0.0} {50100 0.0 50100 0.0 48298 0.0 48298 0.0}} {1 0 0 0 0 0 0 0 0 4480 4185 13454 12724 40379 39649 121153 120423} {0 0 1.0 5 0.0 1.0 1.0 1.0 1.0 4.6 1.9 2.0 18 18 36 36 2000 1 2 2 0 0 0 0 0 0 0 0 -111111111 X 0 0} 0 {2 0 X} {-111111111 -111111111}
::rc_st::fg::map_reify_hier_drvr_info {1 . din 22} {2 -1840559247 -340034827} {{28431 0.0 28344 0.0 27420 0.0 26873 0.0} {28550 0.0 28453 0.0 27539 0.0 26982 0.0} {28776 0.0 28671 0.0 27765 0.0 27200 0.0} {29151 0.0 29042 0.0 28140 0.0 27600 0.0} {29714 0.0 29571 0.0 28703 0.0 28377 0.0} {30732 0.0 30732 0.0 29721 0.0 29721 0.0} {33556 0.0 33555 0.0 32410 0.0 32410 0.0} {39231 0.0 39230 0.0 37786 0.0 37786 0.0}} {1 0 0 0 0 0 0 0 0 4441 4174 13285 12585 39818 39104 119415 118701} {0 0 1.0 5 0.0 1.0 1.0 1.0 1.0 4.6 1.9 2.0 39 39 57 57 2000 1 2 2 0 0 0 0 0 0 0 0 -111111111 X 0 0} 0 {2 0 X} {-111111111 -111111111}
::rc_st::fg::map_reify_hier_drvr_info {1 . din 23} {2 -1840559247 -340034827} {{38567 0.0 38566 0.0 37412 0.0 37411 0.0} {38687 0.0 38687 0.0 37532 0.0 37532 0.0} {38902 0.0 38902 0.0 37747 0.0 37747 0.0} {39247 0.0 39248 0.0 38092 0.0 38093 0.0} {39757 0.0 39767 0.0 38602 0.0 38612 0.0} {40814 0.0 40807 0.0 39416 0.0 39462 0.0} {43392 0.0 43385 0.0 41566 0.0 41559 0.0} {48548 0.0 48541 0.0 46722 0.0 46715 0.0}} {1 0 0 0 0 0 0 0 0 4006 3576 11928 11498 35693 35263 106989 106559} {0 0 1.0 5 0.0 1.0 1.0 1.0 1.0 4.6 1.9 2.0 39 39 39 39 1000 1 1 1 0 0 0 0 0 0 0 0 -111111111 X 0 0} 0 {2 0 X} {-111111111 -111111111}
::rc_st::fg::map_reify_hier_drvr_info {1 . din 24} {2 -1840559247 -340034827} {{28191 0.0 28061 0.0 27271 0.0 27141 0.0} {28310 0.0 28170 0.0 27390 0.0 27250 0.0} {28536 0.0 28388 0.0 27616 0.0 27468 0.0} {28911 0.0 28759 0.0 27991 0.0 27839 0.0} {29474 0.0 29288 0.0 28554 0.0 28368 0.0} {30492 0.0 30492 0.0 29572 0.0 29572 0.0} {33273 0.0 33272 0.0 32353 0.0 32352 0.0} {38948 0.0 38947 0.0 38028 0.0 38027 0.0}} {1 0 0 0 0 0 0 0 0 4473 4178 13431 12701 40306 39576 120931 120201} {0 0 1.0 5 0.0 1.0 1.0 1.0 1.0 4.6 1.9 2.0 18 18 36 36 2000 1 2 2 0 0 0 0 0 0 0 0 -111111111 X 0 0} 0 {2 0 X} {-111111111 -111111111}
::rc_st::fg::map_reify_hier_drvr_info {1 . din 25} {2 -1840559247 -340034827} {{31790 0.0 31659 0.0 30635 0.0 30504 0.0} {31909 0.0 31768 0.0 30754 0.0 30613 0.0} {32135 0.0 31986 0.0 30980 0.0 30831 0.0} {32510 0.0 32357 0.0 31355 0.0 31202 0.0} {33073 0.0 32886 0.0 31918 0.0 31731 0.0} {34091 0.0 34091 0.0 32936 0.0 32936 0.0} {36871 0.0 36870 0.0 35716 0.0 35715 0.0} {42546 0.0 42545 0.0 41391 0.0 41390 0.0}} {1 0 0 0 0 0 0 0 0 4439 4174 13283 12585 39816 39104 119413 118701} {0 0 1.0 5 0.0 1.0 1.0 1.0 1.0 4.6 1.9 2.0 39 39 57 57 2000 1 2 2 0 0 0 0 0 0 0 0 -111111111 X 0 0} 0 {2 0 X} {-111111111 -111111111}
::rc_st::fg::map_reify_hier_drvr_info {1 . din 26} {2 -1840559247 -340034827} {{39107 0.0 38673 0.0 37225 0.0 36791 0.0} {39226 0.0 38782 0.0 37344 0.0 36900 0.0} {39452 0.0 39000 0.0 37570 0.0 37118 0.0} {39826 0.0 39372 0.0 37944 0.0 37490 0.0} {40390 0.0 40070 0.0 38508 0.0 38188 0.0} {41432 0.0 41432 0.0 39550 0.0 39550 0.0} {44155 0.0 44155 0.0 42273 0.0 42273 0.0} {49680 0.0 49680 0.0 47798 0.0 47798 0.0}} {1 0 0 0 0 0 0 0 0 4482 4210 13440 12732 40315 39607 120940 120232} {0 0 1.0 5 0.0 1.0 1.0 1.0 1.0 4.6 1.9 2.0 39 39 57 57 2000 1 2 2 0 0 0 0 0 0 0 0 -111111111 X 0 0} 0 {2 0 X} {-111111111 -111111111}
::rc_st::fg::map_reify_hier_drvr_info {1 . din 27} {2 -1840559247 -340034827} {{24827 0.0 24393 0.0 23040 0.0 23040 0.0} {24946 0.0 24502 0.0 23160 0.0 23160 0.0} {25172 0.0 24720 0.0 23375 0.0 23375 0.0} {25546 0.0 25092 0.0 23720 0.0 23721 0.0} {26110 0.0 25790 0.0 24230 0.0 24240 0.0} {27152 0.0 27152 0.0 25270 0.0 25270 0.0} {29875 0.0 29875 0.0 27993 0.0 27993 0.0} {35400 0.0 35400 0.0 33518 0.0 33518 0.0}} {1 0 0 0 0 0 0 0 0 4482 4210 13440 12732 40315 39607 120940 120232} {0 0 1.0 5 0.0 1.0 1.0 1.0 1.0 4.6 1.9 2.0 39 39 57 57 2000 1 2 2 0 0 0 0 0 0 0 0 -111111111 X 0 0} 0 {2 0 X} {-111111111 -111111111}
::rc_st::fg::map_reify_hier_drvr_info {1 . din 28} {2 -1840559247 -340034827} {{35687 0.0 35253 0.0 33808 0.0 33374 0.0} {35806 0.0 35362 0.0 33927 0.0 33483 0.0} {36032 0.0 35580 0.0 34153 0.0 33701 0.0} {36406 0.0 35952 0.0 34527 0.0 34073 0.0} {36970 0.0 36650 0.0 35091 0.0 34771 0.0} {38012 0.0 38012 0.0 36133 0.0 36133 0.0} {40735 0.0 40735 0.0 38856 0.0 38856 0.0} {46260 0.0 46260 0.0 44381 0.0 44381 0.0}} {1 0 0 0 0 0 0 0 0 4482 4210 13440 12732 40315 39607 120940 120232} {0 0 1.0 5 0.0 1.0 1.0 1.0 1.0 4.6 1.9 2.0 39 39 57 57 2000 1 2 2 0 0 0 0 0 0 0 0 -111111111 X 0 0} 0 {2 0 X} {-111111111 -111111111}
::rc_st::fg::map_reify_hier_drvr_info {1 . din 29} {2 -1840559247 -340034827} {{42991 0.0 42514 0.0 41109 0.0 41303 0.0} {43110 0.0 42622 0.0 41228 0.0 41411 0.0} {43336 0.0 42841 0.0 41454 0.0 41630 0.0} {43709 0.0 43212 0.0 41827 0.0 42001 0.0} {44275 0.0 43963 0.0 42393 0.0 42526 0.0} {45336 0.0 45336 0.0 43713 0.0 43713 0.0} {48085 0.0 48085 0.0 46603 0.0 46603 0.0} {53595 0.0 53595 0.0 52384 0.0 52384 0.0}} {1 0 0 0 0 0 0 0 0 4455 4128 13488 12727 40587 39826 121884 121123} {0 0 1.0 5 0.0 1.0 1.0 1.0 1.0 4.6 1.9 2.0 18 18 18 18 1000 1 1 1 0 0 0 0 0 0 0 0 -111111111 X 0 0} 0 {2 0 X} {-111111111 -111111111}
::rc_st::fg::map_reify_hier_drvr_info {1 . din 30} {2 -1840559247 -340034827} {{35885 0.0 35980 0.0 34006 0.0 34101 0.0} {36004 0.0 36088 0.0 34125 0.0 34209 0.0} {36230 0.0 36307 0.0 34351 0.0 34428 0.0} {36603 0.0 36678 0.0 34724 0.0 34799 0.0} {37169 0.0 37203 0.0 35290 0.0 35324 0.0} {38390 0.0 38390 0.0 36511 0.0 36511 0.0} {41280 0.0 41280 0.0 39401 0.0 39401 0.0} {47061 0.0 47061 0.0 45182 0.0 45182 0.0}} {1 0 0 0 0 0 0 0 0 4455 4128 13488 12727 40587 39826 121884 121123} {0 0 1.0 5 0.0 1.0 1.0 1.0 1.0 4.6 1.9 2.0 18 18 18 18 1000 1 1 1 0 0 0 0 0 0 0 0 -111111111 X 0 0} 0 {2 0 X} {-111111111 -111111111}
::rc_st::fg::map_reify_hier_drvr_info {1 . din 31} {2 -1840559247 -340034827} {{38256 0.0 38256 0.0 37045 0.0 37045 0.0} {38377 0.0 38377 0.0 37166 0.0 37166 0.0} {38592 0.0 38592 0.0 37381 0.0 37381 0.0} {38937 0.0 38938 0.0 37726 0.0 37727 0.0} {39447 0.0 39457 0.0 38236 0.0 38246 0.0} {40481 0.0 40475 0.0 39052 0.0 39099 0.0} {43019 0.0 43013 0.0 41137 0.0 41131 0.0} {48098 0.0 48092 0.0 46216 0.0 46210 0.0}} {1 0 0 0 0 0 0 0 0 3949 3573 11705 11329 34970 34594 104766 104390} {0 0 1.0 5 0.0 1.0 1.0 1.0 1.0 4.6 1.9 2.0 39 39 78 78 2000 1 2 2 0 0 0 0 0 0 0 0 -111111111 X 0 0} 0 {2 0 X} {-111111111 -111111111}
::rc_st::fg::map_slackq_result default {}
::rc_st::fg::map_slackq_result clk {{1 . din 12} 0 {1 . din 13} 0 {1 . din 8} 0 {1 . din 27} 0 {1 . din 21} 0 {1 . din 9} 0 {1 . din 10} 0 {1 . din 30} 0 {1 . din 28} 0 {1 . din 3} 0 {1 . din 0} 0 {1 . din 15} 0 {1 . din 14} 0 {1 . din 18} 0 {1 . din 29} 0 {1 . din 23} 0 {1 . din 17} 0 {1 . din 11} 0 {1 . din 4} 0 {1 . din 2} 0 {1 . din 5} 0 {1 . din 20} 0 {1 . din 25} 0 {1 . din 16} 0 {1 . din 22} 0 {1 . din 26} 0 {1 . din 7} 0 {1 . din 1} 0 {1 . din 19} 0 {1 . din 24} 0 {1 . din 6} 0 {1 . din 31} 0}
::rc_st::fg::map_complete
