read_db -super_threading -from_tcl {4Aw+EkMzfnx0GZyr2NE+1tnJ4alN9d6vcmFrlosQwkk/2Pu2LNsdwaL1B6tU00dukdT9f30u++3y P3Rnc6yMUamWxOR3n0eWb2ptItFz64oq9pQBiAuJmXPga5HQR3/eV7axsBFOtebUWUmOhWlK8Mdf GgmsbUfZvCB1opw4VgNKAN8KuKQKPygDfuTosVwbYN78IklAlySUUGctVnefi8qcMWIFI+ECfYRf KvWupDob6w+WpYD3Rickh5xkhqamFcM9uMx6TfEqMA0wPr+4K4obIFmG4YMYJBjN9z5E52GstxQ5 4JIMNvpzdUPydbnP5+/OEk/ExnmhVLSdEFTP/cKyKGSlRShKHamYp7ItwEBNsuI/J7rN7EIXfoq1 pj019F3b1VnNGqun0MtqVwHhukgnvXdCXmpvJBFgKCvJ2VClZ8ez4/hiw7Dr6bose4Knh9c0g+np L10YldtZGvKozzL5xLscX+cLbOAk3aKgSavV3Xab3249L90SUyhfYOXzxU/YY2AD1EQclOVVJ+eg 9bO980P08suwv8SVOQGDDgI41oyET6ioCOxMhfQYQqbupl3/rXYPTMRF3PFHGm4oWxt00fBjEX23 rVTWgOc2YRdtlFotd3P5z7c6tpG5qNoNylNSK61BHvCc0OBJU0umSkm3dfCDuZ4vsh+5LtYRmLKR QpmOVmEfQYMdJIXMcMs/vvHgqgRgL4hj2kLBtsKORqRBAooKnhVJ/Wz7JpaHXZ42faaW9VFHghuX jxzo3Mu1IHnOtWz8klUhbxCZnnJ+d+JMwwNOeI6cQ9LTBFTsjKvO9PUWHLYqxoWyN7kF4p9pJ5oS 0+/+Z+yvpCMbI6EvWEBAQrFs27eTLKugEjp10+feLHPdzWJzTOO2Wr9/o68QO7WHVY+8tPosJt4q iTPpN6C6qsfcoQAAcXhR+zHchphFhoNbAbWc7iOlusQ7w37b4AgcIpSPFZqBk2BNjCDotD3WUSw/ nb0aapr1mBP8A/DL8xWcm+Cm/B/2UhO0iUeBezXOCxH8nfDor6i7yZReQmApQKozyx2vm1UogsQJ bdPyWaoasZLxpq7Bq9ZR0CRWyPVrRaaL1TLaHFlOpDBxgnU+nhHOOc9czY5/cyx1IbLhxa1auocZ ZnPGGoVhIaH3atylfTL4YcEkLfjpwabaJ2kcUIem1JqoZ62wCepqUm7RTnuqo4MDgBw6V0jPX1yA kWayk9bq5JRKpy0ko9UVTwteJcNzFWxjmfxpjm0nB7NV23pn4cgXAMDlWokHeDIRoXt+u55FrqDE N8SQXT9yexMf1G9TBzuJgzm1/q+qZnlocVz+4H9QGGQCvG5SDT+k2N4FkEGvlzH3QxcSvGby8z7q pSfuC2+eaVTSiXetiMBHp3qXb5cZpQpADRwvkZBsBJy2Pbc46xP74TUEOkv8bi1P4g2WbpwwxzHR A6PysrNEN+cpSFar49iHyn5naRLSFA7A4Fg/XOnCs0T4XlMn6xqxMhZc8jEyS5FsWzMdW1ttU1+R uLlhaGR6aoZHCq/GCLterFjGpJ2Hp/LHTQWNoMI22ZPyGSYNnO15nfwfdsUXQo8Z8c6JrKhsdSUv 6fSVoYZyZw8MfjdI6f6rFzfdFhzPNL+CSpPLfYtKr/wj/E1gUQQ1BBiFYegVgeFrl0gpH9AWjxsG pAx4GyZy/0pmLFMvmDUp3Tav1t3NU7+aGACHdOA8Rr2GSwHjeZ3XK5Dan235MYYZmlgHQPMJe8gQ UhOxnEgef0KdScpgVWbpIIICGJpDrB+rT6+JK/6yD+69WqdwRzoNuMFtyh1oPBdRiIP6xrr47mjk DUFwWxDx8sznox4yPwzfFpbBW5eF5BxvuH2rfx4pymC6MAiTdmSVt+XOJTu84VIsIULZg9K9GAkk rqGeyj6VxUNsjrj5JvA+1TowkUkYlN93NMxaSN3EvpWBBKxfLEX5XvsyoyDqVz87chn4ve6Hi3Ji YxJI57D8kr83HNjzRVi/nNG0qrr7jstTphSeoxzlDJXdw2f1FhZ58b9ZXlFtiwozknp9pI0vwxiy KeUehtMhTxiPl5T51EzNLVNnWf2ebHyBf8blzoZJsLE1pnSyngkQuWT28wTRwXT44zzfuYqsw2Bw iS8JJngUJAkGR5Px6cdT7XsXC2DCLM89KGTEJhkBkFAirWM6zPDfl4kUJREWHP/w95tiD/bFO/G0 mUIXnkTCGKzv7IYQkXouNNZMB0hEjAGdEVXL2wNr5Sb3MojQcN+qZmFlkE1PRbFYbTo437529EmG B84kUWZMlhYX/CzFRgQRdifx/TNsg7P4B/erw8RW9AXJbcjQFOf8JFReMgsPdhVVVJdnlQnstFb0 eTqQhh/F/sAp6d9hKzCNz2In6osP50skogakuN60JQNeFoI4+9nMflv3vZ1EqkXZQ0niSJLUXjfd e9iZh5vHNgb2JG2jizS8gV1XiKzPH/z4hLA/ZpGiX9+PqpXlknziWmwjXkhgb4D4YGhq7OMdZvQq l2IZDbvh3tBRED4HVD04vCgwmCjpP5xzHo7xB1m/uaRNIPeInxP8GGqJHtT7Byv5Wf++4WRwDkh+ qgFFQwOaReTYFCfFKc8/y+1Yu2FxMRVGcw1E3VYlvfZVW6YXNfH9ixkAWSQg+vwOi/ibMEGSIvaL q4rt2kNhUxrmafZ+FBNQhJSAtWkj9BFi1/iCdagPECy5WMfA+Gro09IQ1eXZ8FIINJ/8NbkYp69N 4NNZ539WN/qp4WL9sMxyBj3/J4v5Pvb/hw5+mADqvPewgmerEURHUEKMYqOgj+G5MqQUrBXbKBJo cvj0LFIJxaHFdsY3fjv22FIzyeknzPstpBdtjLn46r38C0W6X9CQJfBw/BXUvcsZLtHhsTETeMpr WVThgtCIuF0sr182SnNcdh3iPS59sUJM2AP76RubJkMcgdzlrIDY1jOkaUl8KOM1E7xUfyCQtPlB 10Buv/3lEDmP7pJWoN6xc76ZTPtdmH2lxY13p6lF44/yrRx4v4uddPAbqCJk/RJz8CkO/yG9KO+y RcCa4PnDOxDHjg8R2mI0Mn6GhQIxNq2hciKFtjxJu3iezPGke1szTmG6/NMMpipzBLxgs5p87ylK nNRE4C3FcMO8MSzjWvCYkcwAbfo6Zxm628gIFcZf0P1F3Cs2nU4INrKI6elnD3OinyPg1p2C8pX6 tl7pgXhSFWLlOhTwY4obQqWICokVZoOYaFMAv2o8mEeorMtQwvFpabMmJyfscytLMUUp7wvw2Z/6 KkUpUPrCBQo0DclfGKtdQH7P04jYm1xB3Y2zHxmv9y4MNN0ThlndRwjJrsyIJVZ2SdhXwzpBFaVX dWsrhufVtkuvSzgSYpvg5vQIaDbPbt3JQO8hClsWdRJrjtIrQVrrckD99MCRoXWIiL5qBfBHTsW7 4Kudj5CyiIPc/8jGVRrZzNn7r121Syk0lmsNUzZBFBSblp+N92PBFStPW0JucV/UQRXRrkfomLER nmnSqDYMkjD+6QTFb9GKud/7+ACwCtq0HOTmm1OHe2hagRZ4ZaS48yX+g+58SMIZm7Ot0Em9ZC7a tgzYud5gzwKUJ/Hfm2R6uEQOerZni0nJwvEP4E1ebR9X7Yxek0cNpLrhrDG1eyeia9yxKZ1KJlpO b3jpVcKr01e/EG9iE8M9Kt9orxCvaH1fgGnMOcoapdn9glXqxVikJTBNkMQan8yhGdp8UV5BHssy Fj/17R0Q1IAJIoOfdhLJwuMwRZRGZaJlgYXED+1AXN0fitOMzB3DApQxr532g6zyvW4GdHY/QLoO Tp7PSB0LEgM9SkxfBnk+hnpLqI/L4tQ0KKbJRqGTeupkN47ZxSiD13zLX9owYXT7O/OCVz+heDgX q7Yvlz3Y8Z+0OErOKwwTRy9GXnKTEaBaXuo+5i2t2UiuJsUFqiae0e3BNbwmsZM94WCi85ctt5uR eEAve18oNfAxTxmEB/q6mclUbAp2rL+p6u2hByZpfn+DQQvkzGdtoYImS5YoVJU/ZMqzk/ocakCw 5+WBt3d4rN7dHQvqfTbZn3BaD2LtasKyzGdH4BiK1stdFN8338arRnwpZSm3e06sh2OvfyiBQEDV 582iuovVNMijUPVfAPyNT0rkx9SlHUYFD7XH7ezFQ6owApE+672FY7r2Vl0j2vIBq9pGvLO52SnD lij2WHCebCmJw5mFDFFVi9Y428pfHte9iEKJR5MOZGEWNyPwQZ22JxQy8EL+Dxw3yUYnd8CG5NC5 joJGtk9IZo1njsHgnRkpbGKZ05Wj3Q5DN5hpax8lxHA/0FjvQzn9w1iNz5ac5sjRS9nd/gV02acj YDXHuTntrPbq22TYJ2wVd8Ne/3vt0mkfbSNx42VMUA6QVJJG3NATmqrt1YD1jAJnLvzJQ5+xjUV4 7QdF0nnCtB41PpfgBWVNG8+OAcScARwZO59rGswHMLeFZEUANI4uvDeuugiq6lWPuZeCfAv0Epxo ZVtSrRuPX3pccr7f1cIPsdn0u3sKc2y/yv6IdC7li3ORkd24F6kCPk6fACGLBVSXibNNQ/4p/2zu 38MU+0H6QDEssCadRwVuMEnJfCgCewy0jwQa9eAmKYWVLwPoh3VFi9vtqip3fD8sYsgJcIGHRA9W U+0kCW+wNMKp4mlOxyG5nJuqnRT3ItCTgRo0EPNhEgshoPY4YN0INbmZRRk2I4aB2F21TO7GXAJR KOXABwUQbLaXnZkCL/lAzUgse9jUYu9Wx7Ljw/Zc4AfL0Xx2qN3DKDoD6JwczJmZ4vs404U3PbKD iTs8etXLzAgtmdAO69z4Lr5J74cB6J0NYpiLtT2aP6PzKcFrO20ZxypwnTCZITbn+DwfE5bc2XvD uKzjD24vCf7FZwkKv52VGJ5E+4THWeieGsMmVpTXvImiq4QdK5+nNBgJvFWzpBvbAVivr3lWikbd VX5bczPh7uVd1smaoyag/G/mkDVkvJs9nzzYVwb/YAEWMcVgzXJEsAD3LDdoJcHgRr9vY4azMFOi Zow/CxWXapXul0Qp9R/+qTcKdqqNPSDVeL3OEG90+P8kywfiKUNCFJQyRocBkh7TBtXcPnSyepR1 bba2qK1/3N7vaROKOTFw91fVJNde1FupWsUyx6K3J7uvgB+dZn/LWZdUa5ezZfLBNlbFJLG9jaug TU/oniGB/OnyrX1NmZmRpMiuqahs5VkqKU53sRuHX5jgFQ1utnZyHHIvbE9ykVkd8DWMUF0f1aeL jNeFjrEXQULhu2XmsPwg2AnFOXb0ES30SmmAIlTWerSFxtKo1CwHlPlzBPRp0SXnPQdXbGOcdCBR PmE83ShdF4NYj0gv3DFlBlypR7MaXeHprFWcmsmLG4wPNXM7na5TdTfI575zza9DpgTIi5IovG0Y 4hxCUrshLCoNPRTID4s4lU2WXLIZUiAgLzZgx8NCKAH5+IQdVDfX/I73JTTGvhEGZHVOTmsp6kz3 oa+JWNRUfHi2/IWx7f+B0Kc76J9NRs4UZh663/eLz8DQn/k77n1JWFT+4XTV1jyRpHG+vNy4Bg9y uAGoaLwe1Q5XRJBWAcLjbASyr4LZHC6avywFL++NNsraQE7uURcK6s5tb3VvhqJv1gVjnLISGOoU ci9ve7p8X1Our4SLtlGN6WKE9yzkx0AC9nRIG/jMSdVHmju9RIt67eBLJ7klPzfySaVS1aZMeqt8 0RUVhXu4p5gSJHBQVsCdQARZog25mkMSV1QOVZs73YSaliNMOAMbodmI30KXvtz2U6POw/6XxdQc ea3SUTqppQwPSGOSe7OycZjJvaOzH3mcNhq9Nam9aBfLZt6v1WNk35Ev0rTLf+Y1+Lq/ilor1eQc BFrBDGVICZo2L5FLXHspEC/hT6pw8f728UzqBr3IpySn3+DR7vFOPxBy7SU71ZIouH3YLFGkXC/L kYvVOQrWtZpvRhpo39ORn3y9DclXeFvbhPiYoLLqldkCiwYaoaQPRFe99pLE6vJRhN4PoGodNSoL WE1w+OAzkBi9FUfRioECF2HMjuTvf6jJrgEW70n179RE+KOBiMLVXsy8Lho/B4mVp1EYuQp+iDrl dNKz9FopyHnuTMz8JOkW4kGKkGlhh97c4II6nn1LclKOMwnZ6MJeT1Ap76OjO8GQ67sr64Of2RC8 mCcq3lt0CoeFrXE1HTgSp8RZDYeOKp2ovDVcZkabuDc1KwuZZl9QzCfPN/BvaVQApROONe9LV68B HTkYsAI26muz22QIp2x/1FbK33rwUfXL8j+55uA+uQ7cjp5n9oQXDCzUjqo1ijT//T+Bq2OnfJhd ZyhXxLH5dVgblbtwcrSQ/NSiSuUBvWGhBIRvgAGOcaQNKMR64lnvhhFGIdEmuTTtauRkbwnvawEB o1cFus//bu9Chfr3xV/TCVFkuWXkAaM0JhOtVDZ/HXOhV1xttNkqQ7Y+C738WvdWxFqOGok29DqQ RB8txTQaGM3SmC3CcC0XZ3m1KeQw++WPPghWvtuQu+VQ+lSaMcYwTPT8lrEnbfwnnQ+6NqWuG4lh 4y6vuklOLtwwYew+Z7YQl6WxfkRDwHnQGAq13cu4/JFVQmcKILL6JVEvS1lAZQo3GPVuiuFw2UjZ iIfETLH8KMDg/3BnSmpOPFGEhhaTxQZ8fpe5kVxuVwJGRs0Ed16WZfA2KWr704DMA8q7UETjM+fr ioUor69qJUPA16eiZYEJgaChAYAUZ4hWBKmSg+aNCKvxEMm6OHaMh6lbMRRF/bMr0iZ5Z2379aE/ IJ3B+DYi4xyux4fT8WDV6CAk208MkFlcJEoDkTY7xrGw1ACTnY5aeJqRV9jbGAhCBCXv4sK5rvWB KKJ7CDQDnEzuz+wFhnXfHTsWRU5jFhqsjm1EI5k349gpL21zTAgjUFUltaU1AMXG4X29NY3KVo5w T3LesM2rkIB1Honr9jyPzDbn6CGRwUbpTSvLSpbSfltITaXYig4X5udzm7S7NObN5+t7UGlgkWsg /FPkZgSNNaY3tvaHYGyxQkKlJmrQgT6tkwKYDptO5E38hqdBuFe1ywy2mdK3SB5qGUzyskSpvtlO ANT6eFuVto5eWMHdRmb/YBS1+7JZmcfdlAUnsLuzNQCres09w9ObjdIfNyr+ZeSjGChkBoMqErKo 4jhUB3qZ}
::rc_st::fg::map_reify_receive rvecc_encode -wlm {1 0 0 1.0 5 0.0 1.0 1.0 1.0 1.0 4.6 1.9 2.0 0}
::rc_st::fg::map_sa -1840559247 {0 0 <default_clock> 0 1 0 0 0}
::rc_st::fg::map_sa -340034827 {0 0 clk 0 1 0 0 0 0 0}
::rc_st::fg::map_reify_hier_drvr_info {1 . din 0} {2 -1840559247 -340034827} {{28058 0.0 28058 0.0 27068 0.0 27068 0.0} {28179 0.0 28179 0.0 27189 0.0 27189 0.0} {28394 0.0 28394 0.0 27404 0.0 27404 0.0} {28739 0.0 28740 0.0 27749 0.0 27750 0.0} {29249 0.0 29259 0.0 28259 0.0 28269 0.0} {30065 0.0 30112 0.0 29075 0.0 29122 0.0} {32597 0.0 32591 0.0 31147 0.0 31141 0.0} {37676 0.0 37670 0.0 36226 0.0 36220 0.0}} {1 0 0 0 0 0 0 0 0 3950 3573 11706 11329 34971 34594 104767 104390} {0 0 1.0 5 0.0 1.0 1.0 1.0 1.0 4.6 1.9 2.0 39 39 78 78 2000 1 2 2 0 0 0 0 0 0 0 0 -111111111 X 0 0} 0 {2 0 X} {-111111111 -111111111}
::rc_st::fg::map_reify_hier_drvr_info {1 . din 1} {2 -1840559247 -340034827} {{35315 0.0 35315 0.0 33457 0.0 33457 0.0} {35436 0.0 35435 0.0 33578 0.0 33577 0.0} {35650 0.0 35650 0.0 33792 0.0 33792 0.0} {35996 0.0 35997 0.0 34138 0.0 34139 0.0} {36505 0.0 36515 0.0 34647 0.0 34657 0.0} {37319 0.0 37365 0.0 35461 0.0 35507 0.0} {39562 0.0 39555 0.0 37704 0.0 37697 0.0} {44710 0.0 44702 0.0 42852 0.0 42844 0.0}} {1 0 0 0 0 0 0 0 0 4007 3627 11907 11527 35605 35225 106699 106319} {0 0 1.0 5 0.0 1.0 1.0 1.0 1.0 4.6 1.9 2.0 39 39 78 78 2000 1 2 2 0 0 0 0 0 0 0 0 -111111111 X 0 0} 0 {2 0 X} {-111111111 -111111111}
::rc_st::fg::map_reify_hier_drvr_info {1 . din 2} {2 -1840559247 -340034827} {{27818 0.0 27818 0.0 26919 0.0 26919 0.0} {27939 0.0 27939 0.0 27040 0.0 27040 0.0} {28154 0.0 28154 0.0 27255 0.0 27255 0.0} {28499 0.0 28500 0.0 27600 0.0 27601 0.0} {29009 0.0 29019 0.0 28110 0.0 28120 0.0} {29825 0.0 29872 0.0 28926 0.0 28973 0.0} {32314 0.0 32308 0.0 31415 0.0 31409 0.0} {37393 0.0 37387 0.0 36494 0.0 36488 0.0}} {1 0 0 0 0 0 0 0 0 4483 4210 13441 12732 40316 39607 120941 120232} {0 0 1.0 5 0.0 1.0 1.0 1.0 1.0 4.6 1.9 2.0 39 39 57 57 2000 1 2 2 0 0 0 0 0 0 0 0 -111111111 X 0 0} 0 {2 0 X} {-111111111 -111111111}
::rc_st::fg::map_reify_hier_drvr_info {1 . din 3} {2 -1840559247 -340034827} {{31417 0.0 31417 0.0 30283 0.0 30283 0.0} {31538 0.0 31538 0.0 30404 0.0 30404 0.0} {31753 0.0 31753 0.0 30619 0.0 30619 0.0} {32098 0.0 32099 0.0 30964 0.0 30965 0.0} {32608 0.0 32618 0.0 31474 0.0 31484 0.0} {33424 0.0 33471 0.0 32290 0.0 32337 0.0} {35912 0.0 35906 0.0 34778 0.0 34772 0.0} {40991 0.0 40985 0.0 39857 0.0 39851 0.0}} {1 0 0 0 0 0 0 0 0 4440 4174 13284 12585 39817 39104 119414 118701} {0 0 1.0 5 0.0 1.0 1.0 1.0 1.0 4.6 1.9 2.0 39 39 57 57 2000 1 2 2 0 0 0 0 0 0 0 0 -111111111 X 0 0} 0 {2 0 X} {-111111111 -111111111}
::rc_st::fg::map_reify_hier_drvr_info {1 . din 4} {2 -1840559247 -340034827} {{38433 0.0 38433 0.0 37296 0.0 37296 0.0} {38554 0.0 38553 0.0 37417 0.0 37416 0.0} {38768 0.0 38768 0.0 37631 0.0 37631 0.0} {39114 0.0 39115 0.0 37977 0.0 37978 0.0} {39623 0.0 39633 0.0 38486 0.0 38496 0.0} {40437 0.0 40483 0.0 39300 0.0 39346 0.0} {42680 0.0 42673 0.0 41543 0.0 41536 0.0} {47828 0.0 47820 0.0 46691 0.0 46683 0.0}} {1 0 0 0 0 0 0 0 0 4007 3627 11907 11527 35605 35225 106699 106319} {0 0 1.0 5 0.0 1.0 1.0 1.0 1.0 4.6 1.9 2.0 39 39 78 78 2000 1 2 2 0 0 0 0 0 0 0 0 -111111111 X 0 0} 0 {2 0 X} {-111111111 -111111111}
::rc_st::fg::map_reify_hier_drvr_info {1 . din 5} {2 -1840559247 -340034827} {{27701 0.0 27701 0.0 26802 0.0 26802 0.0} {27822 0.0 27822 0.0 26923 0.0 26923 0.0} {28037 0.0 28037 0.0 27138 0.0 27138 0.0} {28382 0.0 28383 0.0 27483 0.0 27484 0.0} {28892 0.0 28902 0.0 27993 0.0 28003 0.0} {29708 0.0 29755 0.0 28809 0.0 28856 0.0} {31687 0.0 31681 0.0 30938 0.0 30932 0.0} {36766 0.0 36760 0.0 36017 0.0 36011 0.0}} {1 0 0 0 0 0 0 0 0 4483 4210 13441 12732 40316 39607 120941 120232} {0 0 1.0 5 0.0 1.0 1.0 1.0 1.0 4.6 1.9 2.0 39 39 57 57 2000 1 2 2 0 0 0 0 0 0 0 0 -111111111 X 0 0} 0 {2 0 X} {-111111111 -111111111}
::rc_st::fg::map_reify_hier_drvr_info {1 . din 6} {2 -1840559247 -340034827} {{35605 0.0 35605 0.0 33804 0.0 33804 0.0} {35725 0.0 35725 0.0 33924 0.0 33924 0.0} {35941 0.0 35941 0.0 34140 0.0 34140 0.0} {36286 0.0 36287 0.0 34485 0.0 34486 0.0} {36796 0.0 36806 0.0 34995 0.0 35005 0.0} {37610 0.0 37654 0.0 36168 0.0 36160 0.0} {39895 0.0 39887 0.0 38761 0.0 38753 0.0} {45080 0.0 45073 0.0 43946 0.0 43939 0.0}} {1 0 0 0 0 0 0 0 0 4045 3663 12045 11663 36046 35664 108049 107667} {0 0 1.0 5 0.0 1.0 1.0 1.0 1.0 4.6 1.9 2.0 39 39 78 78 2000 1 2 2 0 0 0 0 0 0 0 0 -111111111 X 0 0} 0 {2 0 X} {-111111111 -111111111}
::rc_st::fg::map_reify_hier_drvr_info {1 . din 7} {2 -1840559247 -340034827} {{42618 0.0 42618 0.0 40757 0.0 40757 0.0} {42738 0.0 42738 0.0 40877 0.0 40877 0.0} {42954 0.0 42954 0.0 41093 0.0 41093 0.0} {43299 0.0 43300 0.0 41438 0.0 41439 0.0} {43809 0.0 43819 0.0 41948 0.0 41958 0.0} {44623 0.0 44667 0.0 43069 0.0 43061 0.0} {46852 0.0 46844 0.0 45662 0.0 45654 0.0} {52037 0.0 52030 0.0 50847 0.0 50840 0.0}} {1 0 0 0 0 0 0 0 0 4483 4210 13441 12732 40316 39607 120941 120232} {0 0 1.0 5 0.0 1.0 1.0 1.0 1.0 4.6 1.9 2.0 39 39 57 57 2000 1 2 2 0 0 0 0 0 0 0 0 -111111111 X 0 0} 0 {2 0 X} {-111111111 -111111111}
::rc_st::fg::map_reify_hier_drvr_info {1 . din 8} {2 -1840559247 -340034827} {{35512 0.0 35512 0.0 33654 0.0 33654 0.0} {35632 0.0 35632 0.0 33774 0.0 33774 0.0} {35848 0.0 35848 0.0 33990 0.0 33990 0.0} {36193 0.0 36194 0.0 34335 0.0 34336 0.0} {36703 0.0 36713 0.0 34845 0.0 34855 0.0} {37725 0.0 37717 0.0 35867 0.0 35859 0.0} {40318 0.0 40310 0.0 38460 0.0 38452 0.0} {45503 0.0 45496 0.0 43645 0.0 43638 0.0}} {1 0 0 0 0 0 0 0 0 4046 3663 12046 11663 36047 35664 108050 107667} {0 0 1.0 5 0.0 1.0 1.0 1.0 1.0 4.6 1.9 2.0 39 39 78 78 2000 1 2 2 0 0 0 0 0 0 0 0 -111111111 X 0 0} 0 {2 0 X} {-111111111 -111111111}
::rc_st::fg::map_reify_hier_drvr_info {1 . din 9} {2 -1840559247 -340034827} {{34893 0.0 34893 0.0 33759 0.0 33759 0.0} {35014 0.0 35013 0.0 33880 0.0 33879 0.0} {35228 0.0 35228 0.0 34094 0.0 34094 0.0} {35574 0.0 35575 0.0 34440 0.0 34441 0.0} {36083 0.0 36093 0.0 34949 0.0 34959 0.0} {36897 0.0 36943 0.0 35763 0.0 35809 0.0} {39140 0.0 39133 0.0 38006 0.0 37999 0.0} {44288 0.0 44280 0.0 43154 0.0 43146 0.0}} {1 0 0 0 0 0 0 0 0 4006 3627 11906 11527 35604 35225 106698 106319} {0 0 1.0 5 0.0 1.0 1.0 1.0 1.0 4.6 1.9 2.0 39 39 78 78 2000 1 2 2 0 0 0 0 0 0 0 0 -111111111 X 0 0} 0 {2 0 X} {-111111111 -111111111}
::rc_st::fg::map_reify_hier_drvr_info {1 . din 10} {2 -1840559247 -340034827} {{38735 0.0 38735 0.0 36874 0.0 36874 0.0} {38856 0.0 38855 0.0 36995 0.0 36994 0.0} {39070 0.0 39070 0.0 37209 0.0 37209 0.0} {39416 0.0 39417 0.0 37555 0.0 37556 0.0} {39925 0.0 39935 0.0 38064 0.0 38074 0.0} {40739 0.0 40785 0.0 38878 0.0 38924 0.0} {42982 0.0 42975 0.0 41121 0.0 41114 0.0} {48130 0.0 48122 0.0 46269 0.0 46261 0.0}} {1 0 0 0 0 0 0 0 0 4044 3663 12044 11663 36045 35664 108048 107667} {0 0 1.0 5 0.0 1.0 1.0 1.0 1.0 4.6 1.9 2.0 39 39 78 78 2000 1 2 2 0 0 0 0 0 0 0 0 -111111111 X 0 0} 0 {2 0 X} {-111111111 -111111111}
::rc_st::fg::map_reify_hier_drvr_info {1 . din 11} {2 -1840559247 -340034827} {{35978 0.0 35557 0.0 34177 0.0 34423 0.0} {36097 0.0 35665 0.0 34296 0.0 34531 0.0} {36323 0.0 35884 0.0 34522 0.0 34750 0.0} {36696 0.0 36255 0.0 34895 0.0 35121 0.0} {37262 0.0 36950 0.0 35461 0.0 35646 0.0} {38323 0.0 38323 0.0 36833 0.0 36833 0.0} {41072 0.0 41072 0.0 39723 0.0 39723 0.0} {46638 0.0 46638 0.0 45504 0.0 45504 0.0}} {1 0 0 0 0 0 0 0 0 4455 4128 13488 12727 40587 39826 121884 121123} {0 0 1.0 5 0.0 1.0 1.0 1.0 1.0 4.6 1.9 2.0 18 18 18 18 1000 1 1 1 0 0 0 0 0 0 0 0 -111111111 X 0 0} 0 {2 0 X} {-111111111 -111111111}
::rc_st::fg::map_reify_hier_drvr_info {1 . din 12} {2 -1840559247 -340034827} {{35885 0.0 35980 0.0 34027 0.0 34122 0.0} {36004 0.0 36088 0.0 34146 0.0 34230 0.0} {36230 0.0 36307 0.0 34372 0.0 34449 0.0} {36603 0.0 36678 0.0 34745 0.0 34820 0.0} {37169 0.0 37203 0.0 35311 0.0 35345 0.0} {38390 0.0 38390 0.0 36532 0.0 36532 0.0} {41280 0.0 41280 0.0 39422 0.0 39422 0.0} {47061 0.0 47061 0.0 45203 0.0 45203 0.0}} {1 0 0 0 0 0 0 0 0 4455 4128 13488 12727 40587 39826 121884 121123} {0 0 1.0 5 0.0 1.0 1.0 1.0 1.0 4.6 1.9 2.0 18 18 18 18 1000 1 1 1 0 0 0 0 0 0 0 0 -111111111 X 0 0} 0 {2 0 X} {-111111111 -111111111}
::rc_st::fg::map_reify_hier_drvr_info {1 . din 13} {2 -1840559247 -340034827} {{35265 0.0 34831 0.0 34131 0.0 33697 0.0} {35384 0.0 34940 0.0 34250 0.0 33806 0.0} {35610 0.0 35158 0.0 34476 0.0 34024 0.0} {35984 0.0 35530 0.0 34850 0.0 34396 0.0} {36548 0.0 36228 0.0 35414 0.0 35094 0.0} {37590 0.0 37590 0.0 36456 0.0 36456 0.0} {40313 0.0 40313 0.0 39179 0.0 39179 0.0} {45838 0.0 45838 0.0 44704 0.0 44704 0.0}} {1 0 0 0 0 0 0 0 0 4482 4210 13440 12732 40315 39607 120940 120232} {0 0 1.0 5 0.0 1.0 1.0 1.0 1.0 4.6 1.9 2.0 39 39 57 57 2000 1 2 2 0 0 0 0 0 0 0 0 -111111111 X 0 0} 0 {2 0 X} {-111111111 -111111111}
::rc_st::fg::map_reify_hier_drvr_info {1 . din 14} {2 -1840559247 -340034827} {{38422 0.0 38422 0.0 37285 0.0 37285 0.0} {38542 0.0 38542 0.0 37405 0.0 37405 0.0} {38757 0.0 38757 0.0 37620 0.0 37620 0.0} {39102 0.0 39103 0.0 37965 0.0 37966 0.0} {39612 0.0 39622 0.0 38475 0.0 38485 0.0} {40569 0.0 40562 0.0 39432 0.0 39425 0.0} {43147 0.0 43140 0.0 42010 0.0 42003 0.0} {48303 0.0 48296 0.0 47166 0.0 47159 0.0}} {1 0 0 0 0 0 0 0 0 4482 4210 13440 12732 40315 39607 120940 120232} {0 0 1.0 5 0.0 1.0 1.0 1.0 1.0 4.6 1.9 2.0 39 39 57 57 2000 1 2 2 0 0 0 0 0 0 0 0 -111111111 X 0 0} 0 {2 0 X} {-111111111 -111111111}
::rc_st::fg::map_reify_hier_drvr_info {1 . din 15} {2 -1840559247 -340034827} {{24827 0.0 24719 0.0 23269 0.0 23269 0.0} {24946 0.0 24839 0.0 23389 0.0 23389 0.0} {25172 0.0 25055 0.0 23605 0.0 23605 0.0} {25546 0.0 25401 0.0 23950 0.0 23951 0.0} {26110 0.0 25920 0.0 24460 0.0 24470 0.0} {27152 0.0 27152 0.0 25482 0.0 25474 0.0} {29875 0.0 29875 0.0 28075 0.0 28067 0.0} {35400 0.0 35400 0.0 33539 0.0 33539 0.0}} {1 0 0 0 0 0 0 0 0 4482 4210 13440 12732 40315 39607 120940 120232} {0 0 1.0 5 0.0 1.0 1.0 1.0 1.0 4.6 1.9 2.0 39 39 57 57 2000 1 2 2 0 0 0 0 0 0 0 0 -111111111 X 0 0} 0 {2 0 X} {-111111111 -111111111}
::rc_st::fg::map_reify_hier_drvr_info {1 . din 16} {2 -1840559247 -340034827} {{35085 0.0 35085 0.0 33280 0.0 33280 0.0} {35206 0.0 35206 0.0 33401 0.0 33401 0.0} {35421 0.0 35421 0.0 33616 0.0 33616 0.0} {35766 0.0 35767 0.0 33961 0.0 33962 0.0} {36276 0.0 36286 0.0 34471 0.0 34481 0.0} {37092 0.0 37139 0.0 35505 0.0 35499 0.0} {39177 0.0 39171 0.0 38043 0.0 38037 0.0} {44256 0.0 44250 0.0 43122 0.0 43116 0.0}} {1 0 0 0 0 0 0 0 0 3949 3573 11705 11329 34970 34594 104766 104390} {0 0 1.0 5 0.0 1.0 1.0 1.0 1.0 4.6 1.9 2.0 39 39 78 78 2000 1 2 2 0 0 0 0 0 0 0 0 -111111111 X 0 0} 0 {2 0 X} {-111111111 -111111111}
::rc_st::fg::map_reify_hier_drvr_info {1 . din 17} {2 -1840559247 -340034827} {{24436 0.0 24436 0.0 23537 0.0 23537 0.0} {24556 0.0 24556 0.0 23657 0.0 23657 0.0} {24772 0.0 24772 0.0 23873 0.0 23873 0.0} {25118 0.0 25117 0.0 24219 0.0 24218 0.0} {25627 0.0 25636 0.0 24728 0.0 24737 0.0} {26441 0.0 26483 0.0 25542 0.0 25584 0.0} {28844 0.0 28836 0.0 27945 0.0 27937 0.0} {34053 0.0 34046 0.0 33154 0.0 33147 0.0}} {1 0 0 0 0 0 0 0 0 4070 3687 12139 11756 36345 35962 108962 108579} {0 0 1.0 5 0.0 1.0 1.0 1.0 1.0 4.6 1.9 2.0 39 39 78 78 2000 1 2 2 0 0 0 0 0 0 0 0 -111111111 X 0 0} 0 {2 0 X} {-111111111 -111111111}
::rc_st::fg::map_reify_hier_drvr_info {1 . din 18} {2 -1840559247 -340034827} {{28034 0.0 28034 0.0 26900 0.0 26900 0.0} {28154 0.0 28154 0.0 27020 0.0 27020 0.0} {28370 0.0 28370 0.0 27236 0.0 27236 0.0} {28716 0.0 28715 0.0 27582 0.0 27581 0.0} {29225 0.0 29234 0.0 28091 0.0 28100 0.0} {30039 0.0 30081 0.0 28905 0.0 28947 0.0} {32443 0.0 32435 0.0 31309 0.0 31301 0.0} {37652 0.0 37645 0.0 36518 0.0 36511 0.0}} {1 0 0 0 0 0 0 0 0 4070 3687 12139 11756 36345 35962 108962 108579} {0 0 1.0 5 0.0 1.0 1.0 1.0 1.0 4.6 1.9 2.0 39 39 78 78 2000 1 2 2 0 0 0 0 0 0 0 0 -111111111 X 0 0} 0 {2 0 X} {-111111111 -111111111}
::rc_st::fg::map_reify_hier_drvr_info {1 . din 19} {2 -1840559247 -340034827} {{38794 0.0 38831 0.0 37657 0.0 37694 0.0} {38913 0.0 38940 0.0 37776 0.0 37803 0.0} {39139 0.0 39158 0.0 38002 0.0 38021 0.0} {39513 0.0 39530 0.0 38376 0.0 38393 0.0} {40078 0.0 40057 0.0 38941 0.0 38920 0.0} {41230 0.0 41230 0.0 40093 0.0 40093 0.0} {44105 0.0 44105 0.0 42968 0.0 42968 0.0} {49855 0.0 49855 0.0 48718 0.0 48718 0.0}} {1 0 0 0 0 0 0 0 0 4435 4103 13409 12644 40334 39569 121108 120343} {0 0 1.0 5 0.0 1.0 1.0 1.0 1.0 4.6 1.9 2.0 18 18 18 18 1000 1 1 1 0 0 0 0 0 0 0 0 -111111111 X 0 0} 0 {2 0 X} {-111111111 -111111111}
::rc_st::fg::map_reify_hier_drvr_info {1 . din 20} {2 -1840559247 -340034827} {{28074 0.0 27483 0.0 27175 0.0 26685 0.0} {28193 0.0 27592 0.0 27294 0.0 26794 0.0} {28419 0.0 27815 0.0 27520 0.0 27012 0.0} {28794 0.0 28254 0.0 27895 0.0 27383 0.0} {29357 0.0 29031 0.0 28458 0.0 28132 0.0} {30375 0.0 30375 0.0 29476 0.0 29476 0.0} {33064 0.0 33064 0.0 32165 0.0 32165 0.0} {38440 0.0 38440 0.0 37572 0.0 37571 0.0}} {1 0 0 0 0 0 0 0 0 4473 4178 13431 12701 40306 39576 120931 120201} {0 0 1.0 5 0.0 1.0 1.0 1.0 1.0 4.6 1.9 2.0 18 18 36 36 2000 1 2 2 0 0 0 0 0 0 0 0 -111111111 X 0 0} 0 {2 0 X} {-111111111 -111111111}
::rc_st::fg::map_reify_hier_drvr_info {1 . din 21} {2 -1840559247 -340034827} {{38939 0.0 39076 0.0 37805 0.0 37271 0.0} {39058 0.0 39185 0.0 37924 0.0 37380 0.0} {39284 0.0 39403 0.0 38150 0.0 37598 0.0} {39658 0.0 39775 0.0 38524 0.0 37988 0.0} {40223 0.0 40302 0.0 39089 0.0 38771 0.0} {41475 0.0 41475 0.0 40134 0.0 40134 0.0} {44350 0.0 44350 0.0 42863 0.0 42863 0.0} {50100 0.0 50100 0.0 48319 0.0 48319 0.0}} {1 0 0 0 0 0 0 0 0 4480 4185 13454 12724 40379 39649 121153 120423} {0 0 1.0 5 0.0 1.0 1.0 1.0 1.0 4.6 1.9 2.0 18 18 36 36 2000 1 2 2 0 0 0 0 0 0 0 0 -111111111 X 0 0} 0 {2 0 X} {-111111111 -111111111}
::rc_st::fg::map_reify_hier_drvr_info {1 . din 22} {2 -1840559247 -340034827} {{28431 0.0 28344 0.0 27441 0.0 26894 0.0} {28550 0.0 28453 0.0 27560 0.0 27003 0.0} {28776 0.0 28671 0.0 27786 0.0 27221 0.0} {29151 0.0 29042 0.0 28161 0.0 27621 0.0} {29714 0.0 29571 0.0 28724 0.0 28398 0.0} {30732 0.0 30732 0.0 29742 0.0 29742 0.0} {33556 0.0 33555 0.0 32431 0.0 32431 0.0} {39231 0.0 39230 0.0 37807 0.0 37807 0.0}} {1 0 0 0 0 0 0 0 0 4440 4174 13284 12585 39817 39104 119414 118701} {0 0 1.0 5 0.0 1.0 1.0 1.0 1.0 4.6 1.9 2.0 39 39 57 57 2000 1 2 2 0 0 0 0 0 0 0 0 -111111111 X 0 0} 0 {2 0 X} {-111111111 -111111111}
::rc_st::fg::map_reify_hier_drvr_info {1 . din 23} {2 -1840559247 -340034827} {{38567 0.0 38566 0.0 37433 0.0 37432 0.0} {38687 0.0 38687 0.0 37553 0.0 37553 0.0} {38902 0.0 38902 0.0 37768 0.0 37768 0.0} {39247 0.0 39248 0.0 38113 0.0 38114 0.0} {39757 0.0 39767 0.0 38623 0.0 38633 0.0} {40814 0.0 40807 0.0 39437 0.0 39483 0.0} {43392 0.0 43385 0.0 41587 0.0 41580 0.0} {48548 0.0 48541 0.0 46743 0.0 46736 0.0}} {1 0 0 0 0 0 0 0 0 4006 3576 11928 11498 35693 35263 106989 106559} {0 0 1.0 5 0.0 1.0 1.0 1.0 1.0 4.6 1.9 2.0 39 39 39 39 1000 1 1 1 0 0 0 0 0 0 0 0 -111111111 X 0 0} 0 {2 0 X} {-111111111 -111111111}
::rc_st::fg::map_reify_hier_drvr_info {1 . din 24} {2 -1840559247 -340034827} {{28191 0.0 28061 0.0 27292 0.0 27162 0.0} {28310 0.0 28170 0.0 27411 0.0 27271 0.0} {28536 0.0 28388 0.0 27637 0.0 27489 0.0} {28911 0.0 28759 0.0 28012 0.0 27860 0.0} {29474 0.0 29288 0.0 28575 0.0 28389 0.0} {30492 0.0 30492 0.0 29593 0.0 29593 0.0} {33273 0.0 33272 0.0 32374 0.0 32373 0.0} {38948 0.0 38947 0.0 38049 0.0 38048 0.0}} {1 0 0 0 0 0 0 0 0 4473 4178 13431 12701 40306 39576 120931 120201} {0 0 1.0 5 0.0 1.0 1.0 1.0 1.0 4.6 1.9 2.0 18 18 36 36 2000 1 2 2 0 0 0 0 0 0 0 0 -111111111 X 0 0} 0 {2 0 X} {-111111111 -111111111}
::rc_st::fg::map_reify_hier_drvr_info {1 . din 25} {2 -1840559247 -340034827} {{31790 0.0 31659 0.0 30656 0.0 30525 0.0} {31909 0.0 31768 0.0 30775 0.0 30634 0.0} {32135 0.0 31986 0.0 31001 0.0 30852 0.0} {32510 0.0 32357 0.0 31376 0.0 31223 0.0} {33073 0.0 32886 0.0 31939 0.0 31752 0.0} {34091 0.0 34091 0.0 32957 0.0 32957 0.0} {36871 0.0 36870 0.0 35737 0.0 35736 0.0} {42546 0.0 42545 0.0 41412 0.0 41411 0.0}} {1 0 0 0 0 0 0 0 0 4439 4174 13283 12585 39816 39104 119413 118701} {0 0 1.0 5 0.0 1.0 1.0 1.0 1.0 4.6 1.9 2.0 39 39 57 57 2000 1 2 2 0 0 0 0 0 0 0 0 -111111111 X 0 0} 0 {2 0 X} {-111111111 -111111111}
::rc_st::fg::map_reify_hier_drvr_info {1 . din 26} {2 -1840559247 -340034827} {{39107 0.0 38673 0.0 37246 0.0 36812 0.0} {39226 0.0 38782 0.0 37365 0.0 36921 0.0} {39452 0.0 39000 0.0 37591 0.0 37139 0.0} {39826 0.0 39372 0.0 37965 0.0 37511 0.0} {40390 0.0 40070 0.0 38529 0.0 38209 0.0} {41432 0.0 41432 0.0 39571 0.0 39571 0.0} {44155 0.0 44155 0.0 42294 0.0 42294 0.0} {49680 0.0 49680 0.0 47819 0.0 47819 0.0}} {1 0 0 0 0 0 0 0 0 4482 4210 13440 12732 40315 39607 120940 120232} {0 0 1.0 5 0.0 1.0 1.0 1.0 1.0 4.6 1.9 2.0 39 39 57 57 2000 1 2 2 0 0 0 0 0 0 0 0 -111111111 X 0 0} 0 {2 0 X} {-111111111 -111111111}
::rc_st::fg::map_reify_hier_drvr_info {1 . din 27} {2 -1840559247 -340034827} {{24827 0.0 24393 0.0 23061 0.0 23061 0.0} {24946 0.0 24502 0.0 23181 0.0 23181 0.0} {25172 0.0 24720 0.0 23396 0.0 23396 0.0} {25546 0.0 25092 0.0 23741 0.0 23742 0.0} {26110 0.0 25790 0.0 24251 0.0 24261 0.0} {27152 0.0 27152 0.0 25291 0.0 25291 0.0} {29875 0.0 29875 0.0 28014 0.0 28014 0.0} {35400 0.0 35400 0.0 33539 0.0 33539 0.0}} {1 0 0 0 0 0 0 0 0 4482 4210 13440 12732 40315 39607 120940 120232} {0 0 1.0 5 0.0 1.0 1.0 1.0 1.0 4.6 1.9 2.0 39 39 57 57 2000 1 2 2 0 0 0 0 0 0 0 0 -111111111 X 0 0} 0 {2 0 X} {-111111111 -111111111}
::rc_st::fg::map_reify_hier_drvr_info {1 . din 28} {2 -1840559247 -340034827} {{35687 0.0 35253 0.0 33829 0.0 33395 0.0} {35806 0.0 35362 0.0 33948 0.0 33504 0.0} {36032 0.0 35580 0.0 34174 0.0 33722 0.0} {36406 0.0 35952 0.0 34548 0.0 34094 0.0} {36970 0.0 36650 0.0 35112 0.0 34792 0.0} {38012 0.0 38012 0.0 36154 0.0 36154 0.0} {40735 0.0 40735 0.0 38877 0.0 38877 0.0} {46260 0.0 46260 0.0 44402 0.0 44402 0.0}} {1 0 0 0 0 0 0 0 0 4482 4210 13440 12732 40315 39607 120940 120232} {0 0 1.0 5 0.0 1.0 1.0 1.0 1.0 4.6 1.9 2.0 39 39 57 57 2000 1 2 2 0 0 0 0 0 0 0 0 -111111111 X 0 0} 0 {2 0 X} {-111111111 -111111111}
::rc_st::fg::map_reify_hier_drvr_info {1 . din 29} {2 -1840559247 -340034827} {{42991 0.0 42514 0.0 41130 0.0 41324 0.0} {43110 0.0 42622 0.0 41249 0.0 41432 0.0} {43336 0.0 42841 0.0 41475 0.0 41651 0.0} {43709 0.0 43212 0.0 41848 0.0 42022 0.0} {44275 0.0 43963 0.0 42414 0.0 42547 0.0} {45336 0.0 45336 0.0 43734 0.0 43734 0.0} {48085 0.0 48085 0.0 46624 0.0 46624 0.0} {53595 0.0 53595 0.0 52405 0.0 52405 0.0}} {1 0 0 0 0 0 0 0 0 4455 4128 13488 12727 40587 39826 121884 121123} {0 0 1.0 5 0.0 1.0 1.0 1.0 1.0 4.6 1.9 2.0 18 18 18 18 1000 1 1 1 0 0 0 0 0 0 0 0 -111111111 X 0 0} 0 {2 0 X} {-111111111 -111111111}
::rc_st::fg::map_reify_hier_drvr_info {1 . din 30} {2 -1840559247 -340034827} {{35885 0.0 35980 0.0 34027 0.0 34122 0.0} {36004 0.0 36088 0.0 34146 0.0 34230 0.0} {36230 0.0 36307 0.0 34372 0.0 34449 0.0} {36603 0.0 36678 0.0 34745 0.0 34820 0.0} {37169 0.0 37203 0.0 35311 0.0 35345 0.0} {38390 0.0 38390 0.0 36532 0.0 36532 0.0} {41280 0.0 41280 0.0 39422 0.0 39422 0.0} {47061 0.0 47061 0.0 45203 0.0 45203 0.0}} {1 0 0 0 0 0 0 0 0 4455 4128 13488 12727 40587 39826 121884 121123} {0 0 1.0 5 0.0 1.0 1.0 1.0 1.0 4.6 1.9 2.0 18 18 18 18 1000 1 1 1 0 0 0 0 0 0 0 0 -111111111 X 0 0} 0 {2 0 X} {-111111111 -111111111}
::rc_st::fg::map_reify_hier_drvr_info {1 . din 31} {2 -1840559247 -340034827} {{38256 0.0 38256 0.0 37066 0.0 37066 0.0} {38377 0.0 38377 0.0 37187 0.0 37187 0.0} {38592 0.0 38592 0.0 37402 0.0 37402 0.0} {38937 0.0 38938 0.0 37747 0.0 37748 0.0} {39447 0.0 39457 0.0 38257 0.0 38267 0.0} {40481 0.0 40475 0.0 39073 0.0 39120 0.0} {43019 0.0 43013 0.0 41158 0.0 41152 0.0} {48098 0.0 48092 0.0 46237 0.0 46231 0.0}} {1 0 0 0 0 0 0 0 0 3949 3573 11705 11329 34970 34594 104766 104390} {0 0 1.0 5 0.0 1.0 1.0 1.0 1.0 4.6 1.9 2.0 39 39 78 78 2000 1 2 2 0 0 0 0 0 0 0 0 -111111111 X 0 0} 0 {2 0 X} {-111111111 -111111111}
::rc_st::fg::map_slackq_result default {}
::rc_st::fg::map_slackq_result clk {{1 . din 12} 0 {1 . din 13} 0 {1 . din 22} 0 {1 . din 27} 0 {1 . din 21} 0 {1 . din 24} 0 {1 . din 10} 0 {1 . din 30} 0 {1 . din 25} 0 {1 . din 3} 0 {1 . din 0} 0 {1 . din 15} 0 {1 . din 4} 0 {1 . din 18} 0 {1 . din 29} 0 {1 . din 23} 0 {1 . din 17} 0 {1 . din 11} 0 {1 . din 14} 0 {1 . din 2} 0 {1 . din 5} 0 {1 . din 20} 0 {1 . din 28} 0 {1 . din 16} 0 {1 . din 8} 0 {1 . din 26} 0 {1 . din 6} 0 {1 . din 7} 0 {1 . din 19} 0 {1 . din 9} 0 {1 . din 1} 0 {1 . din 31} 0}
::rc_st::fg::map_complete
