read_db -super_threading -from_tcl {4Aw+EkMzfnx0GZyrjvw4NJnNKH998AX/e5roGSEJcgt0CJzHl7tynNYzUvh6oJY10bKB1I0yMsvg WHdV3lpQQDVdYiKj7Q05lT1cA9lmDqyYM+j1VftqEwzsvp+mMovp02E9tJ3n2RwarKEA//j5H9Yw xFs1G3pKHFrRHuR+jKysIJWPU1fkYRy16ewaAvhKyE7chT7bHdSmZkw+wzERP5s6xbf6OzCc3rFP Pqx1OSX0AehvRAzaWm6lDI1uy7ElrXKU7rB+BSIMXDWJ2eK/q9NJMuthh6+HQuNmJvhfX7J8xO9W mwWwxTgf2bAy7ne60HQhtZVLjOsr7TN3lFmt6l8LD4U5ggaUx74uC2zVrsDm0VPNLAN8vHdnSE4a ZB7zRdv+ZzkFbq/wEDV5LbLM2LSGycC7TzjFn6FFuNdjcJ+l2ycvw5WHaUCy3yXRgNo6JRHhiul2 B2hFIGqsqH4mDDkf3HWTCN7QisaPW5syoEm9S7aeL0OWCCV3ds+nYZ58/2SmQR/c3l5tyPuoSUd2 9JJPu1lSK0SB4ox6jhhETybQPD+ocGJDYCxqHM8Q6A3IfX6DTdtEiAAhxQIUzoBmVfBjqCnT5xPk n0AljW0v3hU3e7OUY7ul3fhU549SSZ+QvrsnGJ+Gu31lj5ciVewnTEZglFfqbSGhs1JDArSFNIfc ocMtHA3PJQ8EvTcRHNDw5DGAHNruKe3iwkQTE45iL7o2uozNBALVG25AkKSZQk5zOs/jv7dYNY+I 95pkB7cJcgjUuDUOahbINp6xHa2CzzxjMq0Le+/RvGNxyiSYDgDyYWLpGCE95mPfAgv/3saQRPEu Jxunj7ItALTx+t3/7muyHAflwMzeXDs81eo/knEh64Br2tbpNVGXoIyV8jOKWMPZmk2k4LP6QwOe 3twGd6Mlew37GoeYJdmiAnKofsE7DYumS8v0zZaFl9lIk4u4cE5gCsFgIoNwMxUZP/0Dzkf0zxJz SI3pSG+N5CMQOxp5SPAyDVmj37rnQWTQWllSt/n1ZVZuas81HffusJMZTSXQSPBtS4kG0Jg3Zjc1 ExFqviLdvNKhfbsnmKEte0aUCwxlbb3WWJFfUanHFynwNX6H5Xh5ZEjHUHv0tYig+Y7r4ugWW/fO dn+OoBCtSU8KRagLS0D60PWEHlRyzZHys1jPkozXifwaogy9mxrIbeT3zdvU8wcHbWc8kIM0OE4n k4sn1EHCVZQNNiwPEMMlWLK6MhJNmy/L2pusxFoZ87QLln93faKvk68yRHxjjUv/0k6QAZ355Qic JmkZzApT0/Us0zvnwDUlyddA/yy8YdyZZBZGpn21N6FtiO3DgyUVMt0SRRV8uaMa2+jaHluSotdz tgErttRFXb3wHmtCdmwvcg7QZCxx9lJrnvGSeaQ3VTfRPFAc4L6OT5w4iDu7hppVWH10C4K4wFKF 7Ir/FgaEtBA9G7bBWtl5HRzqxEIp7J6JG4h/mDRMIND3C9Jwu+A6qYcdAOgcSyC2crQYaf/we3FW vVjUmbQRUlRQbXPrLbedF7qsXYXSm+c8yZoyyey5L1KP9lN/Wmo0jZqfgm6waMN6I0HngXkf1Nl4 0zcDLxUI2BIS/Yl6+cEis8/nWXaaRvzmdUmTrU8mGMLVWUrfOVpqyk9pDqeCv1P/DbQR5+rlt8xl A4sNGdIQ5U4BIlgtMkHn/SRvD3CxMRDX7QoW5qyhUflghDRZtz9yPlnlS4e6e+6/vKWeuVaR6sgi SF5UtNhfCPOe7/0SMi2hFAin9l15smGSDUCW6/EZPI4YiI+Z41q/bt+2GKHm/HGMoYWq8gP9IONA xr0WBe+CdnwVGcpNI5/peKezT86anWuSNkRKwsOuB+0W7SACBw4y3eIl5srxHAqcv4oDylQ97B5c UwmRiLRDW3zCg/PBv0ojv2dgLzAI0EJsUlhgAtM0yL1d4Dr2koYOYSz6I5vapRizKvX4p8HqeKE8 J+hl4z6/K2RdLPmzfmojafs1x9HSLYS37EfZkSTsQ/EPJfbXpH7eu+l5wfAEWZryuLs5yVdhx/fu fltrW/1xEWn/rAtUKgsxS4HlSW2ZKtjnBnIs6VhLyAtOiTwNglnxHRwbPi5VbxDUkBEDc7TTKac/ 7bkaYctZLKWGAVuu50OpL1Irhk/bxZz7OEJflNfIvAX/p4PKdx+vb+OSOWhvMHdjFXf/JSxWENnR XgZFpjKGsgJIHcAAGPFdZyKCmp8aw/bwGtqvffbvGj/VwdNSm7vU9fXn2Do77kAadw0YPuF180TR VuFWPDbtLOovpc/6mEBCu9GsD714Y+5ooVF50bi7W2tN8mb04CUlHMXwiWu+jFNudfkzaGum8kJA 8bGKFlhTC/ofYEuOe+BZ2Xu7qfhSehbtFBCeYDqDAUWKEqiy7Bm9vP/meBOoWzVe8ACACW4CL/6b EjojreYvAGcCahsrwTm457bvPfIx2jENUZmHRkG0+HkTCIVPUGSjdbHqMo5Z/XEnNGNSeKx31aDP ocowZ1d5l03Thi3t0v0KoSqe58mK9nEyFMQSXU2LWdD2t3G335lRnSl2ftr29jJpCUQZBmAcGzh7 nUz3vZSjuy9/fHMZKkdlS6PwuXQgemCVRT57HqRYGOHwiPIRt5zzis6K3MkaYES35XWSWMqs9SiC r8/bWbyEir9syOH6BzNcZ8YOtBlDD6d8xDax2c12w3PPxjQgZgLGD17Z3YXAlJL45gEwvW91Rci2 dW43G5RzN5uk6NgR5uT5L3CbnpzM1TWBvs9NCQKkZFLfZdNyNm5c6N2GwXrhVaa4/xXvZM8XqiT2 KybENOQIUvBMDBUmUoQ3AH1VD5rY+VnZyFmQVHDs3iLzxQJC7wDBEFRm5nLVQLGdcl9WlQprCbM0 xmU9Y4LdFgZiPDIZnM6MgZ64da7R53pOrzekzP0XqhQoli2gkbDAY00x5njoSzz/IyO2aLdeJeyC 6/nrodgaP01UhBLAXDlCq9SD/AyLkPpIz660cXmEqFjxUkXIgBWiCjAs8qT8T2wVzqKukEjdlWzT HzPlJ5tG6lmfcOOrveZib9Qkxy9srU9tloHeVAfe5SYln2y1Q18s3XgpNC1l9VKV+XuyHsgTthfp X9fsF0ZSRDawrRmpxflf6ISlEtdeM1vU7c1i5t7s/vDSqpKHMviNWWCOtS3vhMQjoQfOORDI7f+Q jcwjhJDjho5q/8GoxhBKQGWPbEerf+t8lqTrs29kY2JK4w7+54TudhRCYBs2fMlXVS4VEjjce1fR PuXKauq2HeTPE/2aYZuM9CvAcY76NEu6f9xzCsSaU/9TX+lr1+oI2vM0o1K5vRJvWSCtb/A8vSsT 2vKjQ6yv4e6GzHwAryOf3NwXdupqp9dJTanRUjg7JWmDLbZggi7dAd0SJFRqORYXM1gY9Qw0frrF 84PaeLVIBId/VOeQqbcD7uLMIgW6KYjSSeZCq1HpPt18yX2wEC8Jn6ceQb8rurV8gFritNw3IQvq FluhotLgtg4+pCaOLrwIThXcXJf5e21Bqr6twfRD6fD2zX7+Ij3i3EJ+UcIp5PFL/3EKCNt665qA 6Hv+L+REK8n4nZ99acwoOl4OxyMXqDLaC5ihzUaDDbWqa+9E3QJzRH8KWrFTnIvp3lz5NwkNfnI/ /svOJNb75PYfNdYJRWGIZqwgGLNdyXl+H7BVv3sfAoTX668Z4jsKX9tW9scR+SGhgbWrMOd3MBid ewaBCu1w/LEmG6jQSl/uBcJWj+qZfo6pVkUm6V035td7WQZlBvHBUxyWCtXaXXvh2ujHVj1t5B7S lms9PSSO802+6HyuqxbQM4tp9Ze4sly5cRrE2st/DMs5JRkIYWWg+8lMizOsBprhK/r2eafXw9UP nd+D9XQhTZkLQKdal4V23iPLkFkrIlqkB2LUiIW75TQ+JKimHa7GOsd5cCxr0GyzNXMtpMHiW0wn CYfvEm9yJ7dD/MCJAPcsSKtYlPGOgdEza8B2ZUL8NpAzdIxilbLFAyeBxz6iXHjbYuKJqwxu/sxH aAahI10/+DulbcXaKP7aUGqkNcPdkBBwfuTdonZNKfbP86RdwW6YTKYn+29bOv1j3qndzot4SZK1 n7h7LUlsspB6v9L/X+pNbx5lPOmALNp7HoNEE2CRf/hI7CxXNvvmjsXaFHmt4AaZ9SMYBX77PfcG Bu553RflGeWGvmnMnUHWsNlzDvVtymTZFapX/ouhbyAeJw7nGPxDxCXwM35M+CCtHoeZpWCueRx0 lxqvvDQbNYXXlQge3snZpluXCAL9nqmP3nE1QptTheJljgcbuY3pHeR3+7GdyoXAfHSD0hjjczFr DIn5cLTllFWETaI2HEvHBysqSpuifKQ+z/7skt4PYeZ2TboxNyfdV6/luhATTm448uxs5GzxleZU lkwGq83RASFrDr109TEb0B7E936uJxezaa/KXC+TJTK3F7+reOd+U9J+HLxGnErzjmNshgJYOAi9 74k5HlK97zA1eCcEJrlm+6cBxL3fzaVklatw7kGS/NXE+qWW3lpoGYG/hMjx0/MAyOmZyimUXFsF wIxvqiaufsUHjkkT9UHvW3zbIkvkH0uVOAob29fkKxjVVHhziRLQcKPzgXmIIBQSEHYCrJ3E2PzP X7/GidCdwZdV/QKawuHAOb2o8wBH3MhMPML64uRDxQFjz/XclYz0puQic/+a/2J/h7U/Vy6SzBth +bLHujIOtDSfFEktEIxeTSkTJyVrqlSwVK8kKLsuG5+9RGXO+TsPO+YIXqJ3QO4VrFzluwnGP8c/ dt5xxEyLo324+QCuwhnCwIrAE08XsrjGVuD0zbUMXHvnQ2Wij+WAY61ffCWGXtswAUaVjkjagpGD KVWY1XZiBuS50s15RHEYdqM444z3CrR1khaGqWSSEJZDayBN0CwkrtW8IvobRXPr35XTwm0dWva9 VJoFRA0PDWOdLuo2bfGBGhDu5BLyEYLnIu8SbgyGuAtkx4braXv/xQpJPhB8lMUDltOb4WYDIYiN CeXLcLKL91ZulduaudD3a/dbel8WUc/63rIJVJkGjj/YLHoDki7v4Dffkj51TENzaWbSXmvIGt92 wji4x/ExRlKsKBAg8r3Y8M0Y7oNHT9OsZbxsL16cvYTr1UDy1pBEFXAoJvBlQjkamg6fnwqKgVL2 pzgi0Ge1qBHPKikeuB2VmVMMewQq2Zkb++BH+dwWV0+NtXXvS7LNybdZhb83pmxQOq4SkBk2gZai ENsyjRR0/9860PtMi0JWL9awzmqq0uZ39ypZbtnu9WS6vQ93Tmm6UeDFW62cwsRHRgA1CfcyXNyN gKjYVUebUiaqadwSclIJT36cUfKfDAFYnotM+LdKkdBH8JxfkiSN7iXU9pP8fd09NttT1OpwS4fF z94wR+bFeeId1YTcVeR6TuMGoDvq8KE6H8BQNAIP34ecug4/PI679njG/98EbBlSpchTLwLq58v4 +EczGem2FY+BUnFWE1xK+dLIyhZYWxJGvWyqmxRZQ6b7bPxC7tHdncG7P/4Dh4wuZLSS7WphbLkF OOI3YReyW+qdTmrwDaRaNmCaJZPigjoMDgfMhuPZjonU8X/5yKg9SiFTi6V5+UM76V6aDIFjPF1E yKprNdBVdd6idJZ7hZDUPHc5VcrNdouoicGXVB9MmNViWFMvlObHb4ykES3tZyKqCbSGVc1e6Yyt QZDk8BO0AbTYzOxy0TMw2GGfMK5G4yHKjY3SnsTHcMCwBO6hiZlcPT4o1vcLW/gsmNt6I6I1og0u as5jQ5Pv3WWO4C0Rbg+01pWHDmyImnk7XsmUEFP4dh/v0jV/Mvw6JnB8jFptgY5u6tZNGmL6nxLX MXxgE+/o0VfTrTNB8HKzTIftHQ1eYJgn5CCHG//BIfsp/SUsb/JqVZo0t4arY+gDx4R684QMkSMF UOgMMD2nbMIk5WfU0E84rjd8bGKdEGSP2DSdgFOUYl0TNCdTrhG0H02W4o3hM6rvM8YBXVnUW4D5 oHeaPj+5YzPe1Itwwp+0TsYeE9+s5jWjVnZ3e6EsCvsKtJh/2IM5NDBKc74i1oRhyZdk6+ijjeFG IgRBL6RDgpbmMSYefLsAZaZttQwJizQJTkAYJdPPr3RsXU4kb8CCzWcwECHGcpkrjwHWurv9N9Bj fnkgIaKBEkx2boTuoryzAipDZnZo3bgb/GVQapcdiphA4VEFNfEFHmZZ96FDn1t7Pl+/Q7EUIoRm rJ7Nmjn6UJ3FjgPY7jiMzkt1afs18Nl2dXoVwVWrrymB1mi+gDYVSqDvv795xiUCPXJEuqJQ/0vj mXfBFh7Q7Ioy2oZthHW7kudnbg1zuPuEQEa2owOBFQC96moCaZHM3+HGipfejWxVYMTZA/LRHNW9 v4TFvoU0KWwby6QRGGVUzhfapZ5aOD3ZbF5Q4nirS32WWeie3TWvu2AQWbDzZuH+gTqrGcC+861Q CTVUpc0CeUN9oZbPBBoKE2m8RERWcNCVMHOdaJdGjST4RYOHRcgNCU3VHKxpPOMoZDP2EjbGnRAN z1/eit0cXenUMFgShs2BUh02Bh1Y3qw56pvnoJHUgZYP+s5TVpBHne5qwTKBpsi4N0CJfO/Zk7Gd AxQR12b3qdBKgYGSe/5W5Tm4N3EuuDZKAbuD8xwGQXL1lbDYNXjah1MnuYvGuYv5bNoUcmXDB8uD 1Vk/+opDpbp5YfxTndrICJT8xwYPb6y9rdMt5X7ynvXFKQk+7VlBsXSV0IewRie7szMr9TuuVlx3 9h1baiNfJYNOajlXnBDQdZ/57qYw52IBLS34g5eLIcKAs+BsssuYFTniypegTXJ7BFp5fy2WjZzc 2THnwcWB6gGOSB++wY9x38sVxK5uDkaUPlOlaibJJWyYcLLntWCwgWE5a10RL0SJb7avy1hZ6cCR RoSx+IGt0a6m5/HDSa9z8sGTugqVAZPLGthkId2xK0KCV6xuOe1T+xYi2vrXSZFPvuxK2DgEXvb1 7fzAolirUJYqPzslRxsTG0GtvvtDeTOm525nAimeMCWt8LBz/8PqsJPVJqyvxhRTiwKwFCFXT8/E en/aGCqdyGhEiPoRM7aCxEMV/pHfleDd7XMFs8vVZa5268lNFPQM6plj+faERPFu3ViBMul6AX/7 cRE9xnhJqUtw2KcTXZdbNp+aS4m5OTvBi/hc1VBFQ4Y0CEdvxJZ/2nJePgxyZLR/b1TQpmGpCIKP dbjmHtWctP6yjkDI0O2EU9nBoqZgqbVnlhM30i9B89FfWOGNbdq1x7m0cS6GKyvn4ft/IUDodFOw Ah9j6fmNuBqHWqNNf47cBxPJcwaKysM1Y2PzZggArVfdcVU3ljj1eekgifLiZKacjtxtK6fP9Xgp ahigrnLBWwKmffWqo0dbCh+90rkrpupF6RJiOaBSFAed3uv0yQO0HlkkbOapn45VfyrChsJvgyJr kpVTHIst3ZTmcEjbZcgThqKeW2IYuYZ1YdAozq/IODdKwE7Swxxi+yG7Ncjmvu0QA/UlAUe0+ZvO pqgA8Ui1qVKviZ3QXJTrNL3/M2U7/raFn1GrfL7AlvPv0UPzd8/wJIidFOwFg4xs2X25jWyzVnIl BLxf0RQGcKyhqw1110B4NZtMVN6vY3yd43e86A3Vghy/k6FpXGimZXm5uLyFtLhsPdy5gKLeRAiE Hk393LyPCeAsesfMenQVhz7buBJXYCvGjxCOCJbT7Xe822qyrhiuiTiNuGDb3A07Z/r86A6AF5HM zGWKhn9uAdJZ6fehs3Iq7Jj259J6OeS/552pLd2wjbkD2iNOCz6gW4Sd+7YdAgwp5z6QKXlu6XQq HR8UNnTKAlcyGDz2mlqFQgm5mJMEykzLLFT+547LHAvzIICafFXi5x3qDdl2JdvZSNZ9UImlR7CA /akPSsFsu2kprPVWOJ/ICQqiY1XiGMk2+tYXegWOYDeo7lMR50QQiPJJm9uIjjy/RTodyzdP3qTB o53RaEQSel2/x+aWWv6eNoWPt3pOJFp5mqawdraeZhVZ3v97jYGC6sVB5DwobdwWIDwCmosRDRmY 16nLPXc1Uykf8zG94L2IsDEWIxeEclYJ7k0ftYlqj7y9DagssYYm4mSrxLJiDCqimQF/BOCOwmcz Jq6XSkb+P6gVlKbLJGLDo9cFDiUVAlzd5v93dFFfFSaL/Zte9wksIC7WFiKLKaPBsEiSoy79EZ4N lZcmlVFpPskO3bDsETRkBzD5yy+IiA7qpZMS+9x9ZpR84JkYEwVfVtIHiGCL60Yfa47X6XY8fncn bTvBWag1DgZ2JTm0APFVUwEKPB9MX5qLH9u4oHJj7DInXQzIwo539Nt2/sXKaZ31m4yxn/DMz4cf jTzluzW0Vb11omPjX4TftWiX4AbJsuBR/nl3rVUZdl4qdVka0kC5PJXWodCmH9Sswegn0iifyBm6 /i0RdPgtr0gTEUgLPozXm5NtZs6XRKkJpiqAQ1bs6VgHxvIkVk7bOnIU3gP8HwJeF0ETKUGw2k79 FbpMWvbl0sEalPwEfotK2AiJ+UZWvkG3A0Hpvtg8toeHAqJfdaLfJKS2lDWHTYhH7kOWaB/ic9Q4 WSU8rjSMTNmFAyO6zG6elcfTBFHqHlGrDKsCDGM2zbCU/DOZ9x67u6ZkfNYsj/zlZny6Zl1tZnpv JWlCgBxBPlibPGI+zyCUIiEvt9wJfvUU1LCexrniXAGUFl3E4tI+0kH+HmRZN9J6WH9alyYn9fFg UVK2i0EMXNb+/v74uex+yAG1YYHHPXlfQkdXeFS19aLXhkQ1uGg2ZHmDu37qqOuFgq6TlDZTbrXV BQftmFMbMzinbcSQDpYunibY1Ujp1KG+1aNn6k47hdMo7SPIIIb1xj6izu7UW3lhYr1w/Y5ujn3c hNRvWzpyA4RqJbs+0owv8xOueVEJ2CeGosqliweU8+acCPdoREXD0Tx88FFKoeBHDeG1San3+CIm Yb+sX51S8W7pTxcM87HGjOJ9h6fp7WL7hQMmbw2mQhgosLdoJa9ytZg3kLJGAKrCkMIOSAQSwdoM biqYWFbDFZkEChUaJ66UK7q14OsT0upxzTxJJqa4AvoIMWa3A9nPe0sgrKXegC4Zsxap8DjeoWHu 12vinV+tBSHflpYiUeLoDEuQvjeRBj6NzimvhPOF1HU0peGaKeaSLuV0RTZ+ChhAQw7Zz1m5aOOo ijMWaxCqpcmxQphYXQ+grn9OpheKLpmMNXgIq9NZLJdpSk5zRgDaM7n7I8FYJM7IfmK6N3l9D4B6 CCr8S4ucNZr7OHa0KeV4lVms5a8lSHPDrcs1+aG3xhaLmsuv17IlwV15bT2yATv5GBdIq7NorGeN 46aqcD3f4Uu5z+K0M0vNqwBOBg2hVxGeWvT2ntC53x7/9dUiE7rcqD60Sly1tcQ6lne0MhrFz8jO LJL3psKc9JvIrco9mbpkCW6AERjQl3arTctMDAAMFQoiUE0zpoCNoquzg8LMM7hVTw/AOJfMXWkU 1YdyM+FfFSQTIVFWhFA7ns2fhFPdvwAatjL5QWjPjbC3DXKB9L8m4BmWsKxcLrSDIzDs42yjZOWH y1gPBXPbqvLy+oU/1wnxS26uePYtXlfRexvj4Y4eY9RraEnktfoUAeNWVHdrYQaQFOtRSBYMtwgy ygH5GTglxO9DD44o4E4Ps0o5pKzSawPVkBgN4pmM9NqSN+17MgYKJXO+nk89/1y/a8PgmajzozT5 njDnFJgOhXRE2OsWiT1aDHtcuERRi900+2vOYl9Ix6xZilyUImmAoyPZ4Rnjo+8mZphhBXxMTKHh uG+U3V39cHTgw7qVyTGOJ/eV1ZLfdXcbiDKsne5kCyyY0n2pONPA9HzHbrBFEi/g5yzH19roEYVa GRxX0fTLQOB6txcNFiSsB6RvxI0daM9ub9HakzUnW3ol4Y9cy+k06fHf6hZvj047XGZ1utC3HUok F4YFUz/0n75W/AkfwtToLQC1lvu4uwndjMxO3sROIn2zL8I1Xsd+ScPX+wriapjhaPUwMlMlMLdk TBZApuRhwYFOKjsQxWU7Mdt9xvfQo/yxx8Vr40ErNZ8J/FxkXaQY6g7C22ZRA4KWo3a0IckMSGaq JKEENMSg+oySBYkwK1GNiH33haBe0vmHpu93NMWKod/OWFDPKwL63xre08reMX72bfspJTq9zyY1 LMb3OOJQ5UUdQouol/fzy2+0x1TymuhQOM6fJ47IYGBKvNhkaCO/dmEjwJYPK9DLisk1SnhlBkw/ UWId8ElWtiEySg5one0FCE8Mk6AIr1GfMEJaMxaFOvxPzDN2tUYJBg1GPnt1sf0VFbGOKqtn176D JDxGIjZQT/Ayw5KP9mchWP2xmVa2+wGgETrnI9aBEgfRMrTIzoAfTsIkVO6wuprNPs7M/rSX92ZO JTRwwLABibx3OEohwZtrD0TW9hbu4WXNDl9EFPqDB7bsYqAyOWaeCmIdYP5LL1EdzntP2KO9tI6o VhiIF4w3bYNQea8IdteBKn16N14MXarVe6MA6ZphRTi0mC4fpiaWyr9V2m9hmtmx4ZqjCPflj+jZ OVMMgRUfxe9mClmxWoizdlzIGKXKL4faY3NkMcCrdJSL3c+LHQfNVJtJ2NAPSHA4+HMI0G3LjPnZ 3+CHbQLV2ywu/6FLeC+hxdHpzlpDXOpgojyGY4VvJJYlIVlUDa5KDWO5Gb7utAGMIeeZTfU+E4bK 3WJB2TRgnsq0CCyQwdGB74sYEseaKrFkmxD+OOKQAdQa/MPKpTtioWex0tqAsQM54ADE+7k31HzT KLaP2WJJ7/bczvSDo/ogL3RcNHe73M8o/+ABtWC1aadvYUldHV+u2eEpUNHXbrc4v4cwu0MqQxkq 1Uu3dUMNZumCfsD01izuZsFOQz680V35BDDgeaWf0Qb/8nFsrgiGDPIL+Zq8b+guxwJyoAZjJsYI BIaztCXbG/JuIPlGY6AbmhVWwHGtGS0ZuE3py1LMcJB14Km/1hHNgo/H22griybiqcIh7bfjqMYJ T6dh2V5D19+K3twhcGZsggz7l8qro50ehiarjm8oGEgYIJwCJnYT3nt+u4g2wH2lP/sJGgPt0n5A IEN5fn4uflaNYefYd8Fd6lS7i1ug2lQ9tme71awtyPPUSKAPqMeNCPsNgO4GiaXUAqJVpxyySXxm qeafqmntrjTe/0/LZ95P/BzVx93NSQFr8+C4IlZ/QMeE8wLcBZ4fE2nWR9p9Nkws6+6s2VkqD29r NTlMm0MCaEZ+0YVUQ/cHfDUGvg4fX3r5Es9CqRpAzZZQFGZ8bHl2ND9YPDiOEIjnnZ3zBIZGW5R0 Xc+Cpgii+VhGfx6bLHDbK7AZvAOqcVLvgPWtyyWnnpuwCI/kUxk9/XUHgik2p+NHIsKsWwcSiWMC wWFdMUP1lrKO2NIwM+v0THXfYKZQuqwAfcJ9bU3wiyYwVI41hyLoy4MtLaSsGue568vKHdsfs/N5 Ut2tFA8YkX3uw9J7B93gP+GZZs1nOQEHTNUPgcVXfsG6pFVVH6VSNtzt8TbH8Cq+2NztOwPuc9tW Lp/bnCrKhSUhpVB5vXcTRyNdj5gez+80H3R4mRCjxjJEeUHeS9J1+CWEP+UGw0f/t89xnA4fuVGk yMT7VKToUMQzkOK/ldbHdhMw52SGDZ9ZFhMVy+HILtoJh//2CRseXruMMYWUSZGsWmKCbiWqvfZl RWI5+Aa3gq4LDwxDSUm0HUO3VNOPM/lLYTZgdiKM34FoA8VC9R/0HRJtA2I/XI0PXz3YCxoS64ss WiKIqAC+ghc7TiQMKF5QsyL0AFe40BtmjuIf6wnIiqqnlWC1ubZVOfIpHEArFJ8AhD1Cpbsjw783 h6EuI6JzK8UBqtpywulVJfLQiidZMfl59ol7xJPQcMO+4rCDzuDDOlmqKL/VLUVBWrirXa/rC+Yc FIt/Un3e8CT/6CY2/b5iPiYGoy1cXMglScYIJSf+ayZjTyu5zY0Oqm3K2jKTA9XxVo7Zr0XMHgcH hhWRKQB13C62qzkkJfGKns4m8mgA0tS1ku8Z31DoSTXoYrQgXjIPYBw80AApIu7efvp40FKlX9V+ +eScto4OrnS8i3OWqygbPBNe1xgcuSvxj8iIz70zSdt1hX5nfkdbc4OxbTWEF7WHp4BaAB0/WLem 1i+by06gAOCXhqysw9TKogZylExbhqhvcMvGE3THPzPuJ5d0xqu0PULo5T83WcGW2RyNgrjDRtqt +4ccHLdU9T89MuUqGjAWjbkAh/gnaH+J/qle0dF3ikdzhijs3ozmqQFdx5US+bRC/Gdwwt8PecKN yGf56TLyNS82OytjrI3iiRoiOO8wpilmfLN9ptFPyk7b8cg7Ic4Iw3pBr+vjCfO0XcLf31RPYgnR oUTU5La10CvY+9ob2Y2X6cXRC6Uim9H0KfGOgNLSddM+sOLwJSl6xcavlYQmhXhlYu5WEZm+HOuB howxJnkWSrMeWs+4s9MMi+9nQduv4EgJh+HDtFSp7j0fxi8Hy2vs03OWBF8i4K7FYr3jIZLTLrqF XkCRWnHlrs6Vh+9bxAW726D+XlKPpl1a+B2ATtuQv/G805YyS0VIGytIke5szRUA}
::rc_st::fg::map_reify_receive sub_unsigned_218620_10_154867 -wlm {1 0 0 1.0 5 0.0 1.0 1.0 1.0 1.0 4.6 1.9 2.0 0}
::rc_st::fg::map_sa -1840559247 {0 0 <default_clock> 0 1 0 0 0}
::rc_st::fg::map_sa -340034827 {0 0 clk 0 1 0 0 0 0 0}
::rc_st::fg::map_reify_hier_drvr_info {1 . A 0} {2 -1840559247 -340034827} {{60205 0.0 60276 0.0 117490 0.0 117561 0.0} {60324 0.0 60385 0.0 117609 0.0 117670 0.0} {60550 0.0 60603 0.0 117835 0.0 117888 0.0} {60925 0.0 60975 0.0 118210 0.0 118260 0.0} {61488 0.0 61503 0.0 118773 0.0 118788 0.0} {62649 0.0 62650 0.0 119934 0.0 119935 0.0} {65487 0.0 65488 0.0 122772 0.0 122773 0.0} {71162 0.0 71163 0.0 128447 0.0 128448 0.0}} {1 0 0 0 0 0 0 0 0 4407 4277 13251 12688 39784 39206 119381 118803} {0 0 1.0 5 0.0 1.0 1.0 1.0 1.0 4.6 1.9 2.0 18 18 18 18 1000 1 1 1 0 0 0 0 0 0 0 0 -111111111 X 0 0} 0 {2 0 X} {-111111111 -111111111}
::rc_st::fg::map_reify_hier_drvr_info {1 . A 1} {2 -1840559247 -340034827} {{59230 0.0 60142 0.0 116515 0.0 117427 0.0} {59327 0.0 60238 0.0 116612 0.0 117523 0.0} {59529 0.0 60411 0.0 116814 0.0 117696 0.0} {59912 0.0 60738 0.0 117197 0.0 118023 0.0} {60625 0.0 61350 0.0 117910 0.0 118635 0.0} {61953 0.0 62507 0.0 119238 0.0 119792 0.0} {64609 0.0 64826 0.0 121894 0.0 122111 0.0} {69923 0.0 69614 0.0 127208 0.0 126899 0.0}} {1 0 0 0 0 0 0 0 0 3896 4001 12187 12292 37062 37164 111688 111781} {0 0 1.0 5 0.0 1.0 1.0 1.0 1.0 4.6 1.9 2.0 64 64 64 64 1000 1 1 1 0 0 0 0 0 0 0 0 -111111111 X 0 0} 0 {2 0 X} {-111111111 -111111111}
::rc_st::fg::map_reify_hier_drvr_info {1 . A 2} {2 -1840559247 -340034827} {{62473 0.0 64051 0.0 119758 0.0 121336 0.0} {62570 0.0 64147 0.0 119855 0.0 121432 0.0} {62771 0.0 64320 0.0 120056 0.0 121605 0.0} {63155 0.0 64646 0.0 120440 0.0 121931 0.0} {63868 0.0 65260 0.0 121153 0.0 122545 0.0} {65201 0.0 66421 0.0 122486 0.0 123706 0.0} {67864 0.0 68750 0.0 125149 0.0 126035 0.0} {73191 0.0 73408 0.0 130476 0.0 130693 0.0}} {1 0 0 0 0 0 0 0 0 3907 4001 12218 12292 37151 37164 111951 111781} {0 0 1.0 5 0.0 1.0 1.0 1.0 1.0 4.6 1.9 2.0 64 64 64 64 1000 1 1 1 0 0 0 0 0 0 0 0 -111111111 X 0 0} 0 {2 0 X} {-111111111 -111111111}
::rc_st::fg::map_reify_hier_drvr_info {1 . A 3} {2 -1840559247 -340034827} {{65715 0.0 67961 0.0 123000 0.0 125246 0.0} {65812 0.0 68057 0.0 123097 0.0 125342 0.0} {66013 0.0 68230 0.0 123298 0.0 125515 0.0} {66397 0.0 68556 0.0 123682 0.0 125841 0.0} {67110 0.0 69170 0.0 124395 0.0 126455 0.0} {68443 0.0 70331 0.0 125728 0.0 127616 0.0} {71106 0.0 72660 0.0 128391 0.0 129945 0.0} {76433 0.0 77318 0.0 133718 0.0 134603 0.0}} {1 0 0 0 0 0 0 0 0 3907 4001 12218 12292 37151 37164 111951 111781} {0 0 1.0 5 0.0 1.0 1.0 1.0 1.0 4.6 1.9 2.0 64 64 64 64 1000 1 1 1 0 0 0 0 0 0 0 0 -111111111 X 0 0} 0 {2 0 X} {-111111111 -111111111}
::rc_st::fg::map_reify_hier_drvr_info {1 . A 4} {2 -1840559247 -340034827} {{68957 0.0 71871 0.0 126242 0.0 129156 0.0} {69054 0.0 71967 0.0 126339 0.0 129252 0.0} {69255 0.0 72140 0.0 126540 0.0 129425 0.0} {69639 0.0 72466 0.0 126924 0.0 129751 0.0} {70352 0.0 73080 0.0 127637 0.0 130365 0.0} {71685 0.0 74241 0.0 128970 0.0 131526 0.0} {74348 0.0 76570 0.0 131633 0.0 133855 0.0} {79675 0.0 81228 0.0 136960 0.0 138513 0.0}} {1 0 0 0 0 0 0 0 0 3907 4001 12218 12292 37151 37164 111951 111781} {0 0 1.0 5 0.0 1.0 1.0 1.0 1.0 4.6 1.9 2.0 64 64 64 64 1000 1 1 1 0 0 0 0 0 0 0 0 -111111111 X 0 0} 0 {2 0 X} {-111111111 -111111111}
::rc_st::fg::map_reify_hier_drvr_info {1 . A 5} {2 -1840559247 -340034827} {{72199 0.0 75781 0.0 129484 0.0 133066 0.0} {72296 0.0 75877 0.0 129581 0.0 133162 0.0} {72497 0.0 76050 0.0 129782 0.0 133335 0.0} {72881 0.0 76376 0.0 130166 0.0 133661 0.0} {73594 0.0 76990 0.0 130879 0.0 134275 0.0} {74927 0.0 78151 0.0 132212 0.0 135436 0.0} {77590 0.0 80480 0.0 134875 0.0 137765 0.0} {82917 0.0 85138 0.0 140202 0.0 142423 0.0}} {1 0 0 0 0 0 0 0 0 3907 4001 12218 12292 37151 37164 111951 111781} {0 0 1.0 5 0.0 1.0 1.0 1.0 1.0 4.6 1.9 2.0 64 64 64 64 1000 1 1 1 0 0 0 0 0 0 0 0 -111111111 X 0 0} 0 {2 0 X} {-111111111 -111111111}
::rc_st::fg::map_reify_hier_drvr_info {1 . A 6} {2 -1840559247 -340034827} {{75441 0.0 79691 0.0 132726 0.0 136976 0.0} {75538 0.0 79787 0.0 132823 0.0 137072 0.0} {75739 0.0 79960 0.0 133024 0.0 137245 0.0} {76123 0.0 80286 0.0 133408 0.0 137571 0.0} {76836 0.0 80900 0.0 134121 0.0 138185 0.0} {78169 0.0 82061 0.0 135454 0.0 139346 0.0} {80832 0.0 84390 0.0 138117 0.0 141675 0.0} {86159 0.0 89048 0.0 143444 0.0 146333 0.0}} {1 0 0 0 0 0 0 0 0 3907 4007 12221 12320 37174 37258 112033 112071} {0 0 1.0 5 0.0 1.0 1.0 1.0 1.0 4.6 1.9 2.0 64 64 64 64 1000 1 1 1 0 0 0 0 0 0 0 0 -111111111 X 0 0} 0 {2 0 X} {-111111111 -111111111}
::rc_st::fg::map_reify_hier_drvr_info {1 . A 7} {2 -1840559247 -340034827} {{78683 0.0 83601 0.0 135968 0.0 140886 0.0} {78780 0.0 83697 0.0 136065 0.0 140982 0.0} {78981 0.0 83870 0.0 136266 0.0 141155 0.0} {79365 0.0 84196 0.0 136650 0.0 141481 0.0} {80078 0.0 84810 0.0 137363 0.0 142095 0.0} {81411 0.0 85971 0.0 138696 0.0 143256 0.0} {84074 0.0 88300 0.0 141359 0.0 145585 0.0} {89401 0.0 92958 0.0 146686 0.0 150243 0.0}} {1 0 0 0 0 0 0 0 0 3907 4008 12223 12323 37181 37266 112053 112095} {0 0 1.0 5 0.0 1.0 1.0 1.0 1.0 4.6 1.9 2.0 64 64 64 64 1000 1 1 1 0 0 0 0 0 0 0 0 -111111111 X 0 0} 0 {2 0 X} {-111111111 -111111111}
::rc_st::fg::map_reify_hier_drvr_info {1 . A 8} {2 -1840559247 -340034827} {{88000 0.0 91192 0.0 145285 0.0 148477 0.0} {88118 0.0 91285 0.0 145403 0.0 148570 0.0} {88360 0.0 91454 0.0 145645 0.0 148739 0.0} {88845 0.0 91794 0.0 146130 0.0 149079 0.0} {89645 0.0 92468 0.0 146930 0.0 149753 0.0} {90955 0.0 93754 0.0 148240 0.0 151039 0.0} {93575 0.0 96327 0.0 150860 0.0 153612 0.0} {98816 0.0 101472 0.0 156101 0.0 158757 0.0}} {1 0 0 0 0 0 0 0 0 3435 3167 10314 9569 30953 28783 92870 86424} {0 0 1.0 5 0.0 1.0 1.0 1.0 1.0 4.6 1.9 2.0 31 30 61 60 2000 1 2 2 0 0 0 0 0 0 0 0 -111111111 X 0 0} 0 {2 0 X} {-111111111 -111111111}
::rc_st::fg::map_reify_hier_drvr_info {1 . A 9} {2 -1840559247 -340034827} {{89365 0.0 91080 0.0 146650 0.0 148365 0.0} {89480 0.0 91186 0.0 146765 0.0 148471 0.0} {89666 0.0 91396 0.0 146951 0.0 148681 0.0} {89986 0.0 91774 0.0 147271 0.0 149059 0.0} {90457 0.0 92282 0.0 147742 0.0 149567 0.0} {91215 0.0 93031 0.0 148500 0.0 150316 0.0} {92729 0.0 94529 0.0 150014 0.0 151814 0.0} {95760 0.0 97526 0.0 153045 0.0 154811 0.0}} {1 0 0 0 0 0 0 0 0 916 0 5723 4684 17144 13633 51409 40480} {0 0 1.0 5 0.0 1.0 1.0 1.0 1.0 4.6 1.9 2.0 58 58 58 58 1000 1 1 1 0 0 0 0 0 0 0 0 -111111111 X 0 0} 0 {2 0 X} {-111111111 -111111111}
::rc_st::fg::map_reify_hier_drvr_info {1 . A 10} {2 -1840559247 -340034827} {{90394 0.0 92093 0.0 147679 0.0 149378 0.0} {90497 0.0 92194 0.0 147782 0.0 149479 0.0} {90656 0.0 92386 0.0 147941 0.0 149671 0.0} {90926 0.0 92687 0.0 148211 0.0 149972 0.0} {91312 0.0 93070 0.0 148597 0.0 150355 0.0} {91930 0.0 94138 0.0 149215 0.0 151423 0.0} {93166 0.0 96814 0.0 150451 0.0 154099 0.0} {97269 0.0 102168 0.0 154554 0.0 159453 0.0}} {1 0 0 0 0 0 0 0 0 3026 3218 9152 9190 27530 27106 82665 80856} {0 0 1.0 5 0.0 1.0 1.0 1.0 1.0 4.6 1.9 2.0 58 58 89 88 2000 1 2 2 0 0 0 0 0 0 0 0 -111111111 X 0 0} 0 {2 0 X} {-111111111 -111111111}
::rc_st::fg::map_reify_hier_drvr_info {1 . A 11} {2 -1840559247 -340034827} {{89702 0.0 92190 0.0 146987 0.0 149475 0.0} {89799 0.0 92283 0.0 147084 0.0 149568 0.0} {89985 0.0 92452 0.0 147270 0.0 149737 0.0} {90359 0.0 92792 0.0 147644 0.0 150077 0.0} {91048 0.0 93466 0.0 148333 0.0 150751 0.0} {92279 0.0 94822 0.0 149564 0.0 152107 0.0} {94740 0.0 97892 0.0 152025 0.0 155177 0.0} {99662 0.0 104034 0.0 156947 0.0 161319 0.0}} {1 0 0 0 0 0 0 0 0 3455 3638 10378 10668 31148 31758 93456 95028} {0 0 1.0 5 0.0 1.0 1.0 1.0 1.0 4.6 1.9 2.0 31 30 61 60 2000 1 2 2 0 0 0 0 0 0 0 0 -111111111 X 0 0} 0 {2 0 X} {-111111111 -111111111}
::rc_st::fg::map_reify_hier_drvr_info {1 . A 12} {2 -1840559247 -340034827} {{96696 0.0 97562 0.0 153981 0.0 154847 0.0} {96815 0.0 97657 0.0 154100 0.0 154942 0.0} {97056 0.0 97827 0.0 154341 0.0 155112 0.0} {97552 0.0 98161 0.0 154837 0.0 155446 0.0} {98403 0.0 98841 0.0 155688 0.0 156126 0.0} {99812 0.0 100201 0.0 157097 0.0 157486 0.0} {102633 0.0 102923 0.0 159918 0.0 160208 0.0} {108272 0.0 108365 0.0 165557 0.0 165650 0.0}} {1 0 0 0 0 0 0 0 0 3685 3538 11108 10421 33376 31485 100179 94677} {0 0 1.0 5 0.0 1.0 1.0 1.0 1.0 4.6 1.9 2.0 31 30 61 60 2000 1 2 2 0 0 0 0 0 0 0 0 -111111111 X 0 0} 0 {2 0 X} {-111111111 -111111111}
::rc_st::fg::map_reify_hier_drvr_info {1 . A 13} {2 -1840559247 -340034827} {{97871 0.0 97915 0.0 155156 0.0 155200 0.0} {97990 0.0 98010 0.0 155275 0.0 155295 0.0} {98231 0.0 98180 0.0 155516 0.0 155465 0.0} {98729 0.0 98513 0.0 156014 0.0 155798 0.0} {99589 0.0 99194 0.0 156874 0.0 156479 0.0} {101020 0.0 100564 0.0 158305 0.0 157849 0.0} {103879 0.0 103301 0.0 161164 0.0 160586 0.0} {109599 0.0 108777 0.0 166884 0.0 166062 0.0}} {1 0 0 0 0 0 0 0 0 3735 3663 11266 10752 33860 32021 101640 95828} {0 0 1.0 5 0.0 1.0 1.0 1.0 1.0 4.6 1.9 2.0 31 30 61 60 2000 1 2 2 0 0 0 0 0 0 0 0 -111111111 X 0 0} 0 {2 0 X} {-111111111 -111111111}
::rc_st::fg::map_reify_hier_drvr_info {1 . A 14} {2 -1840559247 -340034827} {{97749 0.0 99642 0.0 155034 0.0 156927 0.0} {97869 0.0 99722 0.0 155154 0.0 157007 0.0} {98106 0.0 99893 0.0 155391 0.0 157178 0.0} {98567 0.0 100288 0.0 155852 0.0 157573 0.0} {99296 0.0 101116 0.0 156581 0.0 158401 0.0} {100467 0.0 102690 0.0 157752 0.0 159975 0.0} {102806 0.0 105839 0.0 160091 0.0 163124 0.0} {107486 0.0 112137 0.0 164771 0.0 169422 0.0}} {1 0 0 0 0 0 0 0 0 3052 3659 9101 11076 27248 33327 81690 100080} {0 0 1.0 5 0.0 1.0 1.0 1.0 1.0 4.6 1.9 2.0 31 31 62 61 2000 1 2 2 0 0 0 0 0 0 0 0 -111111111 X 0 0} 0 {2 0 X} {-111111111 -111111111}
::rc_st::fg::map_reify_hier_drvr_info {1 . A 15} {2 -1840559247 -340034827} {{97922 0.0 98014 0.0 155207 0.0 155299 0.0} {98021 0.0 98125 0.0 155306 0.0 155410 0.0} {98208 0.0 98350 0.0 155493 0.0 155635 0.0} {98567 0.0 98776 0.0 155852 0.0 156061 0.0} {99204 0.0 99453 0.0 156489 0.0 156738 0.0} {100324 0.0 100489 0.0 157609 0.0 157774 0.0} {102564 0.0 102822 0.0 159849 0.0 160107 0.0} {107043 0.0 109089 0.0 164328 0.0 166374 0.0}} {1 0 0 0 0 0 0 0 0 3329 3627 10283 10982 31142 33048 93720 99244} {0 0 1.0 5 0.0 1.0 1.0 1.0 1.0 4.6 1.9 2.0 31 31 51 51 2000 1 2 2 0 0 0 0 0 0 0 0 -111111111 X 0 0} 0 {2 0 X} {-111111111 -111111111}
::rc_st::fg::map_reify_hier_drvr_info {1 . A 16} {2 -1840559247 -340034827} {{96954 0.0 99303 0.0 154239 0.0 156588 0.0} {97075 0.0 99384 0.0 154360 0.0 156669 0.0} {97313 0.0 99556 0.0 154598 0.0 156841 0.0} {97790 0.0 99942 0.0 155075 0.0 157227 0.0} {98575 0.0 100772 0.0 155860 0.0 158057 0.0} {99851 0.0 102440 0.0 157136 0.0 159725 0.0} {102400 0.0 105775 0.0 159685 0.0 163060 0.0} {107500 0.0 112446 0.0 164785 0.0 169731 0.0}} {1 0 0 0 0 0 0 0 0 3320 3937 9945 12095 29818 36569 89439 109992} {0 0 1.0 5 0.0 1.0 1.0 1.0 1.0 4.6 1.9 2.0 31 31 61 61 2000 1 2 2 0 0 0 0 0 0 0 0 -111111111 X 0 0} 0 {2 0 X} {-111111111 -111111111}
::rc_st::fg::map_reify_hier_drvr_info {1 . A 17} {2 -1840559247 -340034827} {{97599 0.0 100670 0.0 154884 0.0 157955 0.0} {97720 0.0 100752 0.0 155005 0.0 158037 0.0} {97961 0.0 100925 0.0 155246 0.0 158210 0.0} {98458 0.0 101297 0.0 155743 0.0 158582 0.0} {99323 0.0 102127 0.0 156608 0.0 159412 0.0} {100758 0.0 103899 0.0 158043 0.0 161184 0.0} {103630 0.0 107445 0.0 160915 0.0 164730 0.0} {109371 0.0 114538 0.0 166656 0.0 171823 0.0}} {1 0 0 0 0 0 0 0 0 3730 4287 11240 13383 33770 40671 101358 122533} {0 0 1.0 5 0.0 1.0 1.0 1.0 1.0 4.6 1.9 2.0 31 31 62 61 2000 1 2 2 0 0 0 0 0 0 0 0 -111111111 X 0 0} 0 {2 0 X} {-111111111 -111111111}
::rc_st::fg::map_reify_hier_drvr_info {1 . A 18} {2 -1840559247 -340034827} {{100072 0.0 101974 0.0 157357 0.0 159259 0.0} {100187 0.0 102081 0.0 157472 0.0 159366 0.0} {100380 0.0 102295 0.0 157665 0.0 159580 0.0} {100718 0.0 102689 0.0 158003 0.0 159974 0.0} {101217 0.0 103234 0.0 158502 0.0 160519 0.0} {102021 0.0 104046 0.0 159306 0.0 161331 0.0} {103629 0.0 105670 0.0 160914 0.0 162955 0.0} {106844 0.0 108917 0.0 164129 0.0 166202 0.0}} {1 0 0 0 0 0 0 0 0 2043 0 6105 5145 18290 15015 54847 44625} {0 0 1.0 5 0.0 1.0 1.0 1.0 1.0 4.6 1.9 2.0 58 58 58 58 1000 1 1 1 0 0 0 0 0 0 0 0 -111111111 X 0 0} 0 {2 0 X} {-111111111 -111111111}
::rc_st::fg::map_reify_hier_drvr_info {1 . A 19} {2 -1840559247 -340034827} {{101475 0.0 100791 0.0 158760 0.0 158076 0.0} {101580 0.0 100894 0.0 158865 0.0 158179 0.0} {101744 0.0 101091 0.0 159029 0.0 158376 0.0} {102024 0.0 101403 0.0 159309 0.0 158688 0.0} {102425 0.0 101807 0.0 159710 0.0 159092 0.0} {103066 0.0 102390 0.0 160351 0.0 159675 0.0} {104351 0.0 105051 0.0 161636 0.0 162336 0.0} {107305 0.0 111923 0.0 164590 0.0 169208 0.0}} {1 0 0 0 0 0 0 0 0 3538 4115 10523 12674 31475 38353 94332 115388} {0 0 1.0 5 0.0 1.0 1.0 1.0 1.0 4.6 1.9 2.0 58 58 89 89 2000 1 2 2 0 0 0 0 0 0 0 0 -111111111 X 0 0} 0 {2 0 X} {-111111111 -111111111}
::rc_st::fg::map_reify_hier_drvr_info {1 . A 20} {2 -1840559247 -340034827} {{101829 0.0 102377 0.0 159114 0.0 159662 0.0} {101950 0.0 102458 0.0 159235 0.0 159743 0.0} {102188 0.0 102629 0.0 159473 0.0 159914 0.0} {102665 0.0 103015 0.0 159950 0.0 160300 0.0} {103451 0.0 103845 0.0 160736 0.0 161130 0.0} {104726 0.0 105509 0.0 162011 0.0 162794 0.0} {107275 0.0 108837 0.0 164560 0.0 166122 0.0} {112375 0.0 115491 0.0 169660 0.0 172776 0.0}} {1 0 0 0 0 0 0 0 0 3322 3925 9947 12052 29820 36434 89441 109578} {0 0 1.0 5 0.0 1.0 1.0 1.0 1.0 4.6 1.9 2.0 31 31 62 61 2000 1 2 2 0 0 0 0 0 0 0 0 -111111111 X 0 0} 0 {2 0 X} {-111111111 -111111111}
::rc_st::fg::map_reify_hier_drvr_info {1 . A 21} {2 -1840559247 -340034827} {{104093 0.0 104149 0.0 161378 0.0 161434 0.0} {104208 0.0 104256 0.0 161493 0.0 161541 0.0} {104401 0.0 104470 0.0 161686 0.0 161755 0.0} {104739 0.0 104864 0.0 162024 0.0 162149 0.0} {105238 0.0 105409 0.0 162523 0.0 162694 0.0} {106042 0.0 106221 0.0 163327 0.0 163506 0.0} {107650 0.0 107845 0.0 164935 0.0 165130 0.0} {110865 0.0 111092 0.0 168150 0.0 168377 0.0}} {1 0 0 0 0 0 0 0 0 2043 0 6105 5145 18290 15015 54847 44625} {0 0 1.0 5 0.0 1.0 1.0 1.0 1.0 4.6 1.9 2.0 58 58 58 58 1000 1 1 1 0 0 0 0 0 0 0 0 -111111111 X 0 0} 0 {2 0 X} {-111111111 -111111111}
::rc_st::fg::map_reify_hier_drvr_info {1 . A 22} {2 -1840559247 -340034827} {{104680 0.0 106990 0.0 161965 0.0 164275 0.0} {104802 0.0 107072 0.0 162087 0.0 164357 0.0} {105043 0.0 107245 0.0 162328 0.0 164530 0.0} {105540 0.0 107618 0.0 162825 0.0 164903 0.0} {106403 0.0 108447 0.0 163688 0.0 165732 0.0} {107835 0.0 110220 0.0 165120 0.0 167505 0.0} {110700 0.0 113768 0.0 167985 0.0 171053 0.0} {116428 0.0 120861 0.0 173713 0.0 178146 0.0}} {1 0 0 0 0 0 0 0 0 3722 4285 11213 13373 33685 40639 101102 122436} {0 0 1.0 5 0.0 1.0 1.0 1.0 1.0 4.6 1.9 2.0 31 31 62 61 2000 1 2 2 0 0 0 0 0 0 0 0 -111111111 X 0 0} 0 {2 0 X} {-111111111 -111111111}
::rc_st::fg::map_reify_hier_drvr_info {1 . A 23} {2 -1840559247 -340034827} {{107197 0.0 106063 0.0 164482 0.0 163348 0.0} {107315 0.0 106170 0.0 164600 0.0 163455 0.0} {107544 0.0 106407 0.0 164829 0.0 163692 0.0} {107964 0.0 106869 0.0 165249 0.0 164154 0.0} {108594 0.0 107594 0.0 165879 0.0 164879 0.0} {109608 0.0 108712 0.0 166893 0.0 165997 0.0} {111636 0.0 110949 0.0 168921 0.0 168234 0.0} {115692 0.0 115423 0.0 172977 0.0 172708 0.0}} {1 0 0 0 0 0 0 0 0 2704 2667 7900 7458 23487 21831 70248 64949} {0 0 1.0 5 0.0 1.0 1.0 1.0 1.0 4.6 1.9 2.0 30 30 30 30 1000 1 1 1 0 0 0 0 0 0 0 0 -111111111 X 0 0} 0 {2 0 X} {-111111111 -111111111}
::rc_st::fg::map_reify_hier_drvr_info {1 . A 24} {2 -1840559247 -340034827} {{101644 0.0 102090 0.0 158929 0.0 159375 0.0} {101758 0.0 102196 0.0 159043 0.0 159481 0.0} {101945 0.0 102406 0.0 159230 0.0 159691 0.0} {102266 0.0 102784 0.0 159551 0.0 160069 0.0} {102739 0.0 103292 0.0 160024 0.0 160577 0.0} {103499 0.0 104041 0.0 160784 0.0 161326 0.0} {105022 0.0 105539 0.0 162307 0.0 162824 0.0} {108064 0.0 108536 0.0 165349 0.0 165821 0.0}} {1 0 0 0 0 0 0 0 0 916 0 5750 4684 17226 13633 51655 40480} {0 0 1.0 5 0.0 1.0 1.0 1.0 1.0 4.6 1.9 2.0 58 58 58 58 1000 1 1 1 0 0 0 0 0 0 0 0 -111111111 X 0 0} 0 {2 0 X} {-111111111 -111111111}
::rc_st::fg::map_reify_hier_drvr_info {1 . A 25} {2 -1840559247 -340034827} {{101973 0.0 103262 0.0 159258 0.0 160547 0.0} {102093 0.0 103340 0.0 159378 0.0 160625 0.0} {102321 0.0 103515 0.0 159606 0.0 160800 0.0} {102746 0.0 103919 0.0 160031 0.0 161204 0.0} {103382 0.0 104701 0.0 160667 0.0 161986 0.0} {104399 0.0 106057 0.0 161684 0.0 163342 0.0} {106431 0.0 108768 0.0 163716 0.0 166053 0.0} {110494 0.0 114189 0.0 167779 0.0 171474 0.0}} {1 0 0 0 0 0 0 0 0 4353 4266 13311 12787 40186 39662 120811 120287} {0 0 1.0 5 0.0 1.0 1.0 1.0 1.0 4.6 1.9 2.0 31 31 80 79 3000 1 3 3 0 0 0 0 0 0 0 0 -111111111 X 0 0} 0 {2 0 X} {-111111111 -111111111}
::rc_st::fg::map_reify_hier_drvr_info {1 . A 26} {2 -1840559247 -340034827} {{107808 0.0 110719 0.0 165093 0.0 168004 0.0} {107929 0.0 110812 0.0 165214 0.0 168097 0.0} {108172 0.0 110980 0.0 165457 0.0 168265 0.0} {108619 0.0 111296 0.0 165904 0.0 168581 0.0} {109345 0.0 111860 0.0 166630 0.0 169145 0.0} {110545 0.0 112848 0.0 167830 0.0 170133 0.0} {112945 0.0 114824 0.0 170230 0.0 172109 0.0} {117744 0.0 119045 0.0 175029 0.0 176330 0.0}} {1 0 0 0 0 0 0 0 0 3700 3536 11240 10358 33858 30822 101712 92213} {0 0 1.0 5 0.0 1.0 1.0 1.0 1.0 4.6 1.9 2.0 31 30 50 49 2000 1 2 2 0 0 0 0 0 0 0 0 -111111111 X 0 0} 0 {2 0 X} {-111111111 -111111111}
::rc_st::fg::map_reify_hier_drvr_info {1 . A 27} {2 -1840559247 -340034827} {{107463 0.0 109163 0.0 164748 0.0 166448 0.0} {107579 0.0 109270 0.0 164864 0.0 166555 0.0} {107785 0.0 109492 0.0 165070 0.0 166777 0.0} {108153 0.0 109916 0.0 165438 0.0 167201 0.0} {108702 0.0 110533 0.0 165987 0.0 167818 0.0} {109586 0.0 111466 0.0 166871 0.0 168751 0.0} {111352 0.0 113331 0.0 168637 0.0 170616 0.0} {114885 0.0 117062 0.0 172170 0.0 174347 0.0}} {1 0 0 0 0 0 0 0 0 2259 2153 6757 6033 20253 17674 60740 52596} {0 0 1.0 5 0.0 1.0 1.0 1.0 1.0 4.6 1.9 2.0 58 58 58 58 1000 1 1 1 0 0 0 0 0 0 0 0 -111111111 X 0 0} 0 {2 0 X} {-111111111 -111111111}
::rc_st::fg::map_reify_hier_drvr_info {1 . A 28} {2 -1840559247 -340034827} {{106180 0.0 108772 0.0 163465 0.0 166057 0.0} {106294 0.0 108878 0.0 163579 0.0 166163 0.0} {106482 0.0 109100 0.0 163767 0.0 166385 0.0} {106806 0.0 109476 0.0 164091 0.0 166761 0.0} {107274 0.0 109978 0.0 164559 0.0 167263 0.0} {108219 0.0 110962 0.0 165504 0.0 168247 0.0} {110605 0.0 113892 0.0 167890 0.0 171177 0.0} {115375 0.0 119751 0.0 172660 0.0 177036 0.0}} {1 0 0 0 0 0 0 0 0 3202 3511 9730 10153 29314 30080 88064 89862} {0 0 1.0 5 0.0 1.0 1.0 1.0 1.0 4.6 1.9 2.0 58 58 89 88 2000 1 2 2 0 0 0 0 0 0 0 0 -111111111 X 0 0} 0 {2 0 X} {-111111111 -111111111}
::rc_st::fg::map_reify_hier_drvr_info {1 . A 29} {2 -1840559247 -340034827} {{108032 0.0 110622 0.0 165317 0.0 167907 0.0} {108146 0.0 110728 0.0 165431 0.0 168013 0.0} {108334 0.0 110950 0.0 165619 0.0 168235 0.0} {108658 0.0 111326 0.0 165943 0.0 168611 0.0} {109126 0.0 111828 0.0 166411 0.0 169113 0.0} {110062 0.0 112804 0.0 167347 0.0 170089 0.0} {112448 0.0 115734 0.0 169733 0.0 173019 0.0} {117218 0.0 121593 0.0 174503 0.0 178878 0.0}} {1 0 0 0 0 0 0 0 0 3202 3511 9730 10153 29314 30080 88064 89862} {0 0 1.0 5 0.0 1.0 1.0 1.0 1.0 4.6 1.9 2.0 58 58 89 88 2000 1 2 2 0 0 0 0 0 0 0 0 -111111111 X 0 0} 0 {2 0 X} {-111111111 -111111111}
::rc_st::fg::map_reify_hier_drvr_info {1 . A 30} {2 -1840559247 -340034827} {{110461 0.0 113566 0.0 167746 0.0 170851 0.0} {110557 0.0 113662 0.0 167842 0.0 170947 0.0} {110756 0.0 113836 0.0 168041 0.0 171121 0.0} {111139 0.0 114161 0.0 168424 0.0 171446 0.0} {111854 0.0 114776 0.0 169139 0.0 172061 0.0} {113196 0.0 115959 0.0 170481 0.0 173244 0.0} {115880 0.0 118325 0.0 173165 0.0 175610 0.0} {121250 0.0 123057 0.0 178535 0.0 180342 0.0}} {1 0 0 0 0 0 0 0 0 3944 3995 12350 12268 37569 37087 113225 111545} {0 0 1.0 5 0.0 1.0 1.0 1.0 1.0 4.6 1.9 2.0 64 64 64 64 1000 1 1 1 0 0 0 0 0 0 0 0 -111111111 X 0 0} 0 {2 0 X} {-111111111 -111111111}
::rc_st::fg::map_reify_hier_drvr_info {1 . A 31} {2 -1840559247 -340034827} {{113456 0.0 116783 0.0 170741 0.0 174068 0.0} {113567 0.0 116888 0.0 170852 0.0 174173 0.0} {113745 0.0 117089 0.0 171030 0.0 174374 0.0} {114048 0.0 117443 0.0 171333 0.0 174728 0.0} {114493 0.0 117912 0.0 171778 0.0 175197 0.0} {115209 0.0 118597 0.0 172494 0.0 175882 0.0} {116640 0.0 119969 0.0 173925 0.0 177254 0.0} {119502 0.0 122712 0.0 176787 0.0 179997 0.0}} {1 0 0 0 0 0 0 0 0 868 0 5385 4225 16130 12275 48364 36424} {0 0 1.0 5 0.0 1.0 1.0 1.0 1.0 4.6 1.9 2.0 58 58 58 58 1000 1 1 1 0 0 0 0 0 0 0 0 -111111111 X 0 0} 0 {2 0 X} {-111111111 -111111111}
::rc_st::fg::map_reify_hier_drvr_info {1 . B 0} {2 -1840559247 -340034827} {{59832 0.0 59833 0.0 117117 0.0 117118 0.0} {59953 0.0 59953 0.0 117238 0.0 117238 0.0} {60168 0.0 60168 0.0 117453 0.0 117453 0.0} {60513 0.0 60514 0.0 117798 0.0 117799 0.0} {61023 0.0 61034 0.0 118308 0.0 118319 0.0} {61991 0.0 61985 0.0 119276 0.0 119270 0.0} {64529 0.0 64523 0.0 121814 0.0 121808 0.0} {69608 0.0 69602 0.0 126893 0.0 126887 0.0}} {1 0 0 0 0 0 0 0 0 3833 3608 11589 11364 34854 34629 104650 104425} {0 0 1.0 5 0.0 1.0 1.0 1.0 1.0 4.6 1.9 2.0 39 39 39 39 1000 1 1 1 0 0 0 0 0 0 0 0 -111111111 X 0 0} 0 {2 0 X} {-111111111 -111111111}
::rc_st::fg::map_reify_hier_drvr_info {1 . B 1} {2 -1840559247 -340034827} {{60603 0.0 60038 0.0 117888 0.0 117323 0.0} {60717 0.0 60144 0.0 118002 0.0 117429 0.0} {60906 0.0 60354 0.0 118191 0.0 117639 0.0} {61231 0.0 60736 0.0 118516 0.0 118021 0.0} {61710 0.0 61256 0.0 118995 0.0 118541 0.0} {62479 0.0 62022 0.0 119764 0.0 119307 0.0} {64018 0.0 63553 0.0 121303 0.0 120838 0.0} {67096 0.0 66617 0.0 124381 0.0 123902 0.0}} {1 0 0 0 0 0 0 0 0 0 0 5815 4811 17426 14014 52258 41624} {0 0 1.0 5 0.0 1.0 1.0 1.0 1.0 4.6 1.9 2.0 58 58 58 58 1000 1 1 1 0 0 0 0 0 0 0 0 -111111111 X 0 0} 0 {2 0 X} {-111111111 -111111111}
::rc_st::fg::map_reify_hier_drvr_info {1 . B 2} {2 -1840559247 -340034827} {{64747 0.0 63748 0.0 122032 0.0 121033 0.0} {64865 0.0 63855 0.0 122150 0.0 121140 0.0} {65096 0.0 64092 0.0 122381 0.0 121377 0.0} {65521 0.0 64559 0.0 122806 0.0 121844 0.0} {66161 0.0 65300 0.0 123446 0.0 122585 0.0} {67191 0.0 66451 0.0 124476 0.0 123736 0.0} {69252 0.0 68754 0.0 126537 0.0 126039 0.0} {73373 0.0 73356 0.0 130658 0.0 130641 0.0}} {1 0 0 0 0 0 0 0 0 2749 2744 8034 7694 23888 22545 71450 67099} {0 0 1.0 5 0.0 1.0 1.0 1.0 1.0 4.6 1.9 2.0 30 30 30 30 1000 1 1 1 0 0 0 0 0 0 0 0 -111111111 X 0 0} 0 {2 0 X} {-111111111 -111111111}
::rc_st::fg::map_reify_hier_drvr_info {1 . B 3} {2 -1840559247 -340034827} {{68657 0.0 66990 0.0 125942 0.0 124275 0.0} {68775 0.0 67097 0.0 126060 0.0 124382 0.0} {69006 0.0 67334 0.0 126291 0.0 124619 0.0} {69431 0.0 67801 0.0 126716 0.0 125086 0.0} {70071 0.0 68542 0.0 127356 0.0 125827 0.0} {71101 0.0 69693 0.0 128386 0.0 126978 0.0} {73162 0.0 71996 0.0 130447 0.0 129281 0.0} {77283 0.0 76598 0.0 134568 0.0 133883 0.0}} {1 0 0 0 0 0 0 0 0 2749 2744 8034 7694 23888 22545 71450 67099} {0 0 1.0 5 0.0 1.0 1.0 1.0 1.0 4.6 1.9 2.0 30 30 30 30 1000 1 1 1 0 0 0 0 0 0 0 0 -111111111 X 0 0} 0 {2 0 X} {-111111111 -111111111}
::rc_st::fg::map_reify_hier_drvr_info {1 . B 4} {2 -1840559247 -340034827} {{72567 0.0 70232 0.0 129852 0.0 127517 0.0} {72685 0.0 70339 0.0 129970 0.0 127624 0.0} {72916 0.0 70576 0.0 130201 0.0 127861 0.0} {73341 0.0 71043 0.0 130626 0.0 128328 0.0} {73981 0.0 71784 0.0 131266 0.0 129069 0.0} {75011 0.0 72935 0.0 132296 0.0 130220 0.0} {77072 0.0 75238 0.0 134357 0.0 132523 0.0} {81193 0.0 79840 0.0 138478 0.0 137125 0.0}} {1 0 0 0 0 0 0 0 0 2749 2744 8034 7694 23888 22545 71450 67099} {0 0 1.0 5 0.0 1.0 1.0 1.0 1.0 4.6 1.9 2.0 30 30 30 30 1000 1 1 1 0 0 0 0 0 0 0 0 -111111111 X 0 0} 0 {2 0 X} {-111111111 -111111111}
::rc_st::fg::map_reify_hier_drvr_info {1 . B 5} {2 -1840559247 -340034827} {{76477 0.0 73474 0.0 133762 0.0 130759 0.0} {76595 0.0 73581 0.0 133880 0.0 130866 0.0} {76826 0.0 73818 0.0 134111 0.0 131103 0.0} {77251 0.0 74285 0.0 134536 0.0 131570 0.0} {77891 0.0 75026 0.0 135176 0.0 132311 0.0} {78921 0.0 76177 0.0 136206 0.0 133462 0.0} {80982 0.0 78480 0.0 138267 0.0 135765 0.0} {85103 0.0 83082 0.0 142388 0.0 140367 0.0}} {1 0 0 0 0 0 0 0 0 2749 2744 8034 7694 23888 22545 71450 67099} {0 0 1.0 5 0.0 1.0 1.0 1.0 1.0 4.6 1.9 2.0 30 30 30 30 1000 1 1 1 0 0 0 0 0 0 0 0 -111111111 X 0 0} 0 {2 0 X} {-111111111 -111111111}
::rc_st::fg::map_reify_hier_drvr_info {1 . B 6} {2 -1840559247 -340034827} {{80387 0.0 76716 0.0 137672 0.0 134001 0.0} {80505 0.0 76823 0.0 137790 0.0 134108 0.0} {80736 0.0 77060 0.0 138021 0.0 134345 0.0} {81161 0.0 77527 0.0 138446 0.0 134812 0.0} {81801 0.0 78268 0.0 139086 0.0 135553 0.0} {82831 0.0 79419 0.0 140116 0.0 136704 0.0} {84892 0.0 81722 0.0 142177 0.0 139007 0.0} {89013 0.0 86324 0.0 146298 0.0 143609 0.0}} {1 0 0 0 0 0 0 0 0 2749 2744 8034 7694 23888 22545 71450 67099} {0 0 1.0 5 0.0 1.0 1.0 1.0 1.0 4.6 1.9 2.0 30 30 30 30 1000 1 1 1 0 0 0 0 0 0 0 0 -111111111 X 0 0} 0 {2 0 X} {-111111111 -111111111}
::rc_st::fg::map_reify_hier_drvr_info {1 . B 7} {2 -1840559247 -340034827} {{84297 0.0 79958 0.0 141582 0.0 137243 0.0} {84415 0.0 80065 0.0 141700 0.0 137350 0.0} {84646 0.0 80302 0.0 141931 0.0 137587 0.0} {85071 0.0 80769 0.0 142356 0.0 138054 0.0} {85711 0.0 81510 0.0 142996 0.0 138795 0.0} {86741 0.0 82661 0.0 144026 0.0 139946 0.0} {88802 0.0 84964 0.0 146087 0.0 142249 0.0} {92923 0.0 89566 0.0 150208 0.0 146851 0.0}} {1 0 0 0 0 0 0 0 0 2749 2744 8034 7694 23888 22545 71450 67099} {0 0 1.0 5 0.0 1.0 1.0 1.0 1.0 4.6 1.9 2.0 30 30 30 30 1000 1 1 1 0 0 0 0 0 0 0 0 -111111111 X 0 0} 0 {2 0 X} {-111111111 -111111111}
::rc_st::fg::map_reify_hier_drvr_info {1 . B 8} {2 -1840559247 -340034827} {{91530 0.0 88749 0.0 148815 0.0 146034 0.0} {91645 0.0 88855 0.0 148930 0.0 146140 0.0} {91839 0.0 89068 0.0 149124 0.0 146353 0.0} {92176 0.0 89462 0.0 149461 0.0 146747 0.0} {92677 0.0 90007 0.0 149962 0.0 147292 0.0} {93479 0.0 90817 0.0 150764 0.0 148102 0.0} {95085 0.0 92435 0.0 152370 0.0 149720 0.0} {98295 0.0 95673 0.0 155580 0.0 152958 0.0}} {1 0 0 0 0 0 0 0 0 2035 0 6089 5135 18248 14984 54727 44531} {0 0 1.0 5 0.0 1.0 1.0 1.0 1.0 4.6 1.9 2.0 58 58 58 58 1000 1 1 1 0 0 0 0 0 0 0 0 -111111111 X 0 0} 0 {2 0 X} {-111111111 -111111111}
::rc_st::fg::map_reify_hier_drvr_info {1 . B 9} {2 -1840559247 -340034827} {{90431 0.0 88957 0.0 147716 0.0 146242 0.0} {90530 0.0 89066 0.0 147815 0.0 146351 0.0} {90715 0.0 89289 0.0 148000 0.0 146574 0.0} {91093 0.0 89776 0.0 148378 0.0 147061 0.0} {91815 0.0 90726 0.0 149100 0.0 148011 0.0} {93145 0.0 92446 0.0 150430 0.0 149731 0.0} {95805 0.0 95884 0.0 153090 0.0 153169 0.0} {101126 0.0 102760 0.0 158411 0.0 160045 0.0}} {1 0 0 0 0 0 0 0 0 4274 4045 13109 12089 39614 36220 119130 108612} {0 0 1.0 5 0.0 1.0 1.0 1.0 1.0 4.6 1.9 2.0 31 30 50 49 2000 1 2 2 0 0 0 0 0 0 0 0 -111111111 X 0 0} 0 {2 0 X} {-111111111 -111111111}
::rc_st::fg::map_reify_hier_drvr_info {1 . B 10} {2 -1840559247 -340034827} {{91643 0.0 90240 0.0 148928 0.0 147525 0.0} {91751 0.0 90346 0.0 149036 0.0 147631 0.0} {91954 0.0 90565 0.0 149239 0.0 147850 0.0} {92315 0.0 91016 0.0 149600 0.0 148301 0.0} {92848 0.0 91846 0.0 150133 0.0 149131 0.0} {93706 0.0 93307 0.0 150991 0.0 150592 0.0} {95460 0.0 96228 0.0 152745 0.0 153513 0.0} {99028 0.0 102069 0.0 156313 0.0 159354 0.0}} {1 0 0 0 0 0 0 0 0 2696 4471 8217 13549 24779 40782 74465 122480} {0 0 1.0 5 0.0 1.0 1.0 1.0 1.0 4.6 1.9 2.0 30 30 56 56 2000 1 2 2 0 0 0 0 0 0 0 0 -111111111 X 0 0} 0 {2 0 X} {-111111111 -111111111}
::rc_st::fg::map_reify_hier_drvr_info {1 . B 11} {2 -1840559247 -340034827} {{92528 0.0 90430 0.0 149813 0.0 147715 0.0} {92643 0.0 90536 0.0 149928 0.0 147821 0.0} {92837 0.0 90749 0.0 150122 0.0 148034 0.0} {93174 0.0 91143 0.0 150459 0.0 148428 0.0} {93675 0.0 91688 0.0 150960 0.0 148973 0.0} {94477 0.0 92498 0.0 151762 0.0 149783 0.0} {96083 0.0 94116 0.0 153368 0.0 151401 0.0} {99293 0.0 97354 0.0 156578 0.0 154639 0.0}} {1 0 0 0 0 0 0 0 0 2035 0 6089 5135 18248 14984 54727 44531} {0 0 1.0 5 0.0 1.0 1.0 1.0 1.0 4.6 1.9 2.0 58 58 58 58 1000 1 1 1 0 0 0 0 0 0 0 0 -111111111 X 0 0} 0 {2 0 X} {-111111111 -111111111}
::rc_st::fg::map_reify_hier_drvr_info {1 . B 12} {2 -1840559247 -340034827} {{97903 0.0 97445 0.0 155188 0.0 154730 0.0} {98018 0.0 97551 0.0 155303 0.0 154836 0.0} {98212 0.0 97764 0.0 155497 0.0 155049 0.0} {98549 0.0 98158 0.0 155834 0.0 155443 0.0} {99050 0.0 98703 0.0 156335 0.0 155988 0.0} {99852 0.0 99513 0.0 157137 0.0 156798 0.0} {101458 0.0 101131 0.0 158743 0.0 158416 0.0} {104668 0.0 104369 0.0 161953 0.0 161654 0.0}} {1 0 0 0 0 0 0 0 0 2035 0 6089 5135 18248 14984 54727 44531} {0 0 1.0 5 0.0 1.0 1.0 1.0 1.0 4.6 1.9 2.0 58 58 58 58 1000 1 1 1 0 0 0 0 0 0 0 0 -111111111 X 0 0} 0 {2 0 X} {-111111111 -111111111}
::rc_st::fg::map_reify_hier_drvr_info {1 . B 13} {2 -1840559247 -340034827} {{98259 0.0 98612 0.0 155544 0.0 155897 0.0} {98374 0.0 98719 0.0 155659 0.0 156004 0.0} {98567 0.0 98932 0.0 155852 0.0 156217 0.0} {98904 0.0 99326 0.0 156189 0.0 156611 0.0} {99403 0.0 99871 0.0 156688 0.0 157156 0.0} {100207 0.0 100683 0.0 157492 0.0 157968 0.0} {101815 0.0 102307 0.0 159100 0.0 159592 0.0} {105030 0.0 105554 0.0 162315 0.0 162839 0.0}} {1 0 0 0 0 0 0 0 0 2038 0 6100 5143 18285 15013 54842 44623} {0 0 1.0 5 0.0 1.0 1.0 1.0 1.0 4.6 1.9 2.0 58 58 58 58 1000 1 1 1 0 0 0 0 0 0 0 0 -111111111 X 0 0} 0 {2 0 X} {-111111111 -111111111}
::rc_st::fg::map_reify_hier_drvr_info {1 . B 14} {2 -1840559247 -340034827} {{100613 0.0 99177 0.0 157898 0.0 156462 0.0} {100731 0.0 99284 0.0 158016 0.0 156569 0.0} {100966 0.0 99520 0.0 158251 0.0 156805 0.0} {101407 0.0 99996 0.0 158692 0.0 157281 0.0} {102077 0.0 100772 0.0 159362 0.0 158057 0.0} {103157 0.0 101988 0.0 160442 0.0 159273 0.0} {105316 0.0 104418 0.0 162601 0.0 161703 0.0} {109634 0.0 109280 0.0 166919 0.0 166565 0.0}} {1 0 0 0 0 0 0 0 0 2884 2898 8435 8168 25089 23975 75052 71399} {0 0 1.0 5 0.0 1.0 1.0 1.0 1.0 4.6 1.9 2.0 30 30 30 30 1000 1 1 1 0 0 0 0 0 0 0 0 -111111111 X 0 0} 0 {2 0 X} {-111111111 -111111111}
::rc_st::fg::map_reify_hier_drvr_info {1 . B 15} {2 -1840559247 -340034827} {{98410 0.0 98547 0.0 155695 0.0 155832 0.0} {98524 0.0 98653 0.0 155809 0.0 155938 0.0} {98710 0.0 98862 0.0 155995 0.0 156147 0.0} {99028 0.0 99238 0.0 156313 0.0 156523 0.0} {99496 0.0 99740 0.0 156781 0.0 157025 0.0} {100251 0.0 100479 0.0 157536 0.0 157764 0.0} {101759 0.0 101958 0.0 159044 0.0 159243 0.0} {104776 0.0 104915 0.0 162061 0.0 162200 0.0}} {1 0 0 0 0 0 0 0 0 909 0 5692 4610 17059 13417 51160 39839} {0 0 1.0 5 0.0 1.0 1.0 1.0 1.0 4.6 1.9 2.0 58 58 58 58 1000 1 1 1 0 0 0 0 0 0 0 0 -111111111 X 0 0} 0 {2 0 X} {-111111111 -111111111}
::rc_st::fg::map_reify_hier_drvr_info {1 . B 16} {2 -1840559247 -340034827} {{100039 0.0 97897 0.0 157324 0.0 155182 0.0} {100155 0.0 98003 0.0 157440 0.0 155288 0.0} {100355 0.0 98224 0.0 157640 0.0 155509 0.0} {100711 0.0 98639 0.0 157996 0.0 155924 0.0} {101235 0.0 99223 0.0 158520 0.0 156508 0.0} {102079 0.0 100093 0.0 159364 0.0 157378 0.0} {103767 0.0 101831 0.0 161052 0.0 159116 0.0} {107143 0.0 105741 0.0 164428 0.0 163026 0.0}} {1 0 0 0 0 0 0 0 0 3145 2888 9456 8614 28388 25791 85184 77322} {0 0 1.0 5 0.0 1.0 1.0 1.0 1.0 4.6 1.9 2.0 30 30 60 60 2000 1 2 2 0 0 0 0 0 0 0 0 -111111111 X 0 0} 0 {2 0 X} {-111111111 -111111111}
::rc_st::fg::map_reify_hier_drvr_info {1 . B 17} {2 -1840559247 -340034827} {{101642 0.0 99031 0.0 158927 0.0 156316 0.0} {101760 0.0 99138 0.0 159045 0.0 156423 0.0} {101995 0.0 99374 0.0 159280 0.0 156659 0.0} {102436 0.0 99850 0.0 159721 0.0 157135 0.0} {103106 0.0 100626 0.0 160391 0.0 157911 0.0} {104186 0.0 101842 0.0 161471 0.0 159127 0.0} {106345 0.0 104272 0.0 163630 0.0 161557 0.0} {110663 0.0 109134 0.0 167948 0.0 166419 0.0}} {1 0 0 0 0 0 0 0 0 2884 2898 8435 8168 25089 23975 75052 71399} {0 0 1.0 5 0.0 1.0 1.0 1.0 1.0 4.6 1.9 2.0 30 30 30 30 1000 1 1 1 0 0 0 0 0 0 0 0 -111111111 X 0 0} 0 {2 0 X} {-111111111 -111111111}
::rc_st::fg::map_reify_hier_drvr_info {1 . B 18} {2 -1840559247 -340034827} {{101254 0.0 99734 0.0 158539 0.0 157019 0.0} {101351 0.0 99826 0.0 158636 0.0 157111 0.0} {101536 0.0 99995 0.0 158821 0.0 157280 0.0} {101909 0.0 100337 0.0 159194 0.0 157622 0.0} {102591 0.0 101102 0.0 159876 0.0 158387 0.0} {103798 0.0 102594 0.0 161083 0.0 159879 0.0} {106212 0.0 105578 0.0 163497 0.0 162863 0.0} {111042 0.0 111546 0.0 168327 0.0 168831 0.0}} {1 0 0 0 0 0 0 0 0 3185 3528 9801 10319 29652 30694 89203 91817} {0 0 1.0 5 0.0 1.0 1.0 1.0 1.0 4.6 1.9 2.0 31 30 61 60 2000 1 2 2 0 0 0 0 0 0 0 0 -111111111 X 0 0} 0 {2 0 X} {-111111111 -111111111}
::rc_st::fg::map_reify_hier_drvr_info {1 . B 19} {2 -1840559247 -340034827} {{100303 0.0 101275 0.0 157588 0.0 158560 0.0} {100421 0.0 101368 0.0 157706 0.0 158653 0.0} {100662 0.0 101537 0.0 157947 0.0 158822 0.0} {101146 0.0 101877 0.0 158431 0.0 159162 0.0} {101951 0.0 102551 0.0 159236 0.0 159836 0.0} {103269 0.0 103837 0.0 160554 0.0 161122 0.0} {105906 0.0 106410 0.0 163191 0.0 163695 0.0} {111177 0.0 111555 0.0 168462 0.0 168840 0.0}} {1 0 0 0 0 0 0 0 0 3431 3158 10354 9562 31124 28776 93432 86417} {0 0 1.0 5 0.0 1.0 1.0 1.0 1.0 4.6 1.9 2.0 30 30 60 60 2000 1 2 2 0 0 0 0 0 0 0 0 -111111111 X 0 0} 0 {2 0 X} {-111111111 -111111111}
::rc_st::fg::map_reify_hier_drvr_info {1 . B 20} {2 -1840559247 -340034827} {{103078 0.0 102721 0.0 160363 0.0 160006 0.0} {103193 0.0 102826 0.0 160478 0.0 160111 0.0} {103386 0.0 103039 0.0 160671 0.0 160324 0.0} {103723 0.0 103432 0.0 161008 0.0 160717 0.0} {104220 0.0 103974 0.0 161505 0.0 161259 0.0} {105020 0.0 104778 0.0 162305 0.0 162063 0.0} {106619 0.0 106388 0.0 163904 0.0 163673 0.0} {109816 0.0 109607 0.0 167101 0.0 166892 0.0}} {1 0 0 0 0 0 0 0 0 946 0 6061 5099 18166 14876 54480 44208} {0 0 1.0 5 0.0 1.0 1.0 1.0 1.0 4.6 1.9 2.0 58 58 58 58 1000 1 1 1 0 0 0 0 0 0 0 0 -111111111 X 0 0} 0 {2 0 X} {-111111111 -111111111}
::rc_st::fg::map_reify_hier_drvr_info {1 . B 21} {2 -1840559247 -340034827} {{103426 0.0 103637 0.0 160711 0.0 160922 0.0} {103525 0.0 103746 0.0 160810 0.0 161031 0.0} {103711 0.0 103969 0.0 160996 0.0 161254 0.0} {104089 0.0 104456 0.0 161374 0.0 161741 0.0} {104818 0.0 105419 0.0 162103 0.0 162704 0.0} {106169 0.0 107187 0.0 163454 0.0 164472 0.0} {108870 0.0 110722 0.0 166155 0.0 168007 0.0} {114271 0.0 117794 0.0 171556 0.0 175079 0.0}} {1 0 0 0 0 0 0 0 0 3571 4163 11042 12475 33507 37411 100903 112219} {0 0 1.0 5 0.0 1.0 1.0 1.0 1.0 4.6 1.9 2.0 31 30 61 60 2000 1 2 2 0 0 0 0 0 0 0 0 -111111111 X 0 0} 0 {2 0 X} {-111111111 -111111111}
::rc_st::fg::map_reify_hier_drvr_info {1 . B 22} {2 -1840559247 -340034827} {{107963 0.0 106113 0.0 165248 0.0 163398 0.0} {108081 0.0 106220 0.0 165366 0.0 163505 0.0} {108316 0.0 106456 0.0 165601 0.0 163741 0.0} {108757 0.0 106932 0.0 166042 0.0 164217 0.0} {109427 0.0 107708 0.0 166712 0.0 164993 0.0} {110507 0.0 108924 0.0 167792 0.0 166209 0.0} {112666 0.0 111354 0.0 169951 0.0 168639 0.0} {116984 0.0 116216 0.0 174269 0.0 173501 0.0}} {1 0 0 0 0 0 0 0 0 2884 2898 8435 8168 25089 23975 75052 71399} {0 0 1.0 5 0.0 1.0 1.0 1.0 1.0 4.6 1.9 2.0 30 30 30 30 1000 1 1 1 0 0 0 0 0 0 0 0 -111111111 X 0 0} 0 {2 0 X} {-111111111 -111111111}
::rc_st::fg::map_reify_hier_drvr_info {1 . B 23} {2 -1840559247 -340034827} {{104959 0.0 106670 0.0 162244 0.0 163955 0.0} {105081 0.0 106763 0.0 162366 0.0 164048 0.0} {105324 0.0 106931 0.0 162609 0.0 164216 0.0} {105770 0.0 107248 0.0 163055 0.0 164533 0.0} {106498 0.0 107809 0.0 163783 0.0 165094 0.0} {107700 0.0 108788 0.0 164985 0.0 166073 0.0} {110101 0.0 110746 0.0 167386 0.0 168031 0.0} {114904 0.0 115778 0.0 172189 0.0 173063 0.0}} {1 0 0 0 0 0 0 0 0 3689 3647 11220 10736 33814 32005 101594 95812} {0 0 1.0 5 0.0 1.0 1.0 1.0 1.0 4.6 1.9 2.0 31 30 50 49 2000 1 2 2 0 0 0 0 0 0 0 0 -111111111 X 0 0} 0 {2 0 X} {-111111111 -111111111}
::rc_st::fg::map_reify_hier_drvr_info {1 . B 24} {2 -1840559247 -340034827} {{101442 0.0 101341 0.0 158727 0.0 158626 0.0} {101540 0.0 101434 0.0 158825 0.0 158719 0.0} {101725 0.0 101602 0.0 159010 0.0 158887 0.0} {102097 0.0 101919 0.0 159382 0.0 159204 0.0} {102774 0.0 102478 0.0 160059 0.0 159763 0.0} {103967 0.0 103539 0.0 161252 0.0 160824 0.0} {106352 0.0 106469 0.0 163637 0.0 163754 0.0} {111123 0.0 112329 0.0 168408 0.0 169614 0.0}} {1 0 0 0 0 0 0 0 0 3687 3460 11211 10102 33784 30029 101502 89811} {0 0 1.0 5 0.0 1.0 1.0 1.0 1.0 4.6 1.9 2.0 31 30 50 49 2000 1 2 2 0 0 0 0 0 0 0 0 -111111111 X 0 0} 0 {2 0 X} {-111111111 -111111111}
::rc_st::fg::map_reify_hier_drvr_info {1 . B 25} {2 -1840559247 -340034827} {{103960 0.0 102851 0.0 161245 0.0 160136 0.0} {104075 0.0 102956 0.0 161360 0.0 160241 0.0} {104268 0.0 103176 0.0 161553 0.0 160461 0.0} {104608 0.0 103569 0.0 161893 0.0 160854 0.0} {105104 0.0 104111 0.0 162389 0.0 161396 0.0} {105904 0.0 104915 0.0 163189 0.0 162200 0.0} {107503 0.0 106525 0.0 164788 0.0 163810 0.0} {110701 0.0 109744 0.0 167986 0.0 167029 0.0}} {1 0 0 0 0 0 0 0 0 3838 3652 11738 11552 35436 35250 106530 106344} {0 0 1.0 5 0.0 1.0 1.0 1.0 1.0 4.6 1.9 2.0 58 58 97 97 2000 1 2 2 0 0 0 0 0 0 0 0 -111111111 X 0 0} 0 {2 0 X} {-111111111 -111111111}
::rc_st::fg::map_reify_hier_drvr_info {1 . B 26} {2 -1840559247 -340034827} {{111246 0.0 108911 0.0 168531 0.0 166196 0.0} {111364 0.0 109018 0.0 168649 0.0 166303 0.0} {111593 0.0 109255 0.0 168878 0.0 166540 0.0} {112013 0.0 109717 0.0 169298 0.0 167002 0.0} {112643 0.0 110442 0.0 169928 0.0 167727 0.0} {113657 0.0 111560 0.0 170942 0.0 168845 0.0} {115685 0.0 113797 0.0 172970 0.0 171082 0.0} {119741 0.0 118271 0.0 177026 0.0 175556 0.0}} {1 0 0 0 0 0 0 0 0 2704 2667 7900 7458 23487 21831 70248 64949} {0 0 1.0 5 0.0 1.0 1.0 1.0 1.0 4.6 1.9 2.0 30 30 30 30 1000 1 1 1 0 0 0 0 0 0 0 0 -111111111 X 0 0} 0 {2 0 X} {-111111111 -111111111}
::rc_st::fg::map_reify_hier_drvr_info {1 . B 27} {2 -1840559247 -340034827} {{108183 0.0 107046 0.0 165468 0.0 164331 0.0} {108284 0.0 107141 0.0 165569 0.0 164426 0.0} {108491 0.0 107311 0.0 165776 0.0 164596 0.0} {108900 0.0 107642 0.0 166185 0.0 164927 0.0} {109556 0.0 108326 0.0 166841 0.0 165611 0.0} {110606 0.0 109720 0.0 167891 0.0 167005 0.0} {113011 0.0 112507 0.0 170296 0.0 169792 0.0} {118890 0.0 118082 0.0 176175 0.0 175367 0.0}} {1 0 0 0 0 0 0 0 0 3821 3509 11569 10805 34814 32691 104549 98351} {0 0 1.0 5 0.0 1.0 1.0 1.0 1.0 4.6 1.9 2.0 60 60 90 90 2000 1 2 2 0 0 0 0 0 0 0 0 -111111111 X 0 0} 0 {2 0 X} {-111111111 -111111111}
::rc_st::fg::map_reify_hier_drvr_info {1 . B 28} {2 -1840559247 -340034827} {{108284 0.0 106483 0.0 165569 0.0 163768 0.0} {108400 0.0 106589 0.0 165685 0.0 163874 0.0} {108603 0.0 106816 0.0 165888 0.0 164101 0.0} {108965 0.0 107236 0.0 166250 0.0 164521 0.0} {109498 0.0 107834 0.0 166783 0.0 165119 0.0} {110396 0.0 108724 0.0 167681 0.0 166009 0.0} {112454 0.0 110504 0.0 169739 0.0 167789 0.0} {116571 0.0 114063 0.0 173856 0.0 171348 0.0}} {1 0 0 0 0 0 0 0 0 2660 2170 7954 6023 23837 17582 71486 52260} {0 0 1.0 5 0.0 1.0 1.0 1.0 1.0 4.6 1.9 2.0 60 60 90 90 2000 1 2 2 0 0 0 0 0 0 0 0 -111111111 X 0 0} 0 {2 0 X} {-111111111 -111111111}
::rc_st::fg::map_reify_hier_drvr_info {1 . B 29} {2 -1840559247 -340034827} {{110126 0.0 108326 0.0 167411 0.0 165611 0.0} {110242 0.0 108432 0.0 167527 0.0 165717 0.0} {110445 0.0 108659 0.0 167730 0.0 165944 0.0} {110807 0.0 109079 0.0 168092 0.0 166364 0.0} {111340 0.0 109677 0.0 168625 0.0 166962 0.0} {112246 0.0 110567 0.0 169531 0.0 167852 0.0} {114304 0.0 112347 0.0 171589 0.0 169632 0.0} {118421 0.0 115906 0.0 175706 0.0 173191 0.0}} {1 0 0 0 0 0 0 0 0 2660 2170 7954 6023 23837 17582 71486 52260} {0 0 1.0 5 0.0 1.0 1.0 1.0 1.0 4.6 1.9 2.0 60 60 90 90 2000 1 2 2 0 0 0 0 0 0 0 0 -111111111 X 0 0} 0 {2 0 X} {-111111111 -111111111}
::rc_st::fg::map_reify_hier_drvr_info {1 . B 30} {2 -1840559247 -340034827} {{114263 0.0 111736 0.0 171548 0.0 169021 0.0} {114381 0.0 111843 0.0 171666 0.0 169128 0.0} {114612 0.0 112080 0.0 171897 0.0 169365 0.0} {115037 0.0 112547 0.0 172322 0.0 169832 0.0} {115677 0.0 113288 0.0 172962 0.0 170573 0.0} {116707 0.0 114439 0.0 173992 0.0 171724 0.0} {118768 0.0 116742 0.0 176053 0.0 174027 0.0} {122889 0.0 121344 0.0 180174 0.0 178629 0.0}} {1 0 0 0 0 0 0 0 0 2749 2744 8034 7694 23888 22545 71450 67099} {0 0 1.0 5 0.0 1.0 1.0 1.0 1.0 4.6 1.9 2.0 30 30 30 30 1000 1 1 1 0 0 0 0 0 0 0 0 -111111111 X 0 0} 0 {2 0 X} {-111111111 -111111111}
::rc_st::fg::map_reify_hier_drvr_info {1 . B 31} {2 -1840559247 -340034827} {{116205 0.0 113087 0.0 173490 0.0 170372 0.0} {116304 0.0 113197 0.0 173589 0.0 170482 0.0} {116492 0.0 113422 0.0 173777 0.0 170707 0.0} {116851 0.0 113844 0.0 174136 0.0 171129 0.0} {117484 0.0 114506 0.0 174769 0.0 171791 0.0} {118588 0.0 115497 0.0 175873 0.0 172782 0.0} {120797 0.0 117478 0.0 178082 0.0 174763 0.0} {125213 0.0 121442 0.0 182498 0.0 178727 0.0}} {1 0 0 0 0 0 0 0 0 4464 4387 13634 13192 41143 40563 123668 123088} {0 0 1.0 5 0.0 1.0 1.0 1.0 1.0 4.6 1.9 2.0 36 36 36 36 1000 1 1 1 0 0 0 0 0 0 0 0 -111111111 X 0 0} 0 {2 0 X} {-111111111 -111111111}
::rc_st::fg::map_slackq_result default {}
::rc_st::fg::map_slackq_result clk {{1 . B 27} 0 {1 . B 9} 0 {1 . B 17} 0 {1 . A 21} 0 {1 . A 7} 0 {1 . B 30} 0 {1 . A 20} 0 {1 . B 28} 0 {1 . A 29} 0 {1 . A 19} 0 {1 . A 5} 0 {1 . B 13} 0 {1 . A 22} 0 {1 . A 24} 0 {1 . B 3} 0 {1 . A 11} 0 {1 . B 20} 0 {1 . A 31} 0 {1 . B 26} 0 {1 . A 2} 0 {1 . A 15} 0 {1 . A 14} 0 {1 . B 10} 0 {1 . A 26} 0 {1 . B 24} 0 {1 . A 17} 0 {1 . B 15} 0 {1 . B 0} 0 {1 . B 6} 0 {1 . A 12} 0 {1 . B 18} 0 {1 . B 8} 0 {1 . A 28} 0 {1 . B 23} 0 {1 . B 11} 0 {1 . A 1} 0 {1 . A 25} 0 {1 . A 6} 0 {1 . B 21} 0 {1 . A 30} 0 {1 . B 29} 0 {1 . A 3} 0 {1 . B 7} 0 {1 . A 18} 0 {1 . A 10} 0 {1 . B 5} 0 {1 . B 16} 0 {1 . B 2} 0 {1 . B 25} 0 {1 . A 9} 0 {1 . B 12} 0 {1 . B 22} 0 {1 . A 16} 0 {1 . A 8} 0 {1 . A 13} 0 {1 . A 4} 0 {1 . A 27} 0 {1 . A 23} 0 {1 . B 4} 0 {1 . B 1} 0 {1 . B 31} 0 {1 . B 19} 0 {1 . B 14} 0 {1 . A 0} 0}
::rc_st::fg::map_complete
