read_db -super_threading -from_tcl {4Aw+EkMzfnx0GZyriC2f7nj6x19qwVuJ9twwsT2EjvX1YV7vUmgEYDdmLMBUVZ1BlE1eHr4kmquO wH10VYM9Vhwj+cK1Q+MjL3gpJ462fJgPYzZg9reuSsECX3lq8JnLyLIQXmw3V4BRGxJdgCAMwVY1 j4hDgwtWM65FXq17i9ga0RJwAol68YlwbbOiA6KzCUsvWHOYirgG6oJIYLaRzVWbWUqyd4t8pMZA iW4yDxlt65mGsZXH/qzXYxkSHqbqSq+/1lKfwR79xHPHl/TxpwL1Xj3umCv9OIbfUlhcBfjLLTkO 7RM33/nQEXfubARla1tuxj5OxdjvNaxPEOEL/wlwaU/zb7w+UNYgT5DrFrZXL+yFXx5OXBdzOIBF 3lxhjXv4BExqAG+Set4S1yNTld0dwylNpgMsj3P3cY6MHH7kx/049HgUSbBiK0msWEy+fslbjeCb BjdkhiUZ9md0lI+em2QRqnOJFJmBvmsXHF3OKLgJ+voqauWinebSBFHohTcW6h5tl3h6NmcRAJtI YKU9znDLRdqm15lQyXC4vszCtZLrkBXdJ+Yx4CU74PD6jP5Je8IH5CW2tRAjaXrVNLQIZlPc+B0q jQbzLPxF5HIbvf/XCTzDx9HagNNgFDKL+wXikCMEfJb7D+Ze0J/psfTIMoPFAMl0KnrFupQdkHUr Har3kvljkzZ35kMF5Lh0uYMvgVfQOfolJb7UrBx02zhCYA7i3IUDX1BXjSWFTll3WJVg9u2BSl7G bRP2w9xIBvJlFT47WBcAYjIc4UufRUQGsraiBd2YDgK97lDX0JkMUMArqf188CotE+W3PEDIOk+t E48BmUAwNt5CUbRbIBIHKthN7bv5u19Ot6IFaDiB9EgSltARAV9XWk6LF1nRgZgpSrOP3Hie30hX GCzE2HHNJWie++to3AvA4eHI/e9MobDMd96Kkwdc1+hHube75nQkz2g75VUJCiS9Ry7jBHxYa5p3 e62M28pqQBJH0jo78m8nAYFrwh1twQJG2KSNj5Qwf99qcz/pZAb6SskYmpfiAKvN4EpXhgnVxGL+ m5V/504XSQ70NL9yoALgv2R38XOeev6cXsGBcQfc95yEoGqkBlnj8EndAoExh/gPheVIoXImGtHg k40WqkDI/CElXFuLVZjhLxZGSS0/WDkNYRZZzOu0u7ElkM4WMbNBp2pdfApm2VAqqbHlWDbbJL6r YSb4UJDFL+E0ZkGaitE5gvXgAlkXFb+nMDa2FpkiVE+uz+ZuMKQn2lhLyCv/H/uxDXCnKkBhqICV /DwYzQAqMhIP3pRQ1zH9+GoQVMsMR9HBaG7I+Ll6ZV+L7gM+VHFt9UUmPFznGnMcd85j1Jj0vLIl Ml8K7rT9G8SXZH47PES4ptxTZfsTmO3nRWUNIq4IJ6wxWYopnCh5DCbDReAMUFat31cDOD7WwmOM EwtjtAVgry8jOiQlA2+XzPGNpnZJ+9msjeB75ykxg/sen40BgcSy/rWXhyUyFyxVT4tSf2oaL6y0 oXwHoMSHOIvfhtwGphrYgKsh5Ksq0GfdQ/eg6BpXqCO+4KJ9x83L/s55ZFfCU0H47OC41v3G6Z8b Jd6HNLjBXLyCY2dCb8j6f7bJtIkJ2xRGBYmNeWW1/RJVr0dohG+qkAQsAvSTYZT/Jk/kqWVUJGak pFSE+Y+CZn7Qve5C2G6AoR4pE+KMISPYpTdM4MxUI3fRgW2TjXgOAJ0rqprOu8gEJpBJGn6McMNd fldWfrPkPjy0BaNdcoNAOfnmas6HcKGknCce47OnuNNQXUxqVAhlY9H70d264idmifndQXaKqkRU kuaCPMuhI2hjIVlXS6bwyQ55pPbCqrXm/jNttjOVQ87ahL8fyA32DbBTMQ0QzFS6lWAKz+tG8P01 EAGp/Nsh6D1Ow9tG3Cd4/ztqDqLdeVdXxw035NtdeDKiAbxqeDHE8dgecOA0A8R3TqWKRleD4rQp 2lP4VY0BaT/OmDlUSMFBME7eh+d359XqnxowDtmpx6cVik6d7nHnlkw6bDFubukyonm6YejHqbYW YufRaRejEQNhQjDyfS4N/2llWBroHbH/ms51+cEcTxZ50m5o5nkeqcm89RxdBcs+cWPnAH5ZVQwL ewr1pGYp4tnutDk3aX1A9y6bX7hwRNRMajWs7LN1ZljIkcQR4wH35PwJCwZ7lFNXkI72bfMy4d7d EeoPFakCMsfKetbuprccxUtQzkmUy7aH9bU7bE3r0UI17J1UvdGSFX0wJ35EXXS6BJG17FHLpkk8 10+jRedCUMcfvfzk2cFfVH+Fkpusuv/aBFLNbAtVV4c+ig9MEqjWGEuK2ToGvledAISzciqGCJ3M VEtrYqzb7XTxIjHwZHyXoS71nyqB9WXB/rRYfk0pyS1MjWgaLtUOnvzqGK1PuWy1qOGvCrbx9YdC U09MQzhP5s2WISOYjXrq2/YGkbQj5NadajEiC/p5+abUIya1nrGjKfE9uod1UIrPk6Rens3Qr/RG aeBHkl+NIVPWFLONyUgnySDxAo2OzX2l8Z+GllUK95kTAsa//jjjx1fPbuE0CpqQzJzBEWrRli12 KTSgZ7m84XdMcHmCBrKIjrHtbXeZF1z1h2J7bINay3vCeTkJ3F16gxaSk0oLI3Pf+fnUEXlFLFuG 4XJkUG+GVpbeLguB0Zs2g/R4nws+SjmeY8VLYoTvSmtT75zZUI3xd71UqEFfKYvi62VSu+/plR1a NuEHTnDZ5Cxa5WocRk1p1iwU/noZ+1vvMmzrqYx9fZwnv96lYSCEzeXGlmM2dn7xERftzSY7PRUK FlKxDThMBZoMknl0CAbSSkrawxNCh68ctYSG+Hr1i06cnNYRwtKDCaZELKQVLmBfqIfxhzhCVlHe krjsT7P7yInldV8P/s83jh0igiHi/4RtwfoBcRZRgMsVA32ZQjhWQ8fsbNQ5A9xGHTd5Cnk5qkLx NJWCutQTsigBeTBQNofCkCIdu0g5DXaJoS8nS9dA8MtzSqky25KlgxDVPJCnoZz9+w5/kS95UxDX TAc/Omk+dIPRgZ7InZB797VNchZKOaXFitsGWk1f9tBRk2skdhv//kjFF/EJsjfFiiNy4umIMP7x 9ckS91bhPJg8TzXnmp448FvUwzXpsg1FJLac9P4f0lP3ALidMQtZesgjeGYF4ZdIj0SqRKzzFVW1 2PyW/NsdgG76/mZp4l/q1nBcsnKIl7c0F5mYzAblzdT6yHKGpbWZXlUX7Ft6Ftmk+RJEcJ7wwPbu 9hM+82GXe9mnmiCBivCChf3gIaON1iFv25oMkUI5cNd12rbEKUcAKomU3Q/ee0hjHoDamn6wZ777 NCi/jZOrcNKLXe4Hzf2oc0Z1bPnWn0ab62rfNgcl4IjJM52zucuvvRNoYWHyR1wsq4LMLszL99qG +sMavemJw1sWs73zo6C1e/BpwDrhY5p+MD4gujc6dkAQURerjWREVjxa43xHifqU2d/45gopsTee KkMDyRV1wj9U8b5O3xvCH2XBnR52baGzlhc4GizbYoIC4h9u/JA/C+NSBH3wx7pPNgtI30JD4UGa qLOH/G+KlSeQ2fFufYoD7dVFup5eP1I7LpAtkuZM7xPSAANfQ3zqsiMZlIrJ/ZbF5yOtIRgIx7SJ lcNNue+ve1m+8AIVGm8kVWrDwenUpnmZtbc25/SVH8HLslpifuHH2wQXRs/JnfpOllLaD1BKxpz2 a4URtQoXA1AG6pHYapfgZHX2knQoymSo35DfInnFEG/2iXWL3EPgGT/wGgTm9tUizaLibol199pG 1Zvy3i9DIgRpNz6uHY++K6rZKDhCqzdba+BREbXr60luzYgdrn1a6jqTgQEWvqIfAiZP1zqFBzpX V7OaOZScvVXaMuB0FljxUGSEG8PNXqHFPATthe8DCUXmgf2Zm6Gllq9Xw/LructGXam1VKXKoS6t wYzGPORt3vgj0JLlhoQf9+P3jwafpc6pCnsJyCr4NbcVyesaC4RnCog9oDfm4pnrc3BMs2/pg6fe Dd3gzl08smxT3Q29fTiQ/dBr3jeNUBe4wr1oCbla8r5ljyyJjxnwGyqZ/fsdJUpXmO7cUWjB296I jlbM/FurgjMN6Y8ERG907nQLOWcSxn1AKOYr5rePcnaCXatzJ94dHKlKoUiHK07JeT/9+0c8DmdC /8Sgry6sDGR29gEinpbTKpSTnv4Dv1Zhn9z6Nsf5qowng0CpERozv4GoClVIgF/uAPTcDryakUAO Hl01eX1eKrfLDLBFAvQR/w+bGH1RbObKEk4wEs+Uj80adlnBfJIkiobC4mpChhxoOPKVkTmR9brT YgoAGrEB8wzSguH6D8b53UHaghT5KlP9MrhRMy1W9h0l+H3OttMv0Ak4XameU7OujbHZacz6jDM5 21MFjqVZ9Imo389yqhmr94L1GlkXD1zS7gX3t7uXe7ZdNYJyUAcBswnYRFVxOO2ikYPuqoq6AF/c 1eAszTAqZeG4HHymATaHSm1QazHKiJKSsOwBP+qoRJzJTsGbuQtYmbHe0pDdRHBl5rX8BKIy9zMq Z9LuaIoOYQfAmxDMUIUze9iTzcPJDp0NMlVtz8vCC1aa5qownsm/46NBvZRmI4eXKZmQefETBqQm 8YGGbjE4zvwLc2owo5SWLPlSQUXDwXFez4u8YN2jThM0xeivEJB+ESyD+nOSiyrk6pS03fyJ9kEs 1LVM1awY38DJoXXEXGBo9qZsw0lseqxiAzU2PzxK5tQsCyvUrBm5Xe5PPwbHLN3C7kpqCPfA0Ptp bGOmzEA33QVongDffAyRsqwrCLqYmVkavqSWMIkEqvOr6pyVIAaINYYb+UBdW3Ea1i5zwDBxpkke UXYOvvuruOQ0HlzZwGWdt1Xd9bx5REjdZNlwbOUwRt7p+k7bWgP34I3ZXvG6oIZYQFrVOok0pOIE Xi3NItr0PloJIARvJ37AWtFWEyG8azdnPKzzkX6JCbeMHaOrZ+J+Do+pWmp2jSSfEe/67iRdssiM OXX3XrBBlz4l5EbCY1YcIuMM9DkeconDweA8jKTQkdk9rQnAZBZ8MZNunlQoRZh9D48Nt7g4cGby 6bJRLzV30mWXGciAZ9ch7UiifZZE+M7l1ulHw2wsoMCJLhilCTrF5MjTlo6edl/PwPNkdi3KOwm1 MjB1wV0GVvM0sbcdIKjpZ6BvBoTHO6w5g7zXg0V6u38SYbYaCmR4mEhsGAZQmghJmgWHr0niPlnB pG3Nedlx/sghC+MBtEVpOVvR2gJI1al6S5oOu0nJ/eWGr5sLXrvjEtVnHuck9aqjsqy8CpGUNjwV JujVGxfDKfqI2s+i73QubJNadt2Ykp6ixPKN0lzo09zHflNZCUPGVy2+DaeQ/95CPUgiJKYpZ3rp MET6+CTr7EYCSPxrfNaG1IdRJihtgOXRZvqs3Frtu7GHgmF0xVEvCUOSqkMeeoal9OGSK7K6DsAv GBsz8jPxWZ2ePvpEDC3qe7W+O26+HpLMS2krBhzl0qj6SbdqdMbGCORktN3lQB9dNOWWB3vIS2SR KJ7XCwDJrCAIrlISyEQar9vpomnDHG806Tm84TVUjjuocV081Jy0QOYHh43llV8S7qRMJTCeh6sF Er8lOTFiG3VRxmOHd8Q1hzI/UZ0wjkp1tHLUr2OtSr0kHnwS7WDhAt3Mjrs04v0yTbr4+9YModbg g6pftKXbyINBvftQtkWbyCFzgglzzFF+lVR9/UwC9a2jMSlQEDu4rl/jJm7MoWdP6Qg663nA1+No UpUEbO7Z75gNDxf+R1wssiv46uTxv4+zDBgE2IIVw/WE8gQUv8JjHPKvTvlful1q72aO+aya+b6r OJTFLbLJn0b5P0OCcg4RP6jhXVNsaMZt2dIlv0Rf9dioTK4qQIxp0Y7txPMtSveD3hpRnTi6apdc 4BjEr++O5h1110GGKCqf3LOe8xAr3jQ2V5wKem853BQDPQrqz+GlmwoirIgEJYmnsWKiEhWmxs7a SYFe2bRI/451c9JO7qCN8K0gyoFLfn/bubjbs/XKCuKOv1y531bIsH1A2D/VcwmVOQX494gGEnjk rB2AvHNwTAvXrYmJJzN1w+DsICZ89sFE3B674gOVbfjV2ZoMFXNFjLUG1xIC7bYFOpw24hW2zz4O iBcaclSEv6T4oCB3Z14vH44dlyUbibbbOoIjIwuo1w8522JRVksR3/gX0XTyzR3yEQ9d/t4/Napx adyW4K2xkM5L92Ago1BOVuHRovMr0OI9VFHyYJtNqD86vHt9U4hElun+5XJtp2kgtzpaPK7hLTxn Arfh2eOpPsu6DxecG2oi5ZJ3fb0aXmIi0QesQM4bl3Vkr2lTmxuF5KJESByjNH5S23XV0Hbww4Ew HFLShjJBqrcEQ++XvL55G5tP4rZk2HacAJREfk3h4V2qL0miSm8jtvKJBMmM991QRaIfcecGGIyh fcvKzsxDWmEawcIdsp/YiFwQ2o+gN9eEUgMeKNhJNBjHD3uie/L5UdQLH0ZxZVLPM9VPd2IX8a9J H+f7G/lnFjTLV4T/YF9mCrUfYQvcJL7CKJ08eg+3NvSo9VOQWd3Pr77TAMqmD7ksAgLYiS+v07T/ tLPwLni2xh3FZLLaG0BYKR6KO6xorbJRFE4GLc/ayt/x89TUxODv0TbwDFVTgXvXwCdNheTIH4CY 8gs+qCrekHQY1DwApf0Q5lRVKq7ghLd2mRXdZoIcLPeNLGY+dlIapv5lHqDkuo06WKLcpwLaZZll tqD4WX79OBhCPmZjNpxmk2O+QlWFv/Vry+Ci38+5uihsbH23/wV5w3Bkk/YQBeEZtucSDWnzrwsR cZnSUmsmiUPRQ/Pm1dr/2r8Xvq8TQOWiIEV2TWN4Q/oNWdE2biZn5ZabvSUoMu0Q0cF+i4XxyYrx U6RR6nBnbpt8TYe5gUJeKF2Q7d0d1U5qpUcv+P0LDlR67FAv5E06aNTd579dG4pAr71bMXpyESlQ dUwM8CXAfdH3SUYYQfjD0KjmBo7IgiwPVU6EQ2kvteJLxv+N6LcmVRxj1BwAEAlhxo848Hj6yvWt 7cbfiqPcgjC2joo3FbW5sk45DMPD39gFmG7j5jfsfKflyR47aPqo7PVWOKBeT8wG/6YTu0lzl8JO Nqy/j1IZja6s/nfm3TNyjxZol40VJu/wdV0an2KSeBobvP0e0YZjLKu5AVXDiRdhh2QoAcdTh7wP opw3gpxkB5m9I0aldOPZwpaNkWndo0onLJo+ncL6s0rH65Gd+Qlc2gVIg/ru1tzxp3+0DALkQ2gK DmW2H8cznIhDsy7dyjvcjS0hpLxTXEgK0aWUQ18yGPqp4UGZ63UmhrNK9hsnPYcG9QmSxY63yajw WbtiS6vvNWD8+iLvqudVUti6lPTj/PUwJHOcmQKtpNIFsPPPMQ7Pb8G9YWJuKBK6jPGwSTxYyv5V ypTMoq7KfM8gbnMBKPfvaJtkahm1OB+AZQ5fszsIivkdTApPJ/b8YYL6NKbuWBKYrx4vNWogo8aZ KXZTckdMSj0IGQlJysSpKsfYa5Ku6+7oQ6GpGns8pmw8SWirVyBJ6AqqTCeqKoF++bK8HKuLOLsr pO/9Pw1PUcH/1Hajy3WAoeQFyFIhwNsgNaFAcdlwuyF20REY/k/NaNp4IrYPZTLkKWpq8O4vVMF6 6nnwdzx9tZicgsShesUVbhNBS1gblYjntvrdKnej7ngDxvC7FGQL7pqHtYOcEm8OKNhAivAADBZV IxHC54WTTpbqDBdWvaHoL2p+gyhG5u4eEvdlWTiW92p7tonHgfbEX0zUX0a1DYDZRn/sKUNyaga2 rKYo9gkHkURlGmHt4APu5EvRVQ29qEY6BEj4lg5EYXlp+mMqSEurywK7hZnzIgDDaA8+j44wP831 gOhgVEex3Dw4nOnX14zUW/HRQAHM3yvYJwEM3lZIWbmYnSGGj2sO4lxgHcgJLH9dBjxwTxUoZrjJ tI25SNM5e7fyIstOx/F4OuZx1AlLG8yoZW+ELpc8IwG5iB42Qqv7iDZKoMMrbxG2lG4Zr89DDerR uCnkXyOtfzm6/58CJcHtgRLSBZYH37XStPbN5GKs0Jg4QU5mRycNoitMNwnhdmiUzQALnasgMFji irJvxePKKwjXhz7X4NYAR10f7VYKpbtrTUdYTtFokqvvgaVtHc04u9om2iOsTFJx4mZ0H4KpjAPJ oia2s4vnKB/96no/iCShQv88vjue6xBjwdGXObHz9BVWkmbHKbdYjDzHn6i4Sz3AEO5E1ccAplmd QbsPn79j13Mi5NhyjBnv9mPjClTFSqgfMxSWAZKL3jgbsgermryq0Uxb1lgnKTzRUU/LiMZxEcCf addRAco99aVZqMfonI8L3Oxr5U/d57gqFB/amsi+FwjLDz/llDjaXTpyMPhvNTXjJ6Z1wdmDlFu3 fz9kP8yCQas7q2X4MsJGuVfCloTKqvlASch+6caMFNQ75h8mxEfb1FGq30L98l0eaSM1oU9vi8HR I0ZeTZWSIWnnm0rMNMwO1lm3/FcSi8yg6KTGthrHQHgfssi9bgWJwmtoXU4M5BNopLA7/cTJXKNy bG1Y9Pj9vfLXy4qpZyPjjFlKz0xdxnvkvKJM7zQh84absZPH+lVGJtSL8o4CLOhbvQMPWlf6XzdX J45xvpiJSJGtmX3uFS2uSy8lH8BJjd5m6briILWnv4bNgyK4UMeUCuuLuO2IfnEWCo8yoPdetMvy Ba+3oB7WGaM8/1Box8EpR5HLS/ILsmeL0iVXJfpPTGFFaBkaX5/YkhCN4Kd3xoVJ4l9uxU699f0t LHWibdBpjmjgmyWtwk3FsPsPWl//TVnij1xycvMObI5Yaz9x3Mmr7T9YTKH2PypX2gHucRU6Ftsx DzGvU8sqP4KrJO2LEX/okTK4f+U6x9NLBH2DLhXL+ojdwJQouUN7rzzv6E6DjdmyLsXUhQ9e1dIF g6tjiwwRKxdhVJbCZxCHJTEFQpI4XQPZZni4VUN01a5XjnQ3xRZeIkPWOoJHJIJo8SQ/tyD4+Jg4 OaVeJ6paka6G/qY5HLpdpdQGrTBb77ky41i+u66BwdNocV/oCOCLC/ulS3aN+lwW8PZd1iVQVilc vvKUbVvmUyHRP6AZ8Vf1LqmqQzxceKgsyUuaO5cWomGTf28NA/Bx/tQVkQhUXdOQZaFlud2HJE2c 85yuIvno7iYUBsWVR6x4wIi6E6BLpPR7VNz8KWCmHNAXVQsuejzWa1y0PrDcC5WTjuzm13dBhKxo j4Lpn873kRgjXgHVz0fs1/XYEGtZaj6axQ9Z/XHgVPy0Ypk4XHwPBf7lBqFhC08FDGq9iuIcrWtj nsGIxa4bH5rcA/4fe8FHO0VGaWORJzWkVzoi+RkVADxw6BlQVVbUIGmKbEgLl8T3yE3qfndnB+sZ 66AwmNCNQ6SkGNyqpkRpPlzayEy9rwW58j9p+lRhTCJbP5+my9bGv6nuXhT62t7N07HETSQ9Eu5w qKVFhI+AHj6hDRsav4RlbXJj7yUd50tPasJgBmCvwvmnD1yYtTtLLbhMeeBgwD4uj9lvWivmXYE7 bZBYBSxcsYB24PwXxZmYIgkpqN0aLJZAMv3j9g37coSy+sjXkx01k9PCc/jdeSQXuq/SYWxd5AvJ UKOqrkQQN3QCB6N905hBou9pRMHKCodkS71rDeJf5kvvjWkejEP3qbRE17H4UqVqsZcfpiXNzLA+ 1JdPAKAbhR6za9a8w7CfXq6L3i8dtZaUi0FV2Ei0UxW9CX1ecCWH1x+fU5tiV97QvrSifVBe/x2c GcBCdCN5vRI4N/2uQqoJo5AktaBdc2SWeYxdIJWRQDBxV/7VN7zGwHDzeN+f2CZjlaJZiSYTRjX+ Qb51ZFsJj79UVLIaj2VBJUg+T3vMHuGz9QyOvTZc8rjQudZTS1GCmpgJwsxQPgSZaoA5kpwcRBpi yeWaM7+9a9zvqNC/skktw0r09ySMvhMf/8tECBVN/jnu16LAG5wftled/ufV/ItCXRVNHD/CgUBZ EtrD6B0xcSKUWRtrkdWTgDIgmqR3XHVcBoQlz2tXavRhOkxuBk8Nu9lahmqTg3B+jyHSaU4C4Xqm E1X1cl3DhRP+Ha7ZXZzshAIfpWC8o5cjRhUzyJxYXLTXIGtlyrJt4aLVxaf3El/37UEmAjRKuFwf IIOGqsZLJT8sH3OigwiANERsCmrvSQ7XB+BwNl8yXKHVTEWEOtVQBezUh71cZIA5/b5yjzCZdW9o jQN78yesm6C/UEK41xHlM7lU3ySb1BIn5Y2WQSxLZCcrl6jF5VCwmCqzf5yWkbczNUevyQ3XVnL+ 8+Pgdh6HGkCTBcR92Osdp8BNbxd++hU5WosKCJgTj2JPvF1tyEjN0fxm8t17kztomiMlFy+SV31D GyRpfJTgTDgrt0n+3v7semUAwdcq7NGcDjsd0Ix7fj7/QsCFBCSdOgWe26LKxVdLi6anbouEueT+ Omo+F+F759aCiRa97zuziZEOdfCTExNfXnWwOnM9Ee4lOOGswAdYwekB+9N14Y7PNHUjbVtFZhY7 3sBeODU3H45EdQIHaeLgEz1/cQPwjspphJIvwEE0vGf4Gu71mGsvZ85uGhN7qfs5nfrtKPU+XMN0 hwBN61BrROfCK8SNtTuYW07w2cmADHX5x8/4WgZHmf8R4EalYaU1wa2P8mcOL6Y1pOD1RTTHYeMz n2NWLCjQetZHBFwjB+DRXXQPQw4bxH6w26fk0te7i7sJ0TQA+qKAXsZt7BTfRL+y2lNL/jEyWtq0 8xsSA5OWYY5yIxV1x/xoT/SqTy0iKSbjnrIHqm9dPpsBTJ1RWaVQ9V4Ft8mgo/io4HVnxXaGtkJ0 n7UANt0M0+PrOS9kOgYOwsMcW/0f6mJ3sbaKNMP+NIZCc5i0ox+g3m5Q5093DWEWQGt2s06G40GU WWCwlnfydkQrz7i8fliV1RCyAPoCvYTnE6Rv0GtyO2eLvYkwaP+2j8DWoqDEjdhMk/69+hp6E3O9 zUnxiX8IX5PFDHsKgcrUcFjjDlcJPHDMNCTwdKVfBXJkuThEyrQdHPQ3XHoMb2B80+TwKAh5yzC7 3vFIxIMGR8Yc4y0mCRv/iEyJ0+XgZEIHRYB3JFhKxPTqXS2JEpUUaxzpBQowoTplI7XVLWNauulJ Eyscqam4TNUDZLktA+T/s0tBiNV0SRdPOh9a15ohMiT3NkfM3U0kX4lG2P+T6fVaBwlu/M4rpnSr YbBhMgz+vQl02nssGP65IwC2UtgJDK4/hvInFII8YtUKkXHI7OiUPj05apnNFNHMqmYUrWy4rcZY Hg9MYp09eUuYWShHIZwPrnSZrJddJ+BG9l0g+Xv5GtiTwWJIkXaoSZPhF3ZrozFseCapGQtLBogp UEkK9gFIC1+mB0hK6uFGN+ukHBW/v8+xZctry2Rd2SSxzjuuOA57WVPBn/sXNSPJI+mSBK3r7aTk fo1hgzcEpSgfuWk1mmXREALeB8XcNwaV2Yn/OjgfDjqyWOm4ijwNVK5hmX3vCCCp2DS5E4BG/zOw 1shxL2RahaSGF3ALkWh+JjvYr+ago8FTvwc1K0hgbwWDJR89gX2+X34pY0POHuyDN9RfVw5LIPuq 5Q7MhW70D8wzP+FTH8ydP/Kmt+N02NKVJXd5mc/5C5Hewpbs2eHd790NmRB8S8Dqu/rNQn9cV06y b52y1V34V+Tp11psEj8EQFnDq7a47QG1saNA55o6L7C2vbRryJYxL0C9siWkQv82pR17aC19wuOA 3HTgTOQ5SbVazfMewrMCkwth4RzfM8BrO9nSNJZb2geLI+pMx9M1skNFPNrNpxFx+xj08k515l8w Pr0j4lJ/PpbEHIYNT4p90mIrod3P+8+8mNvRnbUMwv2dZIMLM56gDUOFVjfPVrSGwn5NTkdkUXwx dVVBN3vNTHifiaJWklSMV0SH/+6XHczxfVENZvvvXEHAoLn/aKRoYr+oEyaWxtNPAnzF0y/SzIwF Zse4F/hOyH/7Att+cTeZkYI9Luzyb5k3RK3MDyVe0fHd1JmIhrN3TX9cPzhRgTfD6cpz41f2E/Qw LJunhJ0CFjtFIGxNNj8WJne/tYTJL9Vjr4sGTkFrdsHDKHQnxLjW094kIfPZq+4CbrsWlWRrhoXC K1USUyOt1PCgra0wgpyNg27ysW2S38PoL92IMdUNhfb+NU0Vj/E+vrFTbk7DVnDXoK09Kc4wyEsy iEx8clo57KoBIxV4X0YnaYJOCDch0wKChl3M+Th1Rrjh0rGNi2rJn7Tm3qc56kgbFhIxPD8F5pBB +7HhpBalg2BUjbgEsQO8/yi3GaIVGLWjU2pLEHZSRUjhoXudb55ku/wiN2Oo60kPsc2LAXdwxJCu iJA346aT/J3Dmg3TRuGGtsGgBhq2VjnWKx5v6ugVWvVs7Tk51dnYyEER8WUMK58P72l0nAWkrpq3 rzUgdefO0WLcEhplXcy7KeDy36aEIHxL494foyx8vT71Bi2UpyqiYXPrOLo3Xzn7/NwU6/nop95c vCVexNjT1G8xvev3roD14TuauLMDR3NTGe9BBZr58xB9SnUHvQd+K2bSgn761o+ytrYB/ee7o/DW LDywjE5zmkYY90MVVEqVUowDO5t95cQ6MREHLgfyu+QNHpFFn8Td8pKwiTcdGDjda9PO+iYO824v N0VsaXqB5kq3xGB+sdgx1uUOKy3Pz3T5oDzRb3+OTqaczsgRr+IKax3bK2Tm8kS1/tmOhbq6Qkak 23obbBnvp7B+jYAoehmnviKLX/rvGi32pQwhHpG7EMzFqz1W5fvZjv87uBH10dlOkBQ/NL0aJLyO XIJOCnXtx+rnLENVwZliNU/ulZFm3bAdtjbaxDflm+Uqjubbf2KUai/C4fL3uy4emfji8/rjWHPN LZGfcSXGrYOQmI8fASMwhKRuG/8hkUcRzsIsu69/5vsIBDRvJbM3lJ2xUv1fZNHLln3+yB9ZXCjH tXTqSiqmQMfjLXnFxVQIrIKr5/nMdn2K3Jk9}
::rc_st::fg::map_reify_receive sub_unsigned_79886_10_84349 -wlm {1 0 0 1.0 5 0.0 1.0 1.0 1.0 1.0 4.6 1.9 2.0 0}
::rc_st::fg::map_sa -1840559247 {0 0 <default_clock> 0 1 0 0 0}
::rc_st::fg::map_sa -340034827 {0 0 clk 0 1 0 0 0 0 0}
::rc_st::fg::map_reify_hier_drvr_info {1 . A 0} {2 -1840559247 -340034827} {{60706 0.0 60777 0.0 117859 0.0 117930 0.0} {60825 0.0 60886 0.0 117978 0.0 118039 0.0} {61051 0.0 61104 0.0 118204 0.0 118257 0.0} {61426 0.0 61476 0.0 118579 0.0 118629 0.0} {61989 0.0 62004 0.0 119142 0.0 119157 0.0} {63150 0.0 63151 0.0 120303 0.0 120304 0.0} {65988 0.0 65989 0.0 123141 0.0 123142 0.0} {71663 0.0 71664 0.0 128816 0.0 128817 0.0}} {1 0 0 0 0 0 0 0 0 4407 4277 13251 12688 39784 39206 119381 118803} {0 0 1.0 5 0.0 1.0 1.0 1.0 1.0 4.6 1.9 2.0 18 18 18 18 1000 1 1 1 0 0 0 0 0 0 0 0 -111111111 X 0 0} 0 {2 0 X} {-111111111 -111111111}
::rc_st::fg::map_reify_hier_drvr_info {1 . A 1} {2 -1840559247 -340034827} {{59731 0.0 60643 0.0 116884 0.0 117796 0.0} {59828 0.0 60739 0.0 116981 0.0 117892 0.0} {60030 0.0 60912 0.0 117183 0.0 118065 0.0} {60413 0.0 61239 0.0 117566 0.0 118392 0.0} {61126 0.0 61851 0.0 118279 0.0 119004 0.0} {62454 0.0 63008 0.0 119607 0.0 120161 0.0} {65110 0.0 65327 0.0 122263 0.0 122480 0.0} {70424 0.0 69965 0.0 127577 0.0 127118 0.0}} {1 0 0 0 0 0 0 0 0 3896 4001 12187 12292 37062 37164 111688 111781} {0 0 1.0 5 0.0 1.0 1.0 1.0 1.0 4.6 1.9 2.0 64 64 64 64 1000 1 1 1 0 0 0 0 0 0 0 0 -111111111 X 0 0} 0 {2 0 X} {-111111111 -111111111}
::rc_st::fg::map_reify_hier_drvr_info {1 . A 2} {2 -1840559247 -340034827} {{62974 0.0 64552 0.0 120127 0.0 121705 0.0} {63071 0.0 64648 0.0 120224 0.0 121801 0.0} {63272 0.0 64821 0.0 120425 0.0 121974 0.0} {63656 0.0 65147 0.0 120809 0.0 122300 0.0} {64369 0.0 65761 0.0 121522 0.0 122914 0.0} {65702 0.0 66922 0.0 122855 0.0 124075 0.0} {68365 0.0 69251 0.0 125518 0.0 126404 0.0} {73692 0.0 73909 0.0 130845 0.0 131062 0.0}} {1 0 0 0 0 0 0 0 0 3907 4001 12218 12292 37151 37164 111951 111781} {0 0 1.0 5 0.0 1.0 1.0 1.0 1.0 4.6 1.9 2.0 64 64 64 64 1000 1 1 1 0 0 0 0 0 0 0 0 -111111111 X 0 0} 0 {2 0 X} {-111111111 -111111111}
::rc_st::fg::map_reify_hier_drvr_info {1 . A 3} {2 -1840559247 -340034827} {{66216 0.0 68462 0.0 123369 0.0 125615 0.0} {66313 0.0 68558 0.0 123466 0.0 125711 0.0} {66514 0.0 68731 0.0 123667 0.0 125884 0.0} {66898 0.0 69057 0.0 124051 0.0 126210 0.0} {67611 0.0 69671 0.0 124764 0.0 126824 0.0} {68944 0.0 70832 0.0 126097 0.0 127985 0.0} {71607 0.0 73161 0.0 128760 0.0 130314 0.0} {76934 0.0 77819 0.0 134087 0.0 134972 0.0}} {1 0 0 0 0 0 0 0 0 3907 4001 12218 12293 37151 37168 111951 111794} {0 0 1.0 5 0.0 1.0 1.0 1.0 1.0 4.6 1.9 2.0 64 64 64 64 1000 1 1 1 0 0 0 0 0 0 0 0 -111111111 X 0 0} 0 {2 0 X} {-111111111 -111111111}
::rc_st::fg::map_reify_hier_drvr_info {1 . A 4} {2 -1840559247 -340034827} {{69458 0.0 72372 0.0 126611 0.0 129525 0.0} {69555 0.0 72468 0.0 126708 0.0 129621 0.0} {69756 0.0 72641 0.0 126909 0.0 129794 0.0} {70140 0.0 72967 0.0 127293 0.0 130120 0.0} {70853 0.0 73581 0.0 128006 0.0 130734 0.0} {72186 0.0 74742 0.0 129339 0.0 131895 0.0} {74849 0.0 77071 0.0 132002 0.0 134224 0.0} {80176 0.0 81729 0.0 137329 0.0 138882 0.0}} {1 0 0 0 0 0 0 0 0 3909 4014 12246 12350 37257 37357 112291 112380} {0 0 1.0 5 0.0 1.0 1.0 1.0 1.0 4.6 1.9 2.0 64 64 64 64 1000 1 1 1 0 0 0 0 0 0 0 0 -111111111 X 0 0} 0 {2 0 X} {-111111111 -111111111}
::rc_st::fg::map_reify_hier_drvr_info {1 . A 5} {2 -1840559247 -340034827} {{72700 0.0 76282 0.0 129853 0.0 133435 0.0} {72797 0.0 76378 0.0 129950 0.0 133531 0.0} {72998 0.0 76551 0.0 130151 0.0 133704 0.0} {73382 0.0 76877 0.0 130535 0.0 134030 0.0} {74095 0.0 77491 0.0 131248 0.0 134644 0.0} {75428 0.0 78652 0.0 132581 0.0 135805 0.0} {78091 0.0 80981 0.0 135244 0.0 138134 0.0} {83418 0.0 85639 0.0 140571 0.0 142792 0.0}} {1 0 0 0 0 0 0 0 0 3909 4014 12245 12348 37251 37350 112271 112356} {0 0 1.0 5 0.0 1.0 1.0 1.0 1.0 4.6 1.9 2.0 64 64 64 64 1000 1 1 1 0 0 0 0 0 0 0 0 -111111111 X 0 0} 0 {2 0 X} {-111111111 -111111111}
::rc_st::fg::map_reify_hier_drvr_info {1 . A 6} {2 -1840559247 -340034827} {{80159 0.0 84208 0.0 137312 0.0 141361 0.0} {80277 0.0 84302 0.0 137430 0.0 141455 0.0} {80519 0.0 84471 0.0 137672 0.0 141624 0.0} {81004 0.0 84811 0.0 138157 0.0 141964 0.0} {81811 0.0 85485 0.0 138964 0.0 142638 0.0} {83133 0.0 86774 0.0 140286 0.0 143927 0.0} {85778 0.0 89352 0.0 142931 0.0 146505 0.0} {91066 0.0 94508 0.0 148219 0.0 151661 0.0}} {1 0 0 0 0 0 0 0 0 3465 3173 10410 9600 31244 28883 93747 86729} {0 0 1.0 5 0.0 1.0 1.0 1.0 1.0 4.6 1.9 2.0 31 30 61 60 2000 1 2 2 0 0 0 0 0 0 0 0 -111111111 X 0 0} 0 {2 0 X} {-111111111 -111111111}
::rc_st::fg::map_reify_hier_drvr_info {1 . A 7} {2 -1840559247 -340034827} {{80336 0.0 84347 0.0 137489 0.0 141500 0.0} {80454 0.0 84440 0.0 137607 0.0 141593 0.0} {80695 0.0 84609 0.0 137848 0.0 141762 0.0} {81180 0.0 84949 0.0 138333 0.0 142102 0.0} {81985 0.0 85623 0.0 139138 0.0 142776 0.0} {83304 0.0 86909 0.0 140457 0.0 144062 0.0} {85940 0.0 89482 0.0 143093 0.0 146635 0.0} {91211 0.0 94627 0.0 148364 0.0 151780 0.0}} {1 0 0 0 0 0 0 0 0 3455 3725 10378 10964 31148 32680 93456 97828} {0 0 1.0 5 0.0 1.0 1.0 1.0 1.0 4.6 1.9 2.0 31 30 61 60 2000 1 2 2 0 0 0 0 0 0 0 0 -111111111 X 0 0} 0 {2 0 X} {-111111111 -111111111}
::rc_st::fg::map_reify_hier_drvr_info {1 . A 8} {2 -1840559247 -340034827} {{86490 0.0 88749 0.0 143643 0.0 145902 0.0} {86609 0.0 88842 0.0 143762 0.0 145995 0.0} {86850 0.0 89011 0.0 144003 0.0 146164 0.0} {87335 0.0 89351 0.0 144488 0.0 146504 0.0} {88137 0.0 90025 0.0 145290 0.0 147178 0.0} {89451 0.0 91311 0.0 146604 0.0 148464 0.0} {92079 0.0 93884 0.0 149232 0.0 151037 0.0} {97336 0.0 99029 0.0 154489 0.0 156182 0.0}} {1 0 0 0 0 0 0 0 0 3443 3165 10344 9569 31049 28783 93161 86424} {0 0 1.0 5 0.0 1.0 1.0 1.0 1.0 4.6 1.9 2.0 30 30 60 60 2000 1 2 2 0 0 0 0 0 0 0 0 -111111111 X 0 0} 0 {2 0 X} {-111111111 -111111111}
::rc_st::fg::map_reify_hier_drvr_info {1 . A 9} {2 -1840559247 -340034827} {{86524 0.0 89558 0.0 143677 0.0 146711 0.0} {86644 0.0 89653 0.0 143797 0.0 146806 0.0} {86885 0.0 89823 0.0 144038 0.0 146976 0.0} {87386 0.0 90154 0.0 144539 0.0 147307 0.0} {88265 0.0 90838 0.0 145418 0.0 147991 0.0} {89731 0.0 92232 0.0 146884 0.0 149385 0.0} {92663 0.0 95019 0.0 149816 0.0 152172 0.0} {98526 0.0 100594 0.0 155679 0.0 157747 0.0}} {1 0 0 0 0 0 0 0 0 3825 3738 11552 11006 34732 32812 104271 98345} {0 0 1.0 5 0.0 1.0 1.0 1.0 1.0 4.6 1.9 2.0 31 30 61 60 2000 1 2 2 0 0 0 0 0 0 0 0 -111111111 X 0 0} 0 {2 0 X} {-111111111 -111111111}
::rc_st::fg::map_reify_hier_drvr_info {1 . A 10} {2 -1840559247 -340034827} {{86105 0.0 91017 0.0 143258 0.0 148170 0.0} {86224 0.0 91113 0.0 143377 0.0 148266 0.0} {86465 0.0 91283 0.0 143618 0.0 148436 0.0} {86967 0.0 91614 0.0 144120 0.0 148767 0.0} {87848 0.0 92297 0.0 145001 0.0 149450 0.0} {89318 0.0 93697 0.0 146471 0.0 150850 0.0} {92258 0.0 96496 0.0 149411 0.0 153649 0.0} {98137 0.0 102092 0.0 155290 0.0 159245 0.0}} {1 0 0 0 0 0 0 0 0 3836 3521 11584 10862 34829 32886 104564 98957} {0 0 1.0 5 0.0 1.0 1.0 1.0 1.0 4.6 1.9 2.0 31 30 61 60 2000 1 2 2 0 0 0 0 0 0 0 0 -111111111 X 0 0} 0 {2 0 X} {-111111111 -111111111}
::rc_st::fg::map_reify_hier_drvr_info {1 . A 11} {2 -1840559247 -340034827} {{86503 0.0 88695 0.0 143656 0.0 145848 0.0} {86600 0.0 88804 0.0 143753 0.0 145957 0.0} {86786 0.0 89031 0.0 143939 0.0 146184 0.0} {87160 0.0 89520 0.0 144313 0.0 146673 0.0} {87849 0.0 90421 0.0 145002 0.0 147574 0.0} {89080 0.0 91956 0.0 146233 0.0 149109 0.0} {91541 0.0 95026 0.0 148694 0.0 152179 0.0} {96463 0.0 101168 0.0 153616 0.0 158321 0.0}} {1 0 0 0 0 0 0 0 0 3455 3638 10378 10668 31148 31758 93456 95028} {0 0 1.0 5 0.0 1.0 1.0 1.0 1.0 4.6 1.9 2.0 31 30 61 60 2000 1 2 2 0 0 0 0 0 0 0 0 -111111111 X 0 0} 0 {2 0 X} {-111111111 -111111111}
::rc_st::fg::map_reify_hier_drvr_info {1 . A 12} {2 -1840559247 -340034827} {{91583 0.0 93573 0.0 148736 0.0 150726 0.0} {91702 0.0 93668 0.0 148855 0.0 150821 0.0} {91943 0.0 93837 0.0 149096 0.0 150990 0.0} {92438 0.0 94171 0.0 149591 0.0 151324 0.0} {93287 0.0 94851 0.0 150440 0.0 152004 0.0} {94692 0.0 96206 0.0 151845 0.0 153359 0.0} {97504 0.0 98917 0.0 154657 0.0 156070 0.0} {103128 0.0 104338 0.0 160281 0.0 161491 0.0}} {1 0 0 0 0 0 0 0 0 3675 3538 11076 10357 33279 31284 99886 94066} {0 0 1.0 5 0.0 1.0 1.0 1.0 1.0 4.6 1.9 2.0 31 30 61 60 2000 1 2 2 0 0 0 0 0 0 0 0 -111111111 X 0 0} 0 {2 0 X} {-111111111 -111111111}
::rc_st::fg::map_reify_hier_drvr_info {1 . A 13} {2 -1840559247 -340034827} {{90894 0.0 93777 0.0 148047 0.0 150930 0.0} {91013 0.0 93872 0.0 148166 0.0 151025 0.0} {91254 0.0 94042 0.0 148407 0.0 151195 0.0} {91751 0.0 94375 0.0 148904 0.0 151528 0.0} {92607 0.0 95057 0.0 149760 0.0 152210 0.0} {94029 0.0 96422 0.0 151182 0.0 153575 0.0} {96874 0.0 99154 0.0 154027 0.0 156307 0.0} {102561 0.0 104619 0.0 159714 0.0 161772 0.0}} {1 0 0 0 0 0 0 0 0 3716 3663 11203 10752 33666 32021 101056 95828} {0 0 1.0 5 0.0 1.0 1.0 1.0 1.0 4.6 1.9 2.0 31 30 61 60 2000 1 2 2 0 0 0 0 0 0 0 0 -111111111 X 0 0} 0 {2 0 X} {-111111111 -111111111}
::rc_st::fg::map_reify_hier_drvr_info {1 . A 14} {2 -1840559247 -340034827} {{94005 0.0 94849 0.0 151158 0.0 152002 0.0} {94111 0.0 94951 0.0 151264 0.0 152104 0.0} {94275 0.0 95149 0.0 151428 0.0 152302 0.0} {94556 0.0 95464 0.0 151709 0.0 152617 0.0} {94958 0.0 95871 0.0 152111 0.0 153024 0.0} {95603 0.0 96459 0.0 152756 0.0 153612 0.0} {96892 0.0 97805 0.0 154045 0.0 154958 0.0} {99472 0.0 103013 0.0 156625 0.0 160166 0.0}} {1 0 0 0 0 0 0 0 0 2960 3133 8940 8925 26879 26300 80698 78425} {0 0 1.0 5 0.0 1.0 1.0 1.0 1.0 4.6 1.9 2.0 58 58 89 88 2000 1 2 2 0 0 0 0 0 0 0 0 -111111111 X 0 0} 0 {2 0 X} {-111111111 -111111111}
::rc_st::fg::map_reify_hier_drvr_info {1 . A 15} {2 -1840559247 -340034827} {{92688 0.0 93340 0.0 149841 0.0 150493 0.0} {92793 0.0 93443 0.0 149946 0.0 150596 0.0} {92957 0.0 93639 0.0 150110 0.0 150792 0.0} {93235 0.0 93952 0.0 150388 0.0 151105 0.0} {93635 0.0 94356 0.0 150788 0.0 151509 0.0} {94450 0.0 95751 0.0 151603 0.0 152904 0.0} {96790 0.0 98908 0.0 153943 0.0 156061 0.0} {101470 0.0 105220 0.0 158623 0.0 162373 0.0}} {1 0 0 0 0 0 0 0 0 3100 3699 9149 11147 27296 33490 81738 100520} {0 0 1.0 5 0.0 1.0 1.0 1.0 1.0 4.6 1.9 2.0 58 58 89 89 2000 1 2 2 0 0 0 0 0 0 0 0 -111111111 X 0 0} 0 {2 0 X} {-111111111 -111111111}
::rc_st::fg::map_reify_hier_drvr_info {1 . A 16} {2 -1840559247 -340034827} {{92524 0.0 94280 0.0 149677 0.0 151433 0.0} {92639 0.0 94387 0.0 149792 0.0 151540 0.0} {92832 0.0 94601 0.0 149985 0.0 151754 0.0} {93170 0.0 94995 0.0 150323 0.0 152148 0.0} {93669 0.0 95540 0.0 150822 0.0 152693 0.0} {94473 0.0 96352 0.0 151626 0.0 153505 0.0} {96081 0.0 97976 0.0 153234 0.0 155129 0.0} {99296 0.0 101223 0.0 156449 0.0 158376 0.0}} {1 0 0 0 0 0 0 0 0 2043 0 6105 5145 18290 15015 54847 44625} {0 0 1.0 5 0.0 1.0 1.0 1.0 1.0 4.6 1.9 2.0 58 58 58 58 1000 1 1 1 0 0 0 0 0 0 0 0 -111111111 X 0 0} 0 {2 0 X} {-111111111 -111111111}
::rc_st::fg::map_reify_hier_drvr_info {1 . A 17} {2 -1840559247 -340034827} {{91582 0.0 96530 0.0 148735 0.0 153683 0.0} {91704 0.0 96612 0.0 148857 0.0 153765 0.0} {91945 0.0 96785 0.0 149098 0.0 153938 0.0} {92442 0.0 97158 0.0 149595 0.0 154311 0.0} {93305 0.0 97987 0.0 150458 0.0 155140 0.0} {94737 0.0 99760 0.0 151890 0.0 156913 0.0} {97602 0.0 103308 0.0 154755 0.0 160461 0.0} {103330 0.0 110401 0.0 160483 0.0 167554 0.0}} {1 0 0 0 0 0 0 0 0 3722 4285 11213 13373 33685 40639 101102 122436} {0 0 1.0 5 0.0 1.0 1.0 1.0 1.0 4.6 1.9 2.0 31 31 62 61 2000 1 2 2 0 0 0 0 0 0 0 0 -111111111 X 0 0} 0 {2 0 X} {-111111111 -111111111}
::rc_st::fg::map_reify_hier_drvr_info {1 . A 18} {2 -1840559247 -340034827} {{94466 0.0 98216 0.0 151619 0.0 155369 0.0} {94572 0.0 98318 0.0 151725 0.0 155471 0.0} {94736 0.0 98516 0.0 151889 0.0 155669 0.0} {95017 0.0 98831 0.0 152170 0.0 155984 0.0} {95419 0.0 99238 0.0 152572 0.0 156391 0.0} {96133 0.0 100377 0.0 153286 0.0 157530 0.0} {98554 0.0 103372 0.0 155707 0.0 160525 0.0} {103395 0.0 109361 0.0 160548 0.0 166514 0.0}} {1 0 0 0 0 0 0 0 0 3248 3585 9883 10407 29786 30871 89497 92262} {0 0 1.0 5 0.0 1.0 1.0 1.0 1.0 4.6 1.9 2.0 58 58 89 88 2000 1 2 2 0 0 0 0 0 0 0 0 -111111111 X 0 0} 0 {2 0 X} {-111111111 -111111111}
::rc_st::fg::map_reify_hier_drvr_info {1 . A 19} {2 -1840559247 -340034827} {{94812 0.0 97232 0.0 151965 0.0 154385 0.0} {94912 0.0 97343 0.0 152065 0.0 154496 0.0} {95099 0.0 97568 0.0 152252 0.0 154721 0.0} {95458 0.0 97994 0.0 152611 0.0 155147 0.0} {96095 0.0 98672 0.0 153248 0.0 155825 0.0} {97216 0.0 99712 0.0 154369 0.0 156865 0.0} {99456 0.0 101792 0.0 156609 0.0 158945 0.0} {103937 0.0 106086 0.0 161090 0.0 163239 0.0}} {1 0 0 0 0 0 0 0 0 3334 3615 10297 10939 31186 32912 93852 98830} {0 0 1.0 5 0.0 1.0 1.0 1.0 1.0 4.6 1.9 2.0 31 31 51 51 2000 1 2 2 0 0 0 0 0 0 0 0 -111111111 X 0 0} 0 {2 0 X} {-111111111 -111111111}
::rc_st::fg::map_reify_hier_drvr_info {1 . A 20} {2 -1840559247 -340034827} {{97878 0.0 100035 0.0 155031 0.0 157188 0.0} {97984 0.0 100137 0.0 155137 0.0 157290 0.0} {98148 0.0 100335 0.0 155301 0.0 157488 0.0} {98429 0.0 100650 0.0 155582 0.0 157803 0.0} {98831 0.0 101057 0.0 155984 0.0 158210 0.0} {99476 0.0 101645 0.0 156629 0.0 158798 0.0} {100765 0.0 102952 0.0 157918 0.0 160105 0.0} {103345 0.0 108941 0.0 160498 0.0 166094 0.0}} {1 0 0 0 0 0 0 0 0 3248 3585 9883 10407 29786 30871 89497 92262} {0 0 1.0 5 0.0 1.0 1.0 1.0 1.0 4.6 1.9 2.0 58 58 89 88 2000 1 2 2 0 0 0 0 0 0 0 0 -111111111 X 0 0} 0 {2 0 X} {-111111111 -111111111}
::rc_st::fg::map_reify_hier_drvr_info {1 . A 21} {2 -1840559247 -340034827} {{97697 0.0 102070 0.0 154850 0.0 159223 0.0} {97818 0.0 102151 0.0 154971 0.0 159304 0.0} {98057 0.0 102323 0.0 155210 0.0 159476 0.0} {98533 0.0 102710 0.0 155686 0.0 159863 0.0} {99316 0.0 103538 0.0 156469 0.0 160691 0.0} {100587 0.0 105199 0.0 157740 0.0 162352 0.0} {103127 0.0 108519 0.0 160280 0.0 165672 0.0} {108210 0.0 115158 0.0 165363 0.0 172311 0.0}} {1 0 0 0 0 0 0 0 0 3310 3914 9910 12010 29712 36299 89116 109166} {0 0 1.0 5 0.0 1.0 1.0 1.0 1.0 4.6 1.9 2.0 31 31 61 61 2000 1 2 2 0 0 0 0 0 0 0 0 -111111111 X 0 0} 0 {2 0 X} {-111111111 -111111111}
::rc_st::fg::map_reify_hier_drvr_info {1 . A 22} {2 -1840559247 -340034827} {{100105 0.0 105254 0.0 157258 0.0 162407 0.0} {100220 0.0 105361 0.0 157373 0.0 162514 0.0} {100413 0.0 105575 0.0 157566 0.0 162728 0.0} {100751 0.0 105969 0.0 157904 0.0 163122 0.0} {101250 0.0 106514 0.0 158403 0.0 163667 0.0} {102054 0.0 107326 0.0 159207 0.0 164479 0.0} {103662 0.0 108950 0.0 160815 0.0 166103 0.0} {106877 0.0 112197 0.0 164030 0.0 169350 0.0}} {1 0 0 0 0 0 0 0 0 2043 0 6105 5145 18290 15015 54847 44625} {0 0 1.0 5 0.0 1.0 1.0 1.0 1.0 4.6 1.9 2.0 58 58 58 58 1000 1 1 1 0 0 0 0 0 0 0 0 -111111111 X 0 0} 0 {2 0 X} {-111111111 -111111111}
::rc_st::fg::map_reify_hier_drvr_info {1 . A 23} {2 -1840559247 -340034827} {{99401 0.0 103723 0.0 156554 0.0 160876 0.0} {99498 0.0 103832 0.0 156651 0.0 160985 0.0} {99684 0.0 104058 0.0 156837 0.0 161211 0.0} {100057 0.0 104547 0.0 157210 0.0 161700 0.0} {100746 0.0 105448 0.0 157899 0.0 162601 0.0} {101977 0.0 106983 0.0 159130 0.0 164136 0.0} {104438 0.0 110053 0.0 161591 0.0 167206 0.0} {109361 0.0 116195 0.0 166514 0.0 173348 0.0}} {1 0 0 0 0 0 0 0 0 3694 3624 11218 10654 33791 31744 101509 95014} {0 0 1.0 5 0.0 1.0 1.0 1.0 1.0 4.6 1.9 2.0 31 30 50 49 2000 1 2 2 0 0 0 0 0 0 0 0 -111111111 X 0 0} 0 {2 0 X} {-111111111 -111111111}
::rc_st::fg::map_reify_hier_drvr_info {1 . A 24} {2 -1840559247 -340034827} {{95331 0.0 99584 0.0 152484 0.0 156737 0.0} {95426 0.0 99680 0.0 152579 0.0 156833 0.0} {95624 0.0 99853 0.0 152777 0.0 157006 0.0} {96007 0.0 100178 0.0 153160 0.0 157331 0.0} {96723 0.0 100794 0.0 153876 0.0 157947 0.0} {98066 0.0 101981 0.0 155219 0.0 159134 0.0} {100753 0.0 104354 0.0 157906 0.0 161507 0.0} {106130 0.0 109101 0.0 163283 0.0 166254 0.0}} {1 0 0 0 0 0 0 0 0 3950 3993 12375 12258 37650 37051 113474 111433} {0 0 1.0 5 0.0 1.0 1.0 1.0 1.0 4.6 1.9 2.0 64 64 64 64 1000 1 1 1 0 0 0 0 0 0 0 0 -111111111 X 0 0} 0 {2 0 X} {-111111111 -111111111}
::rc_st::fg::map_reify_hier_drvr_info {1 . A 25} {2 -1840559247 -340034827} {{98568 0.0 103546 0.0 155721 0.0 160699 0.0} {98665 0.0 103642 0.0 155818 0.0 160795 0.0} {98866 0.0 103815 0.0 156019 0.0 160968 0.0} {99250 0.0 104141 0.0 156403 0.0 161294 0.0} {99963 0.0 104755 0.0 157116 0.0 161908 0.0} {101296 0.0 105916 0.0 158449 0.0 163069 0.0} {103959 0.0 108245 0.0 161112 0.0 165398 0.0} {109286 0.0 112903 0.0 166439 0.0 170056 0.0}} {1 0 0 0 0 0 0 0 0 3907 4002 12218 12294 37151 37173 111951 111807} {0 0 1.0 5 0.0 1.0 1.0 1.0 1.0 4.6 1.9 2.0 64 64 64 64 1000 1 1 1 0 0 0 0 0 0 0 0 -111111111 X 0 0} 0 {2 0 X} {-111111111 -111111111}
::rc_st::fg::map_reify_hier_drvr_info {1 . A 26} {2 -1840559247 -340034827} {{104215 0.0 109910 0.0 161368 0.0 167063 0.0} {104337 0.0 110003 0.0 161490 0.0 167156 0.0} {104580 0.0 110171 0.0 161733 0.0 167324 0.0} {105025 0.0 110488 0.0 162178 0.0 167641 0.0} {105752 0.0 111053 0.0 162905 0.0 168206 0.0} {106952 0.0 112046 0.0 164105 0.0 169199 0.0} {109349 0.0 114334 0.0 166502 0.0 171487 0.0} {114144 0.0 120323 0.0 171297 0.0 177476 0.0}} {1 0 0 0 0 0 0 0 0 3703 3536 11247 10358 33882 30822 101786 92213} {0 0 1.0 5 0.0 1.0 1.0 1.0 1.0 4.6 1.9 2.0 31 30 50 49 2000 1 2 2 0 0 0 0 0 0 0 0 -111111111 X 0 0} 0 {2 0 X} {-111111111 -111111111}
::rc_st::fg::map_reify_hier_drvr_info {1 . A 27} {2 -1840559247 -340034827} {{105331 0.0 108378 0.0 162484 0.0 165531 0.0} {105446 0.0 108485 0.0 162599 0.0 165638 0.0} {105639 0.0 108699 0.0 162792 0.0 165852 0.0} {105977 0.0 109093 0.0 163130 0.0 166246 0.0} {106476 0.0 109638 0.0 163629 0.0 166791 0.0} {107280 0.0 110450 0.0 164433 0.0 167603 0.0} {108888 0.0 112074 0.0 166041 0.0 169227 0.0} {112103 0.0 115321 0.0 169256 0.0 172474 0.0}} {1 0 0 0 0 0 0 0 0 2043 0 6105 5145 18290 15015 54847 44625} {0 0 1.0 5 0.0 1.0 1.0 1.0 1.0 4.6 1.9 2.0 58 58 58 58 1000 1 1 1 0 0 0 0 0 0 0 0 -111111111 X 0 0} 0 {2 0 X} {-111111111 -111111111}
::rc_st::fg::map_reify_hier_drvr_info {1 . A 28} {2 -1840559247 -340034827} {{104739 0.0 109268 0.0 161892 0.0 166421 0.0} {104853 0.0 109374 0.0 162006 0.0 166527 0.0} {105041 0.0 109596 0.0 162194 0.0 166749 0.0} {105365 0.0 109972 0.0 162518 0.0 167125 0.0} {105833 0.0 110474 0.0 162986 0.0 167627 0.0} {106772 0.0 111452 0.0 163925 0.0 168605 0.0} {109158 0.0 114382 0.0 166311 0.0 171535 0.0} {113928 0.0 120241 0.0 171081 0.0 177394 0.0}} {1 0 0 0 0 0 0 0 0 3202 3511 9730 10153 29314 30080 88064 89862} {0 0 1.0 5 0.0 1.0 1.0 1.0 1.0 4.6 1.9 2.0 58 58 89 88 2000 1 2 2 0 0 0 0 0 0 0 0 -111111111 X 0 0} 0 {2 0 X} {-111111111 -111111111}
::rc_st::fg::map_reify_hier_drvr_info {1 . A 29} {2 -1840559247 -340034827} {{107398 0.0 112774 0.0 164551 0.0 169927 0.0} {107519 0.0 112867 0.0 164672 0.0 170020 0.0} {107762 0.0 113035 0.0 164915 0.0 170188 0.0} {108210 0.0 113352 0.0 165363 0.0 170505 0.0} {108937 0.0 113911 0.0 166090 0.0 171064 0.0} {110140 0.0 114884 0.0 167293 0.0 172037 0.0} {112544 0.0 116830 0.0 169697 0.0 173983 0.0} {117351 0.0 122086 0.0 174504 0.0 179239 0.0}} {1 0 0 0 0 0 0 0 0 3694 3462 11218 10104 33791 30031 101509 89813} {0 0 1.0 5 0.0 1.0 1.0 1.0 1.0 4.6 1.9 2.0 31 30 50 49 2000 1 2 2 0 0 0 0 0 0 0 0 -111111111 X 0 0} 0 {2 0 X} {-111111111 -111111111}
::rc_st::fg::map_reify_hier_drvr_info {1 . A 30} {2 -1840559247 -340034827} {{109020 0.0 114062 0.0 166173 0.0 171215 0.0} {109116 0.0 114158 0.0 166269 0.0 171311 0.0} {109315 0.0 114332 0.0 166468 0.0 171485 0.0} {109698 0.0 114657 0.0 166851 0.0 171810 0.0} {110413 0.0 115272 0.0 167566 0.0 172425 0.0} {111755 0.0 116455 0.0 168908 0.0 173608 0.0} {114439 0.0 118821 0.0 171592 0.0 175974 0.0} {119809 0.0 123553 0.0 176962 0.0 180706 0.0}} {1 0 0 0 0 0 0 0 0 3944 3996 12350 12271 37569 37094 113225 111565} {0 0 1.0 5 0.0 1.0 1.0 1.0 1.0 4.6 1.9 2.0 64 64 64 64 1000 1 1 1 0 0 0 0 0 0 0 0 -111111111 X 0 0} 0 {2 0 X} {-111111111 -111111111}
::rc_st::fg::map_reify_hier_drvr_info {1 . A 31} {2 -1840559247 -340034827} {{112245 0.0 116385 0.0 169398 0.0 173538 0.0} {112348 0.0 116486 0.0 169501 0.0 173639 0.0} {112508 0.0 116680 0.0 169661 0.0 173833 0.0} {112778 0.0 116981 0.0 169931 0.0 174134 0.0} {113164 0.0 117364 0.0 170317 0.0 174517 0.0} {113782 0.0 117916 0.0 170935 0.0 175069 0.0} {115019 0.0 119018 0.0 172172 0.0 176171 0.0} {117491 0.0 121223 0.0 174644 0.0 178376 0.0}} {1 0 0 0 0 0 0 0 0 3311 3411 10190 10116 32344 30231 98807 90576} {0 0 1.0 5 0.0 1.0 1.0 1.0 1.0 4.6 1.9 2.0 58 58 96 95 2000 1 2 2 0 0 0 0 0 0 0 0 -111111111 X 0 0} 0 {2 0 X} {-111111111 -111111111}
::rc_st::fg::map_reify_hier_drvr_info {1 . B 0} {2 -1840559247 -340034827} {{60333 0.0 60334 0.0 117486 0.0 117487 0.0} {60454 0.0 60454 0.0 117607 0.0 117607 0.0} {60669 0.0 60669 0.0 117822 0.0 117822 0.0} {61014 0.0 61015 0.0 118167 0.0 118168 0.0} {61524 0.0 61535 0.0 118677 0.0 118688 0.0} {62492 0.0 62486 0.0 119645 0.0 119639 0.0} {65030 0.0 65024 0.0 122183 0.0 122177 0.0} {70109 0.0 70103 0.0 127262 0.0 127256 0.0}} {1 0 0 0 0 0 0 0 0 3833 3608 11589 11364 34854 34629 104650 104425} {0 0 1.0 5 0.0 1.0 1.0 1.0 1.0 4.6 1.9 2.0 39 39 39 39 1000 1 1 1 0 0 0 0 0 0 0 0 -111111111 X 0 0} 0 {2 0 X} {-111111111 -111111111}
::rc_st::fg::map_reify_hier_drvr_info {1 . B 1} {2 -1840559247 -340034827} {{61104 0.0 60539 0.0 118257 0.0 117692 0.0} {61218 0.0 60645 0.0 118371 0.0 117798 0.0} {61407 0.0 60855 0.0 118560 0.0 118008 0.0} {61732 0.0 61237 0.0 118885 0.0 118390 0.0} {62211 0.0 61757 0.0 119364 0.0 118910 0.0} {62980 0.0 62523 0.0 120133 0.0 119676 0.0} {64519 0.0 64054 0.0 121672 0.0 121207 0.0} {67597 0.0 67118 0.0 124750 0.0 124271 0.0}} {1 0 0 0 0 0 0 0 0 0 0 5815 4811 17426 14014 52258 41624} {0 0 1.0 5 0.0 1.0 1.0 1.0 1.0 4.6 1.9 2.0 58 58 58 58 1000 1 1 1 0 0 0 0 0 0 0 0 -111111111 X 0 0} 0 {2 0 X} {-111111111 -111111111}
::rc_st::fg::map_reify_hier_drvr_info {1 . B 2} {2 -1840559247 -340034827} {{65248 0.0 64249 0.0 122401 0.0 121402 0.0} {65366 0.0 64356 0.0 122519 0.0 121509 0.0} {65597 0.0 64593 0.0 122750 0.0 121746 0.0} {66022 0.0 65060 0.0 123175 0.0 122213 0.0} {66662 0.0 65801 0.0 123815 0.0 122954 0.0} {67692 0.0 66952 0.0 124845 0.0 124105 0.0} {69753 0.0 69255 0.0 126906 0.0 126408 0.0} {73874 0.0 73857 0.0 131027 0.0 131010 0.0}} {1 0 0 0 0 0 0 0 0 2749 2744 8034 7694 23888 22545 71450 67099} {0 0 1.0 5 0.0 1.0 1.0 1.0 1.0 4.6 1.9 2.0 30 30 30 30 1000 1 1 1 0 0 0 0 0 0 0 0 -111111111 X 0 0} 0 {2 0 X} {-111111111 -111111111}
::rc_st::fg::map_reify_hier_drvr_info {1 . B 3} {2 -1840559247 -340034827} {{69158 0.0 67491 0.0 126311 0.0 124644 0.0} {69276 0.0 67598 0.0 126429 0.0 124751 0.0} {69507 0.0 67835 0.0 126660 0.0 124988 0.0} {69932 0.0 68302 0.0 127085 0.0 125455 0.0} {70572 0.0 69043 0.0 127725 0.0 126196 0.0} {71602 0.0 70194 0.0 128755 0.0 127347 0.0} {73663 0.0 72497 0.0 130816 0.0 129650 0.0} {77784 0.0 77099 0.0 134937 0.0 134252 0.0}} {1 0 0 0 0 0 0 0 0 2749 2744 8034 7694 23888 22545 71450 67099} {0 0 1.0 5 0.0 1.0 1.0 1.0 1.0 4.6 1.9 2.0 30 30 30 30 1000 1 1 1 0 0 0 0 0 0 0 0 -111111111 X 0 0} 0 {2 0 X} {-111111111 -111111111}
::rc_st::fg::map_reify_hier_drvr_info {1 . B 4} {2 -1840559247 -340034827} {{73068 0.0 70733 0.0 130221 0.0 127886 0.0} {73186 0.0 70840 0.0 130339 0.0 127993 0.0} {73417 0.0 71077 0.0 130570 0.0 128230 0.0} {73842 0.0 71544 0.0 130995 0.0 128697 0.0} {74482 0.0 72285 0.0 131635 0.0 129438 0.0} {75512 0.0 73436 0.0 132665 0.0 130589 0.0} {77573 0.0 75739 0.0 134726 0.0 132892 0.0} {81694 0.0 80341 0.0 138847 0.0 137494 0.0}} {1 0 0 0 0 0 0 0 0 2749 2744 8034 7694 23888 22545 71450 67099} {0 0 1.0 5 0.0 1.0 1.0 1.0 1.0 4.6 1.9 2.0 30 30 30 30 1000 1 1 1 0 0 0 0 0 0 0 0 -111111111 X 0 0} 0 {2 0 X} {-111111111 -111111111}
::rc_st::fg::map_reify_hier_drvr_info {1 . B 5} {2 -1840559247 -340034827} {{76978 0.0 73975 0.0 134131 0.0 131128 0.0} {77096 0.0 74082 0.0 134249 0.0 131235 0.0} {77327 0.0 74319 0.0 134480 0.0 131472 0.0} {77752 0.0 74786 0.0 134905 0.0 131939 0.0} {78392 0.0 75527 0.0 135545 0.0 132680 0.0} {79422 0.0 76678 0.0 136575 0.0 133831 0.0} {81483 0.0 78981 0.0 138636 0.0 136134 0.0} {85604 0.0 83583 0.0 142757 0.0 140736 0.0}} {1 0 0 0 0 0 0 0 0 2749 2744 8034 7694 23888 22545 71450 67099} {0 0 1.0 5 0.0 1.0 1.0 1.0 1.0 4.6 1.9 2.0 30 30 30 30 1000 1 1 1 0 0 0 0 0 0 0 0 -111111111 X 0 0} 0 {2 0 X} {-111111111 -111111111}
::rc_st::fg::map_reify_hier_drvr_info {1 . B 6} {2 -1840559247 -340034827} {{84547 0.0 80908 0.0 141700 0.0 138061 0.0} {84662 0.0 81014 0.0 141815 0.0 138167 0.0} {84856 0.0 81227 0.0 142009 0.0 138380 0.0} {85193 0.0 81621 0.0 142346 0.0 138774 0.0} {85694 0.0 82166 0.0 142847 0.0 139319 0.0} {86496 0.0 82976 0.0 143649 0.0 140129 0.0} {88102 0.0 84594 0.0 145255 0.0 141747 0.0} {91312 0.0 87832 0.0 148465 0.0 144985 0.0}} {1 0 0 0 0 0 0 0 0 2035 0 6089 5135 18248 14984 54727 44531} {0 0 1.0 5 0.0 1.0 1.0 1.0 1.0 4.6 1.9 2.0 58 58 58 58 1000 1 1 1 0 0 0 0 0 0 0 0 -111111111 X 0 0} 0 {2 0 X} {-111111111 -111111111}
::rc_st::fg::map_reify_hier_drvr_info {1 . B 7} {2 -1840559247 -340034827} {{84685 0.0 81085 0.0 141838 0.0 138238 0.0} {84800 0.0 81191 0.0 141953 0.0 138344 0.0} {84994 0.0 81404 0.0 142147 0.0 138557 0.0} {85331 0.0 81798 0.0 142484 0.0 138951 0.0} {85832 0.0 82343 0.0 142985 0.0 139496 0.0} {86634 0.0 83153 0.0 143787 0.0 140306 0.0} {88240 0.0 84771 0.0 145393 0.0 141924 0.0} {91450 0.0 88009 0.0 148603 0.0 145162 0.0}} {1 0 0 0 0 0 0 0 0 2035 0 6089 5135 18248 14984 54727 44531} {0 0 1.0 5 0.0 1.0 1.0 1.0 1.0 4.6 1.9 2.0 58 58 58 58 1000 1 1 1 0 0 0 0 0 0 0 0 -111111111 X 0 0} 0 {2 0 X} {-111111111 -111111111}
::rc_st::fg::map_reify_hier_drvr_info {1 . B 8} {2 -1840559247 -340034827} {{89123 0.0 87297 0.0 146276 0.0 144450 0.0} {89239 0.0 87403 0.0 146392 0.0 144556 0.0} {89441 0.0 87624 0.0 146594 0.0 144777 0.0} {89799 0.0 88042 0.0 146952 0.0 145195 0.0} {90328 0.0 88633 0.0 147481 0.0 145786 0.0} {91179 0.0 89513 0.0 148332 0.0 146666 0.0} {92881 0.0 91271 0.0 150034 0.0 148424 0.0} {96286 0.0 94790 0.0 153439 0.0 151943 0.0}} {1 0 0 0 0 0 0 0 0 3442 3166 10387 9593 31221 28876 93724 86722} {0 0 1.0 5 0.0 1.0 1.0 1.0 1.0 4.6 1.9 2.0 30 30 60 60 2000 1 2 2 0 0 0 0 0 0 0 0 -111111111 X 0 0} 0 {2 0 X} {-111111111 -111111111}
::rc_st::fg::map_reify_hier_drvr_info {1 . B 9} {2 -1840559247 -340034827} {{89899 0.0 87273 0.0 147052 0.0 144426 0.0} {90014 0.0 87379 0.0 147167 0.0 144532 0.0} {90208 0.0 87592 0.0 147361 0.0 144745 0.0} {90545 0.0 87986 0.0 147698 0.0 145139 0.0} {91046 0.0 88531 0.0 148199 0.0 145684 0.0} {91848 0.0 89341 0.0 149001 0.0 146494 0.0} {93454 0.0 90959 0.0 150607 0.0 148112 0.0} {96664 0.0 94197 0.0 153817 0.0 151350 0.0}} {1 0 0 0 0 0 0 0 0 2035 0 6089 5135 18248 14984 54727 44531} {0 0 1.0 5 0.0 1.0 1.0 1.0 1.0 4.6 1.9 2.0 58 58 58 58 1000 1 1 1 0 0 0 0 0 0 0 0 -111111111 X 0 0} 0 {2 0 X} {-111111111 -111111111}
::rc_st::fg::map_reify_hier_drvr_info {1 . B 10} {2 -1840559247 -340034827} {{91359 0.0 86853 0.0 148512 0.0 144006 0.0} {91474 0.0 86959 0.0 148627 0.0 144112 0.0} {91668 0.0 87172 0.0 148821 0.0 144325 0.0} {92005 0.0 87566 0.0 149158 0.0 144719 0.0} {92506 0.0 88111 0.0 149659 0.0 145264 0.0} {93308 0.0 88921 0.0 150461 0.0 146074 0.0} {94914 0.0 90539 0.0 152067 0.0 147692 0.0} {98124 0.0 93777 0.0 155277 0.0 150930 0.0}} {1 0 0 0 0 0 0 0 0 2035 0 6089 5135 18248 14984 54727 44531} {0 0 1.0 5 0.0 1.0 1.0 1.0 1.0 4.6 1.9 2.0 58 58 58 58 1000 1 1 1 0 0 0 0 0 0 0 0 -111111111 X 0 0} 0 {2 0 X} {-111111111 -111111111}
::rc_st::fg::map_reify_hier_drvr_info {1 . B 11} {2 -1840559247 -340034827} {{89149 0.0 87231 0.0 146302 0.0 144384 0.0} {89264 0.0 87337 0.0 146417 0.0 144490 0.0} {89458 0.0 87550 0.0 146611 0.0 144703 0.0} {89795 0.0 87944 0.0 146948 0.0 145097 0.0} {90296 0.0 88489 0.0 147449 0.0 145642 0.0} {91098 0.0 89299 0.0 148251 0.0 146452 0.0} {92704 0.0 90917 0.0 149857 0.0 148070 0.0} {95914 0.0 94155 0.0 153067 0.0 151308 0.0}} {1 0 0 0 0 0 0 0 0 2035 0 6089 5135 18248 14984 54727 44531} {0 0 1.0 5 0.0 1.0 1.0 1.0 1.0 4.6 1.9 2.0 58 58 58 58 1000 1 1 1 0 0 0 0 0 0 0 0 -111111111 X 0 0} 0 {2 0 X} {-111111111 -111111111}
::rc_st::fg::map_reify_hier_drvr_info {1 . B 12} {2 -1840559247 -340034827} {{93913 0.0 92331 0.0 151066 0.0 149484 0.0} {94028 0.0 92437 0.0 151181 0.0 149590 0.0} {94222 0.0 92650 0.0 151375 0.0 149803 0.0} {94559 0.0 93044 0.0 151712 0.0 150197 0.0} {95060 0.0 93589 0.0 152213 0.0 150742 0.0} {95862 0.0 94399 0.0 153015 0.0 151552 0.0} {97468 0.0 96017 0.0 154621 0.0 153170 0.0} {100678 0.0 99255 0.0 157831 0.0 156408 0.0}} {1 0 0 0 0 0 0 0 0 2035 0 6089 5135 18248 14984 54727 44531} {0 0 1.0 5 0.0 1.0 1.0 1.0 1.0 4.6 1.9 2.0 58 58 58 58 1000 1 1 1 0 0 0 0 0 0 0 0 -111111111 X 0 0} 0 {2 0 X} {-111111111 -111111111}
::rc_st::fg::map_reify_hier_drvr_info {1 . B 13} {2 -1840559247 -340034827} {{94118 0.0 91642 0.0 151271 0.0 148795 0.0} {94233 0.0 91748 0.0 151386 0.0 148901 0.0} {94427 0.0 91961 0.0 151580 0.0 149114 0.0} {94764 0.0 92355 0.0 151917 0.0 149508 0.0} {95265 0.0 92900 0.0 152418 0.0 150053 0.0} {96067 0.0 93710 0.0 153220 0.0 150863 0.0} {97673 0.0 95328 0.0 154826 0.0 152481 0.0} {100883 0.0 98566 0.0 158036 0.0 155719 0.0}} {1 0 0 0 0 0 0 0 0 2035 0 6089 5135 18248 14984 54727 44531} {0 0 1.0 5 0.0 1.0 1.0 1.0 1.0 4.6 1.9 2.0 58 58 58 58 1000 1 1 1 0 0 0 0 0 0 0 0 -111111111 X 0 0} 0 {2 0 X} {-111111111 -111111111}
::rc_st::fg::map_reify_hier_drvr_info {1 . B 14} {2 -1840559247 -340034827} {{94364 0.0 93701 0.0 151517 0.0 150854 0.0} {94463 0.0 93810 0.0 151616 0.0 150963 0.0} {94649 0.0 94033 0.0 151802 0.0 151186 0.0} {95027 0.0 94521 0.0 152180 0.0 151674 0.0} {95753 0.0 95477 0.0 152906 0.0 152630 0.0} {97095 0.0 97223 0.0 154248 0.0 154376 0.0} {99778 0.0 100717 0.0 156931 0.0 157870 0.0} {105145 0.0 107701 0.0 162298 0.0 164854 0.0}} {1 0 0 0 0 0 0 0 0 3531 4113 10966 12306 33271 36884 100187 110619} {0 0 1.0 5 0.0 1.0 1.0 1.0 1.0 4.6 1.9 2.0 31 30 61 60 2000 1 2 2 0 0 0 0 0 0 0 0 -111111111 X 0 0} 0 {2 0 X} {-111111111 -111111111}
::rc_st::fg::map_reify_hier_drvr_info {1 . B 15} {2 -1840559247 -340034827} {{93434 0.0 92669 0.0 150587 0.0 149822 0.0} {93550 0.0 92775 0.0 150703 0.0 149928 0.0} {93750 0.0 92996 0.0 150903 0.0 150149 0.0} {94106 0.0 93411 0.0 151259 0.0 150564 0.0} {94630 0.0 93995 0.0 151783 0.0 151148 0.0} {95764 0.0 95024 0.0 152917 0.0 152177 0.0} {98328 0.0 97547 0.0 155481 0.0 154700 0.0} {103456 0.0 102592 0.0 160609 0.0 159745 0.0}} {1 0 0 0 0 0 0 0 0 3341 3079 10069 9278 30252 27875 90801 83665} {0 0 1.0 5 0.0 1.0 1.0 1.0 1.0 4.6 1.9 2.0 30 30 60 60 2000 1 2 2 0 0 0 0 0 0 0 0 -111111111 X 0 0} 0 {2 0 X} {-111111111 -111111111}
::rc_st::fg::map_reify_hier_drvr_info {1 . B 16} {2 -1840559247 -340034827} {{93559 0.0 92068 0.0 150712 0.0 149221 0.0} {93657 0.0 92177 0.0 150810 0.0 149330 0.0} {93842 0.0 92402 0.0 150995 0.0 149555 0.0} {94216 0.0 92892 0.0 151369 0.0 150045 0.0} {94911 0.0 93800 0.0 152064 0.0 150953 0.0} {96155 0.0 95363 0.0 153308 0.0 152516 0.0} {98647 0.0 98487 0.0 155800 0.0 155640 0.0} {103627 0.0 104737 0.0 160780 0.0 161890 0.0}} {1 0 0 0 0 0 0 0 0 3282 3690 10130 10869 30674 32406 92306 97018} {0 0 1.0 5 0.0 1.0 1.0 1.0 1.0 4.6 1.9 2.0 31 30 61 60 2000 1 2 2 0 0 0 0 0 0 0 0 -111111111 X 0 0} 0 {2 0 X} {-111111111 -111111111}
::rc_st::fg::map_reify_hier_drvr_info {1 . B 17} {2 -1840559247 -340034827} {{97503 0.0 93015 0.0 154656 0.0 150168 0.0} {97621 0.0 93122 0.0 154774 0.0 150275 0.0} {97856 0.0 93358 0.0 155009 0.0 150511 0.0} {98297 0.0 93834 0.0 155450 0.0 150987 0.0} {98967 0.0 94610 0.0 156120 0.0 151763 0.0} {100047 0.0 95826 0.0 157200 0.0 152979 0.0} {102206 0.0 98256 0.0 159359 0.0 155409 0.0} {106524 0.0 103118 0.0 163677 0.0 160271 0.0}} {1 0 0 0 0 0 0 0 0 2884 2898 8435 8168 25089 23975 75052 71399} {0 0 1.0 5 0.0 1.0 1.0 1.0 1.0 4.6 1.9 2.0 30 30 30 30 1000 1 1 1 0 0 0 0 0 0 0 0 -111111111 X 0 0} 0 {2 0 X} {-111111111 -111111111}
::rc_st::fg::map_reify_hier_drvr_info {1 . B 18} {2 -1840559247 -340034827} {{97732 0.0 94378 0.0 154885 0.0 151531 0.0} {97831 0.0 94484 0.0 154984 0.0 151637 0.0} {98016 0.0 94707 0.0 155169 0.0 151860 0.0} {98395 0.0 95127 0.0 155548 0.0 152280 0.0} {99126 0.0 95947 0.0 156279 0.0 153100 0.0} {100482 0.0 97726 0.0 157635 0.0 154879 0.0} {103195 0.0 101283 0.0 160348 0.0 158436 0.0} {108620 0.0 108397 0.0 165773 0.0 165550 0.0}} {1 0 0 0 0 0 0 0 0 3568 4188 11092 12560 33664 37675 101380 113019} {0 0 1.0 5 0.0 1.0 1.0 1.0 1.0 4.6 1.9 2.0 31 30 61 60 2000 1 2 2 0 0 0 0 0 0 0 0 -111111111 X 0 0} 0 {2 0 X} {-111111111 -111111111}
::rc_st::fg::map_reify_hier_drvr_info {1 . B 19} {2 -1840559247 -340034827} {{97863 0.0 95873 0.0 155016 0.0 153026 0.0} {97981 0.0 95979 0.0 155134 0.0 153132 0.0} {98209 0.0 96217 0.0 155362 0.0 153370 0.0} {98626 0.0 96677 0.0 155779 0.0 153830 0.0} {99250 0.0 97393 0.0 156403 0.0 154546 0.0} {100252 0.0 98495 0.0 157405 0.0 155648 0.0} {102258 0.0 100700 0.0 159411 0.0 157853 0.0} {106270 0.0 105109 0.0 163423 0.0 162262 0.0}} {1 0 0 0 0 0 0 0 0 2675 2628 7811 7340 23221 21473 69448 63874} {0 0 1.0 5 0.0 1.0 1.0 1.0 1.0 4.6 1.9 2.0 30 30 30 30 1000 1 1 1 0 0 0 0 0 0 0 0 -111111111 X 0 0} 0 {2 0 X} {-111111111 -111111111}
::rc_st::fg::map_reify_hier_drvr_info {1 . B 20} {2 -1840559247 -340034827} {{99551 0.0 97574 0.0 156704 0.0 154727 0.0} {99649 0.0 97682 0.0 156802 0.0 154835 0.0} {99835 0.0 97906 0.0 156988 0.0 155059 0.0} {100210 0.0 98395 0.0 157363 0.0 155548 0.0} {100918 0.0 99323 0.0 158071 0.0 156476 0.0} {102205 0.0 100961 0.0 159358 0.0 158114 0.0} {104777 0.0 104238 0.0 161930 0.0 161391 0.0} {109922 0.0 110790 0.0 167075 0.0 167943 0.0}} {1 0 0 0 0 0 0 0 0 3388 3865 10485 11461 31776 34251 95650 102619} {0 0 1.0 5 0.0 1.0 1.0 1.0 1.0 4.6 1.9 2.0 31 30 61 60 2000 1 2 2 0 0 0 0 0 0 0 0 -111111111 X 0 0} 0 {2 0 X} {-111111111 -111111111}
::rc_st::fg::map_reify_hier_drvr_info {1 . B 21} {2 -1840559247 -340034827} {{102806 0.0 98641 0.0 159959 0.0 155794 0.0} {102922 0.0 98747 0.0 160075 0.0 155900 0.0} {103122 0.0 98968 0.0 160275 0.0 156121 0.0} {103478 0.0 99383 0.0 160631 0.0 156536 0.0} {104002 0.0 99967 0.0 161155 0.0 157120 0.0} {104846 0.0 100837 0.0 161999 0.0 157990 0.0} {106534 0.0 102575 0.0 163687 0.0 159728 0.0} {110161 0.0 107182 0.0 167314 0.0 164335 0.0}} {1 0 0 0 0 0 0 0 0 3451 3174 10418 9625 31317 28975 94016 87028} {0 0 1.0 5 0.0 1.0 1.0 1.0 1.0 4.6 1.9 2.0 30 30 60 60 2000 1 2 2 0 0 0 0 0 0 0 0 -111111111 X 0 0} 0 {2 0 X} {-111111111 -111111111}
::rc_st::fg::map_reify_hier_drvr_info {1 . B 22} {2 -1840559247 -340034827} {{104534 0.0 99649 0.0 161687 0.0 156802 0.0} {104631 0.0 99757 0.0 161784 0.0 156910 0.0} {104816 0.0 99984 0.0 161969 0.0 157137 0.0} {105188 0.0 100476 0.0 162341 0.0 157629 0.0} {105859 0.0 101349 0.0 163012 0.0 158502 0.0} {107034 0.0 102781 0.0 164187 0.0 159934 0.0} {109385 0.0 105646 0.0 166538 0.0 162799 0.0} {114085 0.0 111376 0.0 171238 0.0 168529 0.0}} {1 0 0 0 0 0 0 0 0 3133 3392 9523 9855 28786 29246 86576 87418} {0 0 1.0 5 0.0 1.0 1.0 1.0 1.0 4.6 1.9 2.0 31 30 61 60 2000 1 2 2 0 0 0 0 0 0 0 0 -111111111 X 0 0} 0 {2 0 X} {-111111111 -111111111}
::rc_st::fg::map_reify_hier_drvr_info {1 . B 23} {2 -1840559247 -340034827} {{104379 0.0 100496 0.0 161532 0.0 157649 0.0} {104497 0.0 100603 0.0 161650 0.0 157756 0.0} {104726 0.0 100840 0.0 161879 0.0 157993 0.0} {105146 0.0 101302 0.0 162299 0.0 158455 0.0} {105776 0.0 102027 0.0 162929 0.0 159180 0.0} {106790 0.0 103145 0.0 163943 0.0 160298 0.0} {108818 0.0 105382 0.0 165971 0.0 162535 0.0} {112874 0.0 109856 0.0 170027 0.0 167009 0.0}} {1 0 0 0 0 0 0 0 0 2704 2667 7900 7458 23487 21831 70248 64949} {0 0 1.0 5 0.0 1.0 1.0 1.0 1.0 4.6 1.9 2.0 30 30 30 30 1000 1 1 1 0 0 0 0 0 0 0 0 -111111111 X 0 0} 0 {2 0 X} {-111111111 -111111111}
::rc_st::fg::map_reify_hier_drvr_info {1 . B 24} {2 -1840559247 -340034827} {{100281 0.0 96604 0.0 157434 0.0 153757 0.0} {100399 0.0 96711 0.0 157552 0.0 153864 0.0} {100630 0.0 96948 0.0 157783 0.0 154101 0.0} {101055 0.0 97415 0.0 158208 0.0 154568 0.0} {101695 0.0 98156 0.0 158848 0.0 155309 0.0} {102725 0.0 99307 0.0 159878 0.0 156460 0.0} {104786 0.0 101610 0.0 161939 0.0 158763 0.0} {108907 0.0 106212 0.0 166060 0.0 163365 0.0}} {1 0 0 0 0 0 0 0 0 2749 2744 8034 7694 23888 22545 71450 67099} {0 0 1.0 5 0.0 1.0 1.0 1.0 1.0 4.6 1.9 2.0 30 30 30 30 1000 1 1 1 0 0 0 0 0 0 0 0 -111111111 X 0 0} 0 {2 0 X} {-111111111 -111111111}
::rc_st::fg::map_reify_hier_drvr_info {1 . B 25} {2 -1840559247 -340034827} {{104242 0.0 99843 0.0 161395 0.0 156996 0.0} {104360 0.0 99950 0.0 161513 0.0 157103 0.0} {104591 0.0 100187 0.0 161744 0.0 157340 0.0} {105016 0.0 100654 0.0 162169 0.0 157807 0.0} {105656 0.0 101395 0.0 162809 0.0 158548 0.0} {106686 0.0 102546 0.0 163839 0.0 159699 0.0} {108747 0.0 104849 0.0 165900 0.0 162002 0.0} {112868 0.0 109451 0.0 170021 0.0 166604 0.0}} {1 0 0 0 0 0 0 0 0 2749 2744 8034 7694 23888 22545 71450 67099} {0 0 1.0 5 0.0 1.0 1.0 1.0 1.0 4.6 1.9 2.0 30 30 30 30 1000 1 1 1 0 0 0 0 0 0 0 0 -111111111 X 0 0} 0 {2 0 X} {-111111111 -111111111}
::rc_st::fg::map_reify_hier_drvr_info {1 . B 26} {2 -1840559247 -340034827} {{110437 0.0 105318 0.0 167590 0.0 162471 0.0} {110555 0.0 105425 0.0 167708 0.0 162578 0.0} {110784 0.0 105662 0.0 167937 0.0 162815 0.0} {111204 0.0 106124 0.0 168357 0.0 163277 0.0} {111834 0.0 106849 0.0 168987 0.0 164002 0.0} {112848 0.0 107967 0.0 170001 0.0 165120 0.0} {114876 0.0 110204 0.0 172029 0.0 167357 0.0} {118932 0.0 114678 0.0 176085 0.0 171831 0.0}} {1 0 0 0 0 0 0 0 0 2704 2667 7900 7458 23487 21831 70248 64949} {0 0 1.0 5 0.0 1.0 1.0 1.0 1.0 4.6 1.9 2.0 30 30 30 30 1000 1 1 1 0 0 0 0 0 0 0 0 -111111111 X 0 0} 0 {2 0 X} {-111111111 -111111111}
::rc_st::fg::map_reify_hier_drvr_info {1 . B 27} {2 -1840559247 -340034827} {{107657 0.0 104988 0.0 164810 0.0 162141 0.0} {107755 0.0 105083 0.0 164908 0.0 162236 0.0} {107940 0.0 105253 0.0 165093 0.0 162406 0.0} {108315 0.0 105584 0.0 165468 0.0 162737 0.0} {109049 0.0 106268 0.0 166202 0.0 163421 0.0} {110523 0.0 107662 0.0 167676 0.0 164815 0.0} {113471 0.0 110449 0.0 170624 0.0 167602 0.0} {119366 0.0 116024 0.0 176519 0.0 173177 0.0}} {1 0 0 0 0 0 0 0 0 3822 3665 11592 10792 34902 32678 104833 98338} {0 0 1.0 5 0.0 1.0 1.0 1.0 1.0 4.6 1.9 2.0 31 30 61 60 2000 1 2 2 0 0 0 0 0 0 0 0 -111111111 X 0 0} 0 {2 0 X} {-111111111 -111111111}
::rc_st::fg::map_reify_hier_drvr_info {1 . B 28} {2 -1840559247 -340034827} {{108774 0.0 105036 0.0 165927 0.0 162189 0.0} {108890 0.0 105142 0.0 166043 0.0 162295 0.0} {109093 0.0 105369 0.0 166246 0.0 162522 0.0} {109455 0.0 105789 0.0 166608 0.0 162942 0.0} {109988 0.0 106387 0.0 167141 0.0 163540 0.0} {110892 0.0 107277 0.0 168045 0.0 164430 0.0} {112950 0.0 109057 0.0 170103 0.0 166210 0.0} {117067 0.0 112616 0.0 174220 0.0 169769 0.0}} {1 0 0 0 0 0 0 0 0 2660 2170 7954 6023 23837 17582 71486 52260} {0 0 1.0 5 0.0 1.0 1.0 1.0 1.0 4.6 1.9 2.0 60 60 90 90 2000 1 2 2 0 0 0 0 0 0 0 0 -111111111 X 0 0} 0 {2 0 X} {-111111111 -111111111}
::rc_st::fg::map_reify_hier_drvr_info {1 . B 29} {2 -1840559247 -340034827} {{113301 0.0 108502 0.0 170454 0.0 165655 0.0} {113419 0.0 108609 0.0 170572 0.0 165762 0.0} {113648 0.0 108846 0.0 170801 0.0 165999 0.0} {114068 0.0 109308 0.0 171221 0.0 166461 0.0} {114698 0.0 110033 0.0 171851 0.0 167186 0.0} {115712 0.0 111151 0.0 172865 0.0 168304 0.0} {117740 0.0 113388 0.0 174893 0.0 170541 0.0} {121796 0.0 117862 0.0 178949 0.0 175015 0.0}} {1 0 0 0 0 0 0 0 0 2704 2667 7900 7458 23487 21831 70248 64949} {0 0 1.0 5 0.0 1.0 1.0 1.0 1.0 4.6 1.9 2.0 30 30 30 30 1000 1 1 1 0 0 0 0 0 0 0 0 -111111111 X 0 0} 0 {2 0 X} {-111111111 -111111111}
::rc_st::fg::map_reify_hier_drvr_info {1 . B 30} {2 -1840559247 -340034827} {{114759 0.0 110295 0.0 171912 0.0 167448 0.0} {114877 0.0 110402 0.0 172030 0.0 167555 0.0} {115108 0.0 110639 0.0 172261 0.0 167792 0.0} {115533 0.0 111106 0.0 172686 0.0 168259 0.0} {116173 0.0 111847 0.0 173326 0.0 169000 0.0} {117203 0.0 112998 0.0 174356 0.0 170151 0.0} {119264 0.0 115301 0.0 176417 0.0 172454 0.0} {123385 0.0 119903 0.0 180538 0.0 177056 0.0}} {1 0 0 0 0 0 0 0 0 2749 2744 8034 7694 23888 22545 71450 67099} {0 0 1.0 5 0.0 1.0 1.0 1.0 1.0 4.6 1.9 2.0 30 30 30 30 1000 1 1 1 0 0 0 0 0 0 0 0 -111111111 X 0 0} 0 {2 0 X} {-111111111 -111111111}
::rc_st::fg::map_reify_hier_drvr_info {1 . B 31} {2 -1840559247 -340034827} {{115938 0.0 112086 0.0 173091 0.0 169239 0.0} {116036 0.0 112192 0.0 173189 0.0 169345 0.0} {116217 0.0 112412 0.0 173370 0.0 169565 0.0} {116540 0.0 112864 0.0 173693 0.0 170017 0.0} {117062 0.0 113680 0.0 174215 0.0 170833 0.0} {117922 0.0 115076 0.0 175075 0.0 172229 0.0} {119642 0.0 117869 0.0 176795 0.0 175022 0.0} {123082 0.0 123455 0.0 180235 0.0 180608 0.0}} {1 0 0 0 0 0 0 0 0 4263 4314 13156 12987 39835 39281 119873 119319} {0 0 1.0 5 0.0 1.0 1.0 1.0 1.0 4.6 1.9 2.0 26 26 44 44 2000 1 2 2 0 0 0 0 0 0 0 0 -111111111 X 0 0} 0 {2 0 X} {-111111111 -111111111}
::rc_st::fg::map_slackq_result default {}
::rc_st::fg::map_slackq_result clk {{1 . A 7} 0 {1 . B 10} 0 {1 . B 0} 0 {1 . A 18} 0 {1 . B 7} 0 {1 . A 2} 0 {1 . B 3} 0 {1 . A 27} 0 {1 . A 10} 0 {1 . A 16} 0 {1 . B 15} 0 {1 . A 11} 0 {1 . A 5} 0 {1 . B 20} 0 {1 . A 25} 0 {1 . A 19} 0 {1 . B 18} 0 {1 . B 4} 0 {1 . B 28} 0 {1 . A 9} 0 {1 . B 21} 0 {1 . A 22} 0 {1 . A 12} 0 {1 . B 25} 0 {1 . B 1} 0 {1 . A 6} 0 {1 . B 24} 0 {1 . B 14} 0 {1 . B 13} 0 {1 . B 12} 0 {1 . B 29} 0 {1 . A 21} 0 {1 . B 9} 0 {1 . B 23} 0 {1 . A 30} 0 {1 . B 19} 0 {1 . B 5} 0 {1 . A 8} 0 {1 . B 26} 0 {1 . B 2} 0 {1 . A 17} 0 {1 . B 30} 0 {1 . A 26} 0 {1 . B 6} 0 {1 . A 23} 0 {1 . A 24} 0 {1 . A 31} 0 {1 . A 29} 0 {1 . B 11} 0 {1 . A 20} 0 {1 . B 27} 0 {1 . A 0} 0 {1 . B 16} 0 {1 . A 4} 0 {1 . A 14} 0 {1 . B 22} 0 {1 . B 31} 0 {1 . A 28} 0 {1 . A 1} 0 {1 . B 8} 0 {1 . A 15} 0 {1 . B 17} 0 {1 . A 13} 0 {1 . A 3} 0}
::rc_st::fg::map_complete
